14	3	2	1006	0	0	0	0
59	48	37	1027	0	0	0	0
0	0	1	1004	0	0	0	0
54	22	19	1016	0	0	0	0
2	4	4	1004	0	0	0	0
86	27	21	1012	0	0	0	0
148	74	65	1038	0	0	0	0
32	11	6	1014	0	0	0	0
21	8	13	1006	0	0	0	0
69	19	26	1021	0	0	0	0
11	5	6	1005	0	0	0	0
26	24	20	1012	0	0	0	0
1	1	3	1005	0	0	0	0
30	10	14	1009	0	0	0	0
264	133	121	1056	0	0	0	0
11	1	5	1006	0	0	0	0
10	8	4	1010	0	0	0	0
12	11	9	1011	0	0	0	0
9	0	2	1005	0	0	0	0
255	104	103	1052	0	0	0	0
1	0	0	1007	0	0	0	0
90	38	47	1018	0	0	0	0
17	4	3	1009	0	0	0	0
12	3	1	1007	0	0	0	0
6	1	3	1006	0	0	0	0
92	48	31	1018	0	0	0	0
1	0	0	1004	0	0	0	0
427	215	210	1084	0	0	0	0
320	114	128	1058	0	0	0	0
15	6	4	1009	0	0	0	0
264	142	102	1061	0	0	0	0
13	1	7	1005	0	0	0	0
33	17	5	1006	0	0	0	0
268	112	130	1036	0	0	0	0
551	201	220	1095	0	0	0	0
227	111	97	1056	0	0	0	0
2	0	1	1004	0	0	0	0
1	2	1	1004	0	0	0	0
165	95	62	1030	0	0	0	0
202	76	88	1038	0	0	0	0
39	16	29	1010	0	0	0	0
141	67	56	1028	0	0	0	0
17	5	4	1012	0	0	0	0
34	17	14	1013	0	0	0	0
1	2	3	1014	0	0	0	0
7	1	2	1012	0	0	0	0
157	111	72	1017	0	0	0	0
32	15	18	1009	0	0	0	0
168	77	46	1030	0	0	0	0
276	113	101	1040	0	0	0	0
29	17	12	1010	0	0	0	0
1	0	0	1004	0	0	0	0
157	55	59	1048	0	0	0	0
66	19	25	1013	0	0	0	0
22	2	10	1004	0	0	0	0
137	56	51	1036	0	0	0	0
640	286	258	1102	0	0	0	0
501	248	194	1094	0	0	0	0
9	9	5	1009	0	0	0	0
168	94	60	1025	0	0	0	0
62	18	17	1007	0	0	0	0
1	0	2	1004	0	0	0	0
17	6	13	1008	0	0	0	0
5	8	0	1008	0	0	0	0
354	159	165	1075	0	0	0	0
228	94	103	1033	0	0	0	0
198	68	85	1043	0	0	0	0
173	102	73	1033	0	0	0	0
0	0	0	1004	0	0	0	0
4	2	2	1005	0	0	0	0
10	3	2	1007	0	0	0	0
74	28	21	1020	0	0	0	0
11	2	4	1007	0	0	0	0
33	19	16	1008	0	0	0	0
379	189	150	1084	0	0	0	0
2	0	0	1004	0	0	0	0
226	104	99	1040	0	0	0	0
416	177	115	1068	0	0	0	0
17	5	7	1004	0	0	0	0
22	16	8	1010	0	0	0	0
64	25	26	1022	0	0	0	0
72	28	27	1018	0	0	0	0
1	0	0	1004	0	0	0	0
52	29	22	1017	0	0	0	0
14	6	7	1010	0	0	0	0
399	169	162	1062	0	0	0	0
24	8	11	1009	0	0	0	0
14	6	3	1011	0	0	0	0
96	49	47	1031	0	0	0	0
230	97	92	1045	0	0	0	0
4	1	6	1007	0	0	0	0
41	18	24	1019	0	0	0	0
134	54	48	1031	0	0	0	0
535	223	203	1095	0	0	0	0
326	161	141	1059	0	0	0	0
241	133	83	1046	0	0	0	0
207	94	81	1043	0	0	0	0
0	0	0	1004	0	0	0	0
15	7	5	1010	0	0	0	0
7	0	5	1006	0	0	0	0
6	2	1	1005	0	0	0	0
2	0	0	1005	0	0	0	0
42	9	15	1012	0	0	0	0
236	76	82	1040	0	0	0	0
15	9	9	1008	0	0	0	0
313	113	132	1067	0	0	0	0
2	3	2	1005	0	0	0	0
14	1	2	1007	0	0	0	0
69	19	27	1026	0	0	0	0
1	0	0	1004	0	0	0	0
86	37	31	1027	0	0	0	0
462	227	205	1068	0	0	0	0
8	1	3	1005	0	0	0	0
397	207	157	1060	0	0	0	0
89	40	49	1018	0	0	0	0
265	131	139	1052	0	0	0	0
220	121	105	1050	0	0	0	0
3	2	1	1006	0	0	0	0
6	4	2	1006	0	0	0	0
0	0	0	1005	0	0	0	0
105	41	35	1012	0	0	0	0
164	90	73	1028	0	0	0	0
5	1	0	1004	0	0	0	0
3	1	0	1006	0	0	0	0
135	50	68	1039	0	0	0	0
318	170	144	1045	0	0	0	0
255	117	113	1055	0	0	0	0
10	2	2	1005	0	0	0	0
6	0	0	1006	0	0	0	0
296	138	111	1049	0	0	0	0
11	6	5	1009	0	0	0	0
346	171	178	1057	0	0	0	0
0	0	1	1004	0	0	0	0
96	55	32	1025	0	0	0	0
500	194	211	1083	0	0	0	0
94	42	29	1018	0	0	0	0
1	0	0	1004	0	0	0	0
42	22	25	1011	0	0	0	0
333	190	131	1051	0	0	0	0
561	258	226	1110	0	0	0	0
32	20	9	1009	0	0	0	0
277	109	107	1047	0	0	0	0
468	182	172	1104	0	0	0	0
14	6	6	1007	0	0	0	0
174	75	85	1041	0	0	0	0
343	146	125	1061	0	0	0	0
241	122	86	1033	0	0	0	0
129	64	33	1025	0	0	0	0
35	21	17	1015	0	0	0	0
65	23	29	1022	0	0	0	0
14	17	12	1007	0	0	0	0
7	5	2	1005	0	0	0	0
0	0	1	1004	0	0	0	0
7	3	3	1012	0	0	0	0
288	120	100	1032	0	0	0	0
163	61	70	1031	0	0	0	0
78	27	24	1021	0	0	0	0
25	10	13	1013	0	0	0	0
224	95	85	1040	0	0	0	0
16	4	8	1005	0	0	0	0
413	206	174	1075	0	0	0	0
9	2	4	1004	0	0	0	0
1	0	0	1006	0	0	0	0
3	1	1	1004	0	0	0	0
6	3	3	1009	0	0	0	0
137	71	64	1032	0	0	0	0
155	73	83	1028	0	0	0	0
2	0	0	1004	0	0	0	0
257	114	113	1055	0	0	0	0
112	49	52	1017	0	0	0	0
8	4	0	1010	0	0	0	0
1	4	3	1007	0	0	0	0
164	66	57	1037	0	0	0	0
218	71	84	1031	0	0	0	0
318	164	133	1052	0	0	0	0
9	6	3	1006	0	0	0	0
273	125	98	1049	0	0	0	0
57	23	24	1018	0	0	0	0
252	121	95	1033	0	0	0	0
114	50	50	1027	0	0	0	0
1	0	1	1009	0	0	0	0
178	78	59	1037	0	0	0	0
19	9	13	1015	0	0	0	0
118	53	49	1025	0	0	0	0
261	143	87	1051	0	0	0	0
14	7	7	1008	0	0	0	0
27	5	9	1012	0	0	0	0
7	8	4	1010	0	0	0	0
1	2	0	1005	0	0	0	0
8	2	3	1004	0	0	0	0
157	68	70	1045	0	0	0	0
308	134	130	1040	0	0	0	0
382	167	150	1071	0	0	0	0
495	204	183	1098	0	0	0	0
261	143	105	1039	0	0	0	0
156	77	58	1038	0	0	0	0
7	1	1	1006	0	0	0	0
135	76	52	1031	0	0	0	0
453	186	161	1076	0	0	0	0
4	0	0	1005	0	0	0	0
190	84	91	1031	0	0	0	0
229	90	84	1046	0	0	0	0
432	209	157	1088	0	0	0	0
6	1	5	1004	0	0	0	0
10	2	0	1007	0	0	0	0
331	127	133	1054	0	0	0	0
41	15	23	1024	0	0	0	0
119	39	54	1020	0	0	0	0
10	1	5	1005	0	0	0	0
328	159	127	1048	0	0	0	0
236	104	91	1030	0	0	0	0
375	154	132	1076	0	0	0	0
45	11	17	1014	0	0	0	0
51	33	25	1008	0	0	0	0
2	1	1	1005	0	0	0	0
249	105	108	1060	0	0	0	0
224	111	104	1032	0	0	0	0
228	100	90	1034	0	0	0	0
8	3	1	1010	0	0	0	0
86	36	20	1015	0	0	0	0
2	0	0	1004	0	0	0	0
5	10	0	1005	0	0	0	0
385	154	159	1053	0	0	0	0
25	16	14	1013	0	0	0	0
506	217	197	1096	0	0	0	0
2	0	1	1004	0	0	0	0
5	2	1	1008	0	0	0	0
1	0	0	1004	0	0	0	0
194	102	91	1036	0	0	0	0
305	171	124	1058	0	0	0	0
99	43	39	1034	0	0	0	0
91	33	49	1024	0	0	0	0
25	10	7	1008	0	0	0	0
215	132	77	1037	0	0	0	0
171	67	62	1017	0	0	0	0
10	4	4	1004	0	0	0	0
9	10	4	1005	0	0	0	0
57	30	15	1021	0	0	0	0
15	16	5	1013	0	0	0	0
346	160	173	1069	0	0	0	0
348	172	134	1096	0	0	0	0
0	0	0	1004	0	0	0	0
97	52	28	1027	0	0	0	0
136	74	57	1030	0	0	0	0
23	12	12	1007	0	0	0	0
251	113	111	1027	0	0	0	0
8	2	2	1004	0	0	0	0
38	24	14	1013	0	0	0	0
48	17	17	1014	0	0	0	0
415	189	163	1067	0	0	0	0
3	1	1	1004	0	0	0	0
94	27	43	1014	0	0	0	0
14	3	10	1010	0	0	0	0
154	47	48	1018	0	0	0	0
17	9	3	1013	0	0	0	0
44	23	26	1013	0	0	0	0
70	37	27	1015	0	0	0	0
1	0	0	1004	0	0	0	0
0	0	1	1004	0	0	0	0
338	155	160	1049	0	0	0	0
1	1	3	1006	0	0	0	0
18	5	4	1011	0	0	0	0
7	4	6	1006	0	0	0	0
349	169	144	1048	0	0	0	0
31	8	11	1009	0	0	0	0
2	1	2	1007	0	0	0	0
328	151	137	1059	0	0	0	0
2	3	3	1004	0	0	0	0
94	42	28	1025	0	0	0	0
24	13	4	1008	0	0	0	0
288	154	127	1046	0	0	0	0
246	140	97	1048	0	0	0	0
163	64	59	1035	0	0	0	0
1	0	0	1004	0	0	0	0
564	217	249	1087	0	0	0	0
271	145	137	1053	0	0	0	0
309	170	144	1064	0	0	0	0
82	37	32	1022	0	0	0	0
0	0	3	1006	0	0	0	0
8	0	2	1005	0	0	0	0
4	0	2	1005	0	0	0	0
226	121	128	1048	0	0	0	0
180	86	94	1042	0	0	0	0
13	1	3	1008	0	0	0	0
161	94	84	1042	0	0	0	0
2	0	1	1004	0	0	0	0
183	66	70	1038	0	0	0	0
10	11	6	1007	0	0	0	0
487	291	223	1104	0	0	0	0
3	0	1	1006	0	0	0	0
69	27	32	1019	0	0	0	0
68	35	23	1015	0	0	0	0
158	50	65	1044	0	0	0	0
100	35	27	1020	0	0	0	0
2	2	0	1007	0	0	0	0
147	66	69	1021	0	0	0	0
23	15	13	1006	0	0	0	0
241	147	117	1046	0	0	0	0
13	6	9	1007	0	0	0	0
133	55	47	1017	0	0	0	0
56	17	30	1015	0	0	0	0
4	0	4	1004	0	0	0	0
266	120	108	1040	0	0	0	0
144	78	56	1021	0	0	0	0
181	59	64	1038	0	0	0	0
398	210	154	1055	0	0	0	0
207	77	83	1031	0	0	0	0
8	0	3	1005	0	0	0	0
0	0	0	1005	0	0	0	0
271	131	107	1038	0	0	0	0
235	81	95	1061	0	0	0	0
12	1	8	1005	0	0	0	0
161	63	74	1035	0	0	0	0
1	0	1	1004	0	0	0	0
311	140	151	1052	0	0	0	0
0	0	0	1004	0	0	0	0
46	35	15	1010	0	0	0	0
35	24	15	1020	0	0	0	0
11	7	11	1010	0	0	0	0
164	89	58	1023	0	0	0	0
2	1	0	1007	0	0	0	0
79	30	35	1027	0	0	0	0
176	60	95	1026	0	0	0	0
0	0	0	1005	0	0	0	0
358	170	128	1068	0	0	0	0
7	1	2	1007	0	0	0	0
34	8	8	1009	0	0	0	0
80	35	37	1010	0	0	0	0
19	2	9	1004	0	0	0	0
270	119	113	1040	0	0	0	0
192	108	102	1037	0	0	0	0
228	88	82	1050	0	0	0	0
133	66	42	1048	0	0	0	0
0	1	0	1006	0	0	0	0
302	112	110	1063	0	0	0	0
105	43	49	1036	0	0	0	0
374	185	158	1074	0	0	0	0
12	5	5	1011	0	0	0	0
143	61	49	1035	0	0	0	0
46	24	13	1014	0	0	0	0
48	17	21	1019	0	0	0	0
137	96	56	1030	0	0	0	0
65	25	28	1021	0	0	0	0
46	31	13	1014	0	0	0	0
224	91	81	1049	0	0	0	0
356	158	116	1083	0	0	0	0
2	2	2	1005	0	0	0	0
2	2	2	1005	0	0	0	0
298	142	148	1070	0	0	0	0
255	118	118	1049	0	0	0	0
60	24	21	1025	0	0	0	0
4	0	1	1006	0	0	0	0
4	0	0	1004	0	0	0	0
5	0	1	1005	0	0	0	0
91	47	39	1015	0	0	0	0
222	91	97	1045	0	0	0	0
96	52	48	1021	0	0	0	0
16	7	1	1009	0	0	0	0
53	23	21	1022	0	0	0	0
1	0	2	1004	0	0	0	0
276	148	130	1050	0	0	0	0
19	5	11	1004	0	0	0	0
124	59	48	1015	0	0	0	0
10	1	2	1006	0	0	0	0
79	33	43	1017	0	0	0	0
60	23	28	1028	0	0	0	0
4	0	0	1006	0	0	0	0
36	11	20	1009	0	0	0	0
48	22	27	1013	0	0	0	0
315	159	124	1055	0	0	0	0
4	0	0	1004	0	0	0	0
329	145	129	1057	0	0	0	0
7	0	1	1006	0	0	0	0
0	0	0	1005	0	0	0	0
226	88	78	1047	0	0	0	0
276	114	88	1040	0	0	0	0
496	231	211	1080	0	0	0	0
247	115	101	1052	0	0	0	0
152	74	61	1019	0	0	0	0
4	1	0	1006	0	0	0	0
547	255	252	1088	0	0	0	0
203	99	89	1041	0	0	0	0
258	98	91	1035	0	0	0	0
2	0	0	1004	0	0	0	0
22	9	7	1009	0	0	0	0
306	116	134	1044	0	0	0	0
3	1	0	1006	0	0	0	0
293	150	153	1079	0	0	0	0
521	202	216	1103	0	0	0	0
6	1	2	1007	0	0	0	0
224	89	123	1054	0	0	0	0
53	18	17	1013	0	0	0	0
37	23	19	1015	0	0	0	0
3	1	0	1007	0	0	0	0
4	3	1	1009	0	0	0	0
101	54	41	1029	0	0	0	0
8	3	3	1007	0	0	0	0
1	0	0	1005	0	0	0	0
64	41	28	1019	0	0	0	0
313	146	134	1052	0	0	0	0
4	6	3	1010	0	0	0	0
169	80	58	1025	0	0	0	0
161	99	77	1024	0	0	0	0
24	12	7	1016	0	0	0	0
69	33	23	1021	0	0	0	0
155	78	79	1026	0	0	0	0
3	4	1	1006	0	0	0	0
9	1	2	1004	0	0	0	0
178	92	90	1043	0	0	0	0
68	32	24	1017	0	0	0	0
194	65	74	1028	0	0	0	0
44	13	13	1011	0	0	0	0
380	149	170	1065	0	0	0	0
321	150	112	1060	0	0	0	0
14	8	4	1008	0	0	0	0
2	0	2	1005	0	0	0	0
254	141	139	1041	0	0	0	0
298	122	119	1045	0	0	0	0
106	41	23	1016	0	0	0	0
123	77	52	1037	0	0	0	0
3	1	4	1005	0	0	0	0
10	7	6	1006	0	0	0	0
251	137	127	1036	0	0	0	0
1	0	0	1004	0	0	0	0
49	36	23	1014	0	0	0	0
5	3	3	1004	0	0	0	0
298	149	117	1057	0	0	0	0
38	20	15	1011	0	0	0	0
90	43	31	1020	0	0	0	0
371	184	162	1083	0	0	0	0
506	248	185	1091	0	0	0	0
1	0	2	1004	0	0	0	0
236	115	90	1047	0	0	0	0
126	62	63	1033	0	0	0	0
309	128	121	1034	0	0	0	0
14	6	4	1006	0	0	0	0
255	120	99	1064	0	0	0	0
22	1	14	1009	0	0	0	0
121	70	67	1024	0	0	0	0
167	64	69	1024	0	0	0	0
80	36	21	1009	0	0	0	0
5	2	2	1007	0	0	0	0
6	2	1	1005	0	0	0	0
2	0	0	1004	0	0	0	0
295	160	116	1048	0	0	0	0
9	0	1	1007	0	0	0	0
379	178	147	1069	0	0	0	0
190	96	68	1031	0	0	0	0
334	150	131	1050	0	0	0	0
183	118	92	1028	0	0	0	0
4	2	0	1005	0	0	0	0
9	5	5	1005	0	0	0	0
20	11	6	1010	0	0	0	0
0	0	0	1004	0	0	0	0
23	14	11	1012	0	0	0	0
3	0	1	1006	0	0	0	0
2	0	0	1005	0	0	0	0
21	7	9	1012	0	0	0	0
4	1	1	1008	0	0	0	0
93	33	50	1021	0	0	0	0
182	80	86	1032	0	0	0	0
336	169	122	1056	0	0	0	0
14	5	1	1009	0	0	0	0
17	8	3	1007	0	0	0	0
7	1	2	1004	0	0	0	0
11	7	7	1007	0	0	0	0
269	102	110	1045	0	0	0	0
300	157	146	1048	0	0	0	0
5	1	3	1004	0	0	0	0
26	6	8	1008	0	0	0	0
340	151	132	1042	0	0	0	0
17	12	5	1005	0	0	0	0
9	10	4	1005	0	0	0	0
294	150	94	1049	0	0	0	0
390	139	155	1050	0	0	0	0
295	125	103	1052	0	0	0	0
53	38	33	1019	0	0	0	0
4	1	0	1004	0	0	0	0
445	190	192	1098	0	0	0	0
2	0	4	1004	0	0	0	0
232	107	87	1051	0	0	0	0
374	145	122	1071	0	0	0	0
11	9	5	1008	0	0	0	0
80	39	26	1012	0	0	0	0
154	80	61	1032	0	0	0	0
37	9	20	1018	0	0	0	0
24	19	15	1006	0	0	0	0
393	187	155	1070	0	0	0	0
18	4	6	1012	0	0	0	0
0	0	0	1004	0	0	0	0
446	149	163	1068	0	0	0	0
365	119	133	1052	0	0	0	0
7	6	7	1006	0	0	0	0
10	5	5	1008	0	0	0	0
22	12	7	1017	0	0	0	0
18	14	5	1006	0	0	0	0
31	12	11	1006	0	0	0	0
4	1	1	1004	0	0	0	0
8	3	0	1006	0	0	0	0
2	1	2	1004	0	0	0	0
7	1	1	1005	0	0	0	0
3	0	1	1004	0	0	0	0
3	0	2	1004	0	0	0	0
158	74	61	1027	0	0	0	0
5	1	0	1005	0	0	0	0
2	1	3	1006	0	0	0	0
34	4	9	1016	0	0	0	0
448	185	180	1065	0	0	0	0
209	106	90	1040	0	0	0	0
3	0	1	1004	0	0	0	0
4	0	1	1005	0	0	0	0
2	3	0	1009	0	0	0	0
1	0	1	1004	0	0	0	0
309	149	130	1064	0	0	0	0
1	0	0	1004	0	0	0	0
4	0	1	1005	0	0	0	0
64	30	27	1009	0	0	0	0
2	0	0	1004	0	0	0	0
4	0	4	1006	0	0	0	0
21	8	6	1009	0	0	0	0
3	5	2	1005	0	0	0	0
174	76	51	1049	0	0	0	0
10	1	4	1008	0	0	0	0
193	86	70	1039	0	0	0	0
9	2	1	1006	0	0	0	0
131	92	76	1023	0	0	0	0
27	7	4	1007	0	0	0	0
224	101	87	1037	0	0	0	0
10	1	5	1006	0	0	0	0
117	50	44	1014	0	0	0	0
29	11	11	1005	0	0	0	0
26	14	18	1011	0	0	0	0
2	1	3	1005	0	0	0	0
22	8	8	1013	0	0	0	0
12	4	9	1005	0	0	0	0
220	94	98	1046	0	0	0	0
157	52	56	1016	0	0	0	0
79	37	38	1020	0	0	0	0
193	94	85	1037	0	0	0	0
8	0	5	1004	0	0	0	0
43	19	19	1005	0	0	0	0
75	24	20	1021	0	0	0	0
52	34	30	1005	0	0	0	0
462	191	223	1100	0	0	0	0
47	36	25	1011	0	0	0	0
32	26	19	1005	0	0	0	0
7	2	2	1008	0	0	0	0
1	2	0	1004	0	0	0	0
288	130	117	1059	0	0	0	0
120	47	51	1028	0	0	0	0
179	68	69	1041	0	0	0	0
5	2	0	1006	0	0	0	0
7	4	2	1007	0	0	0	0
116	48	49	1035	0	0	0	0
3	0	0	1009	0	0	0	0
81	40	20	1017	0	0	0	0
390	167	162	1078	0	0	0	0
415	181	175	1085	0	0	0	0
0	0	0	1004	0	0	0	0
35	13	8	1007	0	0	0	0
27	12	9	1006	0	0	0	0
29	30	8	1011	0	0	0	0
65	45	32	1018	0	0	0	0
154	94	61	1036	0	0	0	0
382	194	159	1050	0	0	0	0
113	40	51	1022	0	0	0	0
115	60	50	1030	0	0	0	0
403	195	158	1065	0	0	0	0
30	5	14	1004	0	0	0	0
1	0	0	1005	0	0	0	0
5	4	2	1006	0	0	0	0
134	47	63	1020	0	0	0	0
93	44	49	1015	0	0	0	0
404	179	170	1073	0	0	0	0
69	33	32	1038	0	0	0	0
117	68	43	1037	0	0	0	0
81	43	46	1022	0	0	0	0
2	0	1	1004	0	0	0	0
128	68	58	1019	0	0	0	0
2	0	0	1005	0	0	0	0
5	1	0	1004	0	0	0	0
70	26	25	1021	0	0	0	0
0	0	0	1004	0	0	0	0
140	52	41	1025	0	0	0	0
232	103	72	1049	0	0	0	0
8	5	3	1007	0	0	0	0
2	0	0	1005	0	0	0	0
41	12	13	1015	0	0	0	0
232	112	101	1058	0	0	0	0
16	1	9	1014	0	0	0	0
199	79	75	1045	0	0	0	0
4	4	3	1008	0	0	0	0
12	3	5	1010	0	0	0	0
6	0	4	1005	0	0	0	0
28	19	15	1014	0	0	0	0
266	90	96	1041	0	0	0	0
14	1	2	1006	0	0	0	0
10	2	1	1007	0	0	0	0
274	123	131	1033	0	0	0	0
8	3	4	1007	0	0	0	0
13	4	5	1005	0	0	0	0
129	61	51	1032	0	0	0	0
75	37	33	1021	0	0	0	0
193	76	98	1033	0	0	0	0
234	131	107	1046	0	0	0	0
4	0	0	1005	0	0	0	0
350	189	148	1095	0	0	0	0
208	91	99	1046	0	0	0	0
265	112	105	1060	0	0	0	0
126	53	60	1022	0	0	0	0
24	7	6	1011	0	0	0	0
155	65	58	1026	0	0	0	0
4	0	5	1005	0	0	0	0
1	1	1	1004	0	0	0	0
6	0	1	1007	0	0	0	0
347	171	161	1064	0	0	0	0
37	24	12	1018	0	0	0	0
18	4	9	1011	0	0	0	0
44	21	11	1004	0	0	0	0
8	4	10	1008	0	0	0	0
528	258	243	1082	0	0	0	0
70	48	31	1012	0	0	0	0
281	126	126	1037	0	0	0	0
12	3	7	1007	0	0	0	0
61	40	17	1015	0	0	0	0
334	179	144	1072	0	0	0	0
381	172	172	1073	0	0	0	0
1	1	0	1005	0	0	0	0
223	97	93	1045	0	0	0	0
371	147	148	1058	0	0	0	0
22	15	8	1013	0	0	0	0
292	137	127	1055	0	0	0	0
165	75	76	1027	0	0	0	0
7	2	3	1006	0	0	0	0
170	98	82	1031	0	0	0	0
8	2	2	1005	0	0	0	0
17	6	3	1005	0	0	0	0
273	120	125	1040	0	0	0	0
13	7	6	1008	0	0	0	0
200	81	96	1036	0	0	0	0
2	2	1	1004	0	0	0	0
314	135	123	1067	0	0	0	0
464	222	184	1093	0	0	0	0
2	1	0	1006	0	0	0	0
121	77	57	1016	0	0	0	0
93	47	32	1020	0	0	0	0
250	127	110	1037	0	0	0	0
43	18	14	1014	0	0	0	0
16	5	3	1007	0	0	0	0
3	4	2	1005	0	0	0	0
391	204	162	1075	0	0	0	0
401	158	146	1052	0	0	0	0
145	94	55	1022	0	0	0	0
352	135	151	1048	0	0	0	0
539	230	202	1106	0	0	0	0
1	0	0	1005	0	0	0	0
43	11	21	1016	0	0	0	0
26	11	7	1014	0	0	0	0
308	156	130	1062	0	0	0	0
14	16	10	1010	0	0	0	0
247	107	112	1045	0	0	0	0
1	1	1	1004	0	0	0	0
69	15	21	1010	0	0	0	0
23	10	12	1006	0	0	0	0
259	119	83	1049	0	0	0	0
56	20	15	1012	0	0	0	0
330	174	152	1061	0	0	0	0
51	13	25	1024	0	0	0	0
424	207	154	1060	0	0	0	0
309	158	126	1045	0	0	0	0
86	39	46	1013	0	0	0	0
301	115	117	1075	0	0	0	0
7	8	3	1005	0	0	0	0
78	34	28	1011	0	0	0	0
124	55	57	1037	0	0	0	0
6	0	0	1005	0	0	0	0
6	4	5	1007	0	0	0	0
9	2	4	1004	0	0	0	0
307	116	122	1044	0	0	0	0
11	3	11	1010	0	0	0	0
55	29	28	1021	0	0	0	0
284	119	116	1053	0	0	0	0
18	7	7	1010	0	0	0	0
34	11	23	1016	0	0	0	0
160	91	59	1024	0	0	0	0
44	21	21	1017	0	0	0	0
195	86	76	1044	0	0	0	0
1	3	3	1004	0	0	0	0
88	33	36	1021	0	0	0	0
1	2	4	1011	0	0	0	0
456	249	181	1091	0	0	0	0
44	21	15	1011	0	0	0	0
368	159	170	1088	0	0	0	0
44	23	17	1011	0	0	0	0
113	58	58	1017	0	0	0	0
20	16	12	1020	0	0	0	0
1	1	1	1005	0	0	0	0
174	72	82	1019	0	0	0	0
9	2	4	1008	0	0	0	0
6	0	2	1004	0	0	0	0
209	66	69	1031	0	0	0	0
158	68	58	1030	0	0	0	0
9	5	6	1009	0	0	0	0
1	0	1	1004	0	0	0	0
19	5	4	1007	0	0	0	0
2	0	0	1005	0	0	0	0
112	25	43	1026	0	0	0	0
182	104	65	1035	0	0	0	0
3	1	2	1008	0	0	0	0
156	58	57	1017	0	0	0	0
3	1	0	1004	0	0	0	0
133	73	55	1038	0	0	0	0
361	127	131	1047	0	0	0	0
43	23	18	1011	0	0	0	0
207	103	94	1038	0	0	0	0
3	2	0	1005	0	0	0	0
3	1	0	1005	0	0	0	0
60	46	38	1017	0	0	0	0
200	84	71	1027	0	0	0	0
113	34	41	1019	0	0	0	0
2	0	1	1005	0	0	0	0
268	138	92	1051	0	0	0	0
206	85	89	1044	0	0	0	0
7	3	1	1004	0	0	0	0
3	0	0	1006	0	0	0	0
3	0	0	1004	0	0	0	0
14	5	8	1009	0	0	0	0
2	0	4	1005	0	0	0	0
1	1	1	1004	0	0	0	0
2	0	0	1004	0	0	0	0
368	175	138	1043	0	0	0	0
184	72	64	1055	0	0	0	0
12	4	2	1007	0	0	0	0
278	119	105	1047	0	0	0	0
1	0	0	1005	0	0	0	0
84	29	29	1014	0	0	0	0
7	5	2	1006	0	0	0	0
3	1	3	1004	0	0	0	0
198	122	95	1052	0	0	0	0
303	144	121	1061	0	0	0	0
67	34	22	1015	0	0	0	0
16	3	4	1010	0	0	0	0
194	121	94	1036	0	0	0	0
1	0	0	1007	0	0	0	0
165	68	74	1019	0	0	0	0
0	0	2	1004	0	0	0	0
20	8	8	1005	0	0	0	0
295	123	112	1045	0	0	0	0
7	1	0	1004	0	0	0	0
256	122	124	1047	0	0	0	0
5	2	2	1005	0	0	0	0
161	94	72	1031	0	0	0	0
252	125	108	1045	0	0	0	0
2	1	1	1005	0	0	0	0
241	112	114	1037	0	0	0	0
144	42	53	1032	0	0	0	0
1	0	1	1004	0	0	0	0
0	0	0	1004	0	0	0	0
97	72	43	1040	0	0	0	0
209	97	110	1050	0	0	0	0
0	0	0	1004	0	0	0	0
130	75	52	1019	0	0	0	0
219	101	76	1027	0	0	0	0
5	3	1	1007	0	0	0	0
2	4	0	1004	0	0	0	0
33	13	14	1012	0	0	0	0
101	52	48	1024	0	0	0	0
296	157	131	1062	0	0	0	0
1	1	1	1007	0	0	0	0
502	219	206	1070	0	0	0	0
8	0	1	1007	0	0	0	0
431	201	167	1063	0	0	0	0
27	8	10	1007	0	0	0	0
17	6	4	1004	0	0	0	0
6	0	0	1005	0	0	0	0
232	106	95	1047	0	0	0	0
112	59	46	1027	0	0	0	0
105	61	42	1020	0	0	0	0
281	135	135	1055	0	0	0	0
4	0	0	1004	0	0	0	0
12	8	3	1007	0	0	0	0
139	82	81	1024	0	0	0	0
385	187	131	1057	0	0	0	0
92	37	31	1028	0	0	0	0
86	21	32	1019	0	0	0	0
242	106	93	1041	0	0	0	0
83	37	33	1024	0	0	0	0
176	72	62	1020	0	0	0	0
265	133	126	1046	0	0	0	0
4	2	2	1006	0	0	0	0
349	163	130	1067	0	0	0	0
205	86	65	1034	0	0	0	0
486	236	232	1107	0	0	0	0
9	3	8	1005	0	0	0	0
272	137	125	1060	0	0	0	0
302	122	103	1060	0	0	0	0
3	0	4	1005	0	0	0	0
2	1	0	1005	0	0	0	0
88	37	37	1026	0	0	0	0
106	59	34	1016	0	0	0	0
10	1	2	1005	0	0	0	0
8	3	4	1007	0	0	0	0
29	18	6	1008	0	0	0	0
47	18	24	1022	0	0	0	0
94	60	36	1019	0	0	0	0
292	163	96	1049	0	0	0	0
627	263	243	1085	0	0	0	0
32	8	15	1005	0	0	0	0
2	4	2	1011	0	0	0	0
27	19	16	1008	0	0	0	0
109	33	46	1021	0	0	0	0
219	113	101	1034	0	0	0	0
178	83	67	1034	0	0	0	0
25	13	10	1019	0	0	0	0
68	30	31	1015	0	0	0	0
190	64	64	1039	0	0	0	0
69	29	27	1012	0	0	0	0
7	3	6	1006	0	0	0	0
16	2	12	1010	0	0	0	0
367	180	138	1062	0	0	0	0
435	172	171	1062	0	0	0	0
5	3	2	1004	0	0	0	0
300	146	137	1058	0	0	0	0
8	0	3	1006	0	0	0	0
2	0	1	1007	0	0	0	0
13	6	7	1007	0	0	0	0
17	3	7	1009	0	0	0	0
5	4	3	1005	0	0	0	0
453	201	193	1094	0	0	0	0
4	1	0	1005	0	0	0	0
176	68	68	1028	0	0	0	0
39	7	12	1008	0	0	0	0
258	117	91	1035	0	0	0	0
9	3	4	1006	0	0	0	0
68	35	25	1020	0	0	0	0
11	21	6	1009	0	0	0	0
362	171	131	1064	0	0	0	0
217	95	81	1048	0	0	0	0
0	0	1	1005	0	0	0	0
383	159	164	1089	0	0	0	0
19	9	12	1006	0	0	0	0
486	245	174	1099	0	0	0	0
9	6	5	1011	0	0	0	0
541	200	198	1098	0	0	0	0
8	0	2	1008	0	0	0	0
1	0	0	1006	0	0	0	0
260	86	107	1053	0	0	0	0
244	85	104	1041	0	0	0	0
0	0	1	1005	0	0	0	0
26	8	10	1010	0	0	0	0
0	0	0	1004	0	0	0	0
1	1	2	1006	0	0	0	0
4	0	1	1004	0	0	0	0
57	17	18	1012	0	0	0	0
7	1	4	1009	0	0	0	0
125	82	67	1035	0	0	0	0
136	60	45	1017	0	0	0	0
66	26	29	1017	0	0	0	0
12	12	4	1011	0	0	0	0
3	0	5	1004	0	0	0	0
89	40	43	1018	0	0	0	0
46	17	22	1009	0	0	0	0
206	102	73	1042	0	0	0	0
207	92	76	1055	0	0	0	0
547	248	240	1089	0	0	0	0
37	22	29	1009	0	0	0	0
16	2	4	1006	0	0	0	0
48	10	23	1007	0	0	0	0
180	64	63	1025	0	0	0	0
203	121	77	1052	0	0	0	0
163	74	49	1026	0	0	0	0
8	8	2	1004	0	0	0	0
4	5	6	1006	0	0	0	0
0	0	1	1005	0	0	0	0
122	64	62	1042	0	0	0	0
0	0	1	1010	0	0	0	0
11	3	10	1005	0	0	0	0
17	7	2	1009	0	0	0	0
12	12	19	1013	0	0	0	0
22	3	8	1016	0	0	0	0
416	211	166	1097	0	0	0	0
1	0	0	1004	0	0	0	0
34	8	10	1012	0	0	0	0
66	20	13	1014	0	0	0	0
2	1	0	1004	0	0	0	0
22	12	18	1006	0	0	0	0
346	148	157	1069	0	0	0	0
165	84	73	1036	0	0	0	0
266	120	106	1035	0	0	0	0
6	2	4	1004	0	0	0	0
3	3	3	1004	0	0	0	0
68	20	34	1010	0	0	0	0
474	201	175	1071	0	0	0	0
3	1	2	1004	0	0	0	0
84	65	43	1017	0	0	0	0
14	4	1	1008	0	0	0	0
4	1	1	1012	0	0	0	0
179	83	82	1035	0	0	0	0
1	0	0	1004	0	0	0	0
57	27	26	1008	0	0	0	0
5	1	2	1009	0	0	0	0
69	25	18	1010	0	0	0	0
3	0	4	1004	0	0	0	0
369	167	141	1053	0	0	0	0
185	91	94	1031	0	0	0	0
6	1	2	1006	0	0	0	0
3	0	1	1004	0	0	0	0
126	47	62	1030	0	0	0	0
18	15	4	1015	0	0	0	0
59	33	19	1011	0	0	0	0
24	3	2	1009	0	0	0	0
188	89	93	1048	0	0	0	0
222	115	76	1028	0	0	0	0
94	66	46	1019	0	0	0	0
134	63	69	1021	0	0	0	0
21	9	8	1015	0	0	0	0
168	45	68	1020	0	0	0	0
11	2	2	1005	0	0	0	0
357	150	145	1059	0	0	0	0
71	19	34	1020	0	0	0	0
78	39	32	1021	0	0	0	0
68	34	24	1015	0	0	0	0
1	0	0	1006	0	0	0	0
16	0	2	1009	0	0	0	0
211	99	83	1027	0	0	0	0
3	2	0	1004	0	0	0	0
0	0	0	1005	0	0	0	0
1	0	0	1005	0	0	0	0
9	3	2	1005	0	0	0	0
4	1	3	1005	0	0	0	0
68	46	21	1018	0	0	0	0
334	177	151	1064	0	0	0	0
37	28	12	1011	0	0	0	0
52	19	16	1013	0	0	0	0
46	21	22	1009	0	0	0	0
403	152	165	1072	0	0	0	0
156	83	70	1033	0	0	0	0
116	31	43	1030	0	0	0	0
117	59	53	1024	0	0	0	0
23	12	15	1010	0	0	0	0
128	70	43	1026	0	0	0	0
11	4	6	1007	0	0	0	0
311	178	125	1064	0	0	0	0
91	26	28	1050	0	0	0	0
4	4	2	1006	0	0	0	0
4	0	1	1004	0	0	0	0
20	10	5	1012	0	0	0	0
12	10	4	1009	0	0	0	0
5	3	1	1007	0	0	0	0
51	12	24	1013	0	0	0	0
120	65	52	1018	0	0	0	0
0	0	2	1004	0	0	0	0
4	3	0	1007	0	0	0	0
114	61	52	1023	0	0	0	0
1	1	0	1004	0	0	0	0
150	67	62	1021	0	0	0	0
12	7	4	1010	0	0	0	0
227	151	94	1035	0	0	0	0
13	7	9	1010	0	0	0	0
23	20	14	1008	0	0	0	0
267	118	117	1059	0	0	0	0
34	16	19	1012	0	0	0	0
2	0	0	1004	0	0	0	0
357	173	165	1068	0	0	0	0
491	245	206	1086	0	0	0	0
316	157	117	1062	0	0	0	0
186	54	60	1032	0	0	0	0
7	3	2	1008	0	0	0	0
112	66	42	1026	0	0	0	0
51	30	27	1019	0	0	0	0
50	23	24	1015	0	0	0	0
4	5	1	1006	0	0	0	0
2	0	1	1004	0	0	0	0
24	8	16	1008	0	0	0	0
52	19	18	1007	0	0	0	0
4	0	0	1006	0	0	0	0
115	60	44	1027	0	0	0	0
53	43	29	1018	0	0	0	0
38	13	15	1013	0	0	0	0
7	2	3	1006	0	0	0	0
20	5	7	1009	0	0	0	0
21	22	20	1015	0	0	0	0
53	26	12	1016	0	0	0	0
145	46	59	1025	0	0	0	0
5	0	1	1006	0	0	0	0
1	0	0	1004	0	0	0	0
252	130	100	1062	0	0	0	0
2	0	0	1004	0	0	0	0
62	26	31	1010	0	0	0	0
362	145	133	1074	0	0	0	0
40	19	15	1008	0	0	0	0
173	69	57	1051	0	0	0	0
5	1	2	1004	0	0	0	0
176	75	62	1022	0	0	0	0
45	37	15	1018	0	0	0	0
73	34	22	1016	0	0	0	0
40	15	20	1010	0	0	0	0
3	0	1	1004	0	0	0	0
231	115	71	1041	0	0	0	0
7	4	1	1009	0	0	0	0
