14	3	2	1006	0	0	0	0
335	199	163	1061	0	0	0	0
0	0	1	1004	0	0	0	0
450	191	163	1104	0	0	0	0
2	4	4	1004	0	0	0	0
16	11	5	1007	0	0	0	0
416	180	222	1054	0	0	0	0
458	248	198	1091	0	0	0	0
101	56	46	1023	0	0	0	0
184	82	93	1050	0	0	0	0
11	5	6	1005	0	0	0	0
16	13	15	1008	0	0	0	0
1	1	3	1005	0	0	0	0
87	34	38	1023	0	0	0	0
258	113	101	1040	0	0	0	0
11	1	5	1006	0	0	0	0
27	14	12	1013	0	0	0	0
10	5	5	1012	0	0	0	0
9	0	2	1005	0	0	0	0
338	129	158	1068	0	0	0	0
1	0	0	1007	0	0	0	0
22	15	15	1007	0	0	0	0
437	167	165	1084	0	0	0	0
12	3	1	1007	0	0	0	0
6	1	3	1006	0	0	0	0
30	4	9	1012	0	0	0	0
1	0	0	1004	0	0	0	0
364	178	144	1048	0	0	0	0
462	188	182	1079	0	0	0	0
69	28	30	1016	0	0	0	0
127	54	54	1025	0	0	0	0
14	10	14	1008	0	0	0	0
99	36	32	1019	0	0	0	0
149	48	66	1021	0	0	0	0
155	94	59	1026	0	0	0	0
426	202	170	1081	0	0	0	0
2	0	1	1004	0	0	0	0
1	2	1	1004	0	0	0	0
183	83	81	1038	0	0	0	0
70	26	34	1015	0	0	0	0
87	54	36	1031	0	0	0	0
24	13	9	1012	0	0	0	0
17	5	4	1010	0	0	0	0
337	180	149	1065	0	0	0	0
1	2	3	1014	0	0	0	0
109	40	46	1025	0	0	0	0
501	252	200	1076	0	0	0	0
56	31	19	1009	0	0	0	0
51	40	17	1026	0	0	0	0
20	6	6	1011	0	0	0	0
330	142	142	1059	0	0	0	0
1	0	0	1004	0	0	0	0
458	196	192	1079	0	0	0	0
53	26	19	1012	0	0	0	0
56	21	26	1014	0	0	0	0
300	139	112	1057	0	0	0	0
501	234	237	1103	0	0	0	0
33	13	12	1010	0	0	0	0
49	42	28	1014	0	0	0	0
383	195	187	1060	0	0	0	0
99	40	37	1012	0	0	0	0
1	0	2	1004	0	0	0	0
260	119	99	1038	0	0	0	0
6	8	0	1008	0	0	0	0
275	141	124	1096	0	0	0	0
243	100	80	1050	0	0	0	0
298	150	151	1073	0	0	0	0
242	108	90	1044	0	0	0	0
0	0	0	1004	0	0	0	0
4	2	2	1005	0	0	0	0
25	13	9	1012	0	0	0	0
188	88	87	1044	0	0	0	0
297	117	140	1058	0	0	0	0
54	29	16	1014	0	0	0	0
401	216	175	1072	0	0	0	0
2	0	0	1004	0	0	0	0
203	94	74	1039	0	0	0	0
434	203	164	1087	0	0	0	0
17	6	7	1004	0	0	0	0
245	116	103	1050	0	0	0	0
24	16	16	1012	0	0	0	0
97	43	50	1016	0	0	0	0
16	3	4	1008	0	0	0	0
217	116	98	1052	0	0	0	0
327	149	139	1068	0	0	0	0
139	57	47	1035	0	0	0	0
16	4	5	1007	0	0	0	0
14	6	3	1011	0	0	0	0
271	132	105	1074	0	0	0	0
114	41	36	1036	0	0	0	0
4	1	6	1007	0	0	0	0
65	31	30	1016	0	0	0	0
193	73	83	1027	0	0	0	0
453	253	184	1095	0	0	0	0
313	137	144	1042	0	0	0	0
13	3	2	1006	0	0	0	0
14	11	10	1007	0	0	0	0
0	0	0	1004	0	0	0	0
23	10	9	1010	0	0	0	0
7	0	5	1006	0	0	0	0
6	3	1	1005	0	0	0	0
2	0	0	1005	0	0	0	0
128	45	36	1026	0	0	0	0
108	48	40	1024	0	0	0	0
10	3	7	1008	0	0	0	0
559	236	215	1096	0	0	0	0
2	3	2	1005	0	0	0	0
139	63	60	1030	0	0	0	0
358	151	106	1075	0	0	0	0
1	0	0	1004	0	0	0	0
63	32	23	1012	0	0	0	0
334	126	130	1060	0	0	0	0
85	50	36	1019	0	0	0	0
76	39	23	1007	0	0	0	0
164	70	57	1025	0	0	0	0
95	29	27	1028	0	0	0	0
451	243	195	1084	0	0	0	0
3	2	1	1006	0	0	0	0
6	4	2	1006	0	0	0	0
0	0	0	1005	0	0	0	0
22	13	11	1004	0	0	0	0
379	147	133	1070	0	0	0	0
5	1	0	1004	0	0	0	0
3	1	0	1006	0	0	0	0
150	67	73	1052	0	0	0	0
301	152	114	1051	0	0	0	0
159	89	75	1042	0	0	0	0
10	2	2	1005	0	0	0	0
6	0	0	1006	0	0	0	0
278	145	136	1064	0	0	0	0
12	2	4	1009	0	0	0	0
472	243	208	1083	0	0	0	0
0	0	1	1004	0	0	0	0
297	138	111	1046	0	0	0	0
149	59	60	1037	0	0	0	0
577	290	252	1092	0	0	0	0
1	0	0	1004	0	0	0	0
23	9	7	1008	0	0	0	0
242	95	95	1032	0	0	0	0
333	139	143	1068	0	0	0	0
230	112	105	1045	0	0	0	0
254	103	109	1056	0	0	0	0
401	159	156	1072	0	0	0	0
6	0	7	1008	0	0	0	0
42	25	19	1018	0	0	0	0
486	198	184	1079	0	0	0	0
361	137	162	1079	0	0	0	0
123	79	53	1027	0	0	0	0
231	140	126	1059	0	0	0	0
30	21	12	1016	0	0	0	0
483	204	194	1091	0	0	0	0
20	8	10	1010	0	0	0	0
0	0	1	1004	0	0	0	0
7	2	1	1009	0	0	0	0
555	241	217	1099	0	0	0	0
21	2	9	1007	0	0	0	0
180	93	92	1031	0	0	0	0
25	17	8	1017	0	0	0	0
147	51	62	1021	0	0	0	0
9	1	3	1007	0	0	0	0
340	135	143	1075	0	0	0	0
9	2	4	1004	0	0	0	0
1	0	0	1006	0	0	0	0
3	1	1	1004	0	0	0	0
6	2	2	1009	0	0	0	0
79	36	38	1025	0	0	0	0
173	89	62	1047	0	0	0	0
2	0	0	1004	0	0	0	0
316	147	135	1044	0	0	0	0
278	165	121	1052	0	0	0	0
8	4	0	1010	0	0	0	0
1	4	3	1007	0	0	0	0
226	79	87	1035	0	0	0	0
360	136	168	1051	0	0	0	0
215	92	89	1041	0	0	0	0
10	6	3	1006	0	0	0	0
35	20	12	1014	0	0	0	0
222	119	88	1045	0	0	0	0
157	45	65	1025	0	0	0	0
73	33	29	1018	0	0	0	0
1	0	1	1009	0	0	0	0
119	55	41	1030	0	0	0	0
34	11	21	1017	0	0	0	0
20	15	10	1007	0	0	0	0
177	64	85	1030	0	0	0	0
90	50	41	1026	0	0	0	0
58	46	33	1012	0	0	0	0
5	5	4	1009	0	0	0	0
1	2	0	1005	0	0	0	0
8	2	3	1004	0	0	0	0
24	8	10	1014	0	0	0	0
309	138	152	1060	0	0	0	0
321	162	133	1054	0	0	0	0
352	150	142	1055	0	0	0	0
14	10	10	1006	0	0	0	0
3	0	0	1004	0	0	0	0
7	1	1	1006	0	0	0	0
91	42	32	1028	0	0	0	0
342	121	126	1054	0	0	0	0
4	0	0	1005	0	0	0	0
176	87	84	1023	0	0	0	0
169	101	86	1036	0	0	0	0
265	126	110	1045	0	0	0	0
6	1	5	1004	0	0	0	0
10	2	0	1007	0	0	0	0
38	16	15	1009	0	0	0	0
402	184	155	1077	0	0	0	0
322	117	133	1049	0	0	0	0
10	1	5	1005	0	0	0	0
523	204	208	1096	0	0	0	0
38	6	21	1015	0	0	0	0
36	12	11	1015	0	0	0	0
42	16	16	1015	0	0	0	0
235	129	107	1035	0	0	0	0
2	1	1	1005	0	0	0	0
517	264	212	1106	0	0	0	0
50	27	17	1018	0	0	0	0
271	123	119	1039	0	0	0	0
87	51	42	1023	0	0	0	0
169	100	68	1029	0	0	0	0
2	0	0	1004	0	0	0	0
9	9	1	1006	0	0	0	0
291	143	107	1048	0	0	0	0
50	30	22	1027	0	0	0	0
291	152	150	1074	0	0	0	0
2	0	1	1004	0	0	0	0
5	2	1	1008	0	0	0	0
1	0	0	1004	0	0	0	0
390	175	146	1053	0	0	0	0
152	88	58	1042	0	0	0	0
480	199	192	1086	0	0	0	0
448	188	199	1097	0	0	0	0
24	10	7	1008	0	0	0	0
167	81	69	1046	0	0	0	0
91	33	25	1021	0	0	0	0
10	4	4	1004	0	0	0	0
27	17	14	1010	0	0	0	0
11	5	3	1007	0	0	0	0
347	121	153	1079	0	0	0	0
42	12	18	1010	0	0	0	0
214	96	88	1061	0	0	0	0
0	0	0	1004	0	0	0	0
189	66	82	1040	0	0	0	0
416	188	155	1066	0	0	0	0
60	20	21	1006	0	0	0	0
33	13	18	1008	0	0	0	0
74	44	42	1012	0	0	0	0
13	4	8	1008	0	0	0	0
140	57	85	1023	0	0	0	0
474	198	163	1086	0	0	0	0
3	1	1	1004	0	0	0	0
74	32	43	1015	0	0	0	0
14	3	10	1010	0	0	0	0
161	60	64	1022	0	0	0	0
288	130	112	1050	0	0	0	0
18	6	16	1010	0	0	0	0
235	91	108	1051	0	0	0	0
1	0	0	1004	0	0	0	0
0	0	1	1004	0	0	0	0
55	21	21	1014	0	0	0	0
1	0	2	1006	0	0	0	0
18	5	7	1010	0	0	0	0
7	4	6	1006	0	0	0	0
34	25	22	1008	0	0	0	0
18	11	8	1008	0	0	0	0
2	1	2	1007	0	0	0	0
405	188	168	1078	0	0	0	0
2	3	3	1004	0	0	0	0
29	3	9	1011	0	0	0	0
34	30	11	1013	0	0	0	0
340	190	144	1078	0	0	0	0
443	184	143	1061	0	0	0	0
382	153	159	1072	0	0	0	0
1	0	0	1004	0	0	0	0
191	90	74	1032	0	0	0	0
524	243	222	1097	0	0	0	0
473	234	188	1087	0	0	0	0
293	137	109	1061	0	0	0	0
0	0	3	1006	0	0	0	0
8	0	2	1005	0	0	0	0
4	0	2	1005	0	0	0	0
51	19	7	1024	0	0	0	0
292	151	105	1034	0	0	0	0
220	118	90	1045	0	0	0	0
471	203	185	1076	0	0	0	0
2	0	1	1004	0	0	0	0
72	25	32	1020	0	0	0	0
14	23	9	1006	0	0	0	0
2	3	2	1008	0	0	0	0
3	0	1	1006	0	0	0	0
85	35	18	1016	0	0	0	0
38	13	5	1015	0	0	0	0
381	129	150	1047	0	0	0	0
262	108	122	1036	0	0	0	0
2	2	0	1007	0	0	0	0
307	151	95	1046	0	0	0	0
390	160	146	1049	0	0	0	0
457	208	211	1122	0	0	0	0
31	16	17	1010	0	0	0	0
572	220	234	1115	0	0	0	0
27	3	8	1008	0	0	0	0
4	0	4	1004	0	0	0	0
38	22	15	1014	0	0	0	0
21	3	7	1006	0	0	0	0
27	9	10	1008	0	0	0	0
557	244	191	1095	0	0	0	0
412	189	165	1064	0	0	0	0
8	0	3	1005	0	0	0	0
0	0	0	1005	0	0	0	0
265	162	115	1049	0	0	0	0
222	110	88	1050	0	0	0	0
12	1	8	1005	0	0	0	0
67	25	27	1022	0	0	0	0
1	0	1	1004	0	0	0	0
203	94	102	1049	0	0	0	0
0	0	0	1004	0	0	0	0
133	73	45	1015	0	0	0	0
124	55	57	1015	0	0	0	0
5	2	3	1006	0	0	0	0
472	212	187	1073	0	0	0	0
2	1	0	1007	0	0	0	0
288	163	144	1066	0	0	0	0
465	204	187	1096	0	0	0	0
0	0	0	1005	0	0	0	0
369	165	151	1066	0	0	0	0
7	1	2	1007	0	0	0	0
38	16	8	1009	0	0	0	0
551	233	219	1109	0	0	0	0
19	2	9	1004	0	0	0	0
36	10	12	1010	0	0	0	0
66	38	49	1009	0	0	0	0
145	71	40	1027	0	0	0	0
388	170	178	1091	0	0	0	0
0	1	0	1006	0	0	0	0
519	190	202	1101	0	0	0	0
74	20	31	1023	0	0	0	0
223	146	108	1046	0	0	0	0
12	5	5	1011	0	0	0	0
197	90	80	1056	0	0	0	0
340	159	143	1054	0	0	0	0
150	53	61	1037	0	0	0	0
30	22	15	1011	0	0	0	0
102	39	48	1028	0	0	0	0
31	4	10	1011	0	0	0	0
134	60	65	1036	0	0	0	0
322	201	146	1059	0	0	0	0
2	2	2	1005	0	0	0	0
2	2	2	1005	0	0	0	0
459	177	149	1083	0	0	0	0
9	3	3	1007	0	0	0	0
28	10	10	1009	0	0	0	0
4	0	1	1006	0	0	0	0
4	0	0	1004	0	0	0	0
5	0	1	1005	0	0	0	0
153	66	68	1024	0	0	0	0
21	7	10	1010	0	0	0	0
40	18	17	1017	0	0	0	0
16	7	1	1009	0	0	0	0
180	71	86	1028	0	0	0	0
1	0	2	1004	0	0	0	0
213	102	94	1046	0	0	0	0
18	4	7	1004	0	0	0	0
39	15	18	1016	0	0	0	0
118	36	51	1027	0	0	0	0
242	105	106	1047	0	0	0	0
257	138	98	1051	0	0	0	0
4	0	0	1006	0	0	0	0
14	5	10	1007	0	0	0	0
259	71	116	1041	0	0	0	0
265	133	115	1051	0	0	0	0
4	0	0	1004	0	0	0	0
379	171	171	1060	0	0	0	0
7	0	1	1006	0	0	0	0
4	2	1	1005	0	0	0	0
518	221	230	1091	0	0	0	0
444	159	180	1090	0	0	0	0
417	187	161	1082	0	0	0	0
280	129	114	1047	0	0	0	0
354	188	142	1064	0	0	0	0
4	1	0	1006	0	0	0	0
371	170	144	1081	0	0	0	0
209	97	118	1055	0	0	0	0
13	5	4	1005	0	0	0	0
2	0	0	1004	0	0	0	0
22	9	7	1009	0	0	0	0
455	209	182	1089	0	0	0	0
3	1	0	1006	0	0	0	0
514	241	211	1104	0	0	0	0
212	98	84	1046	0	0	0	0
6	1	2	1007	0	0	0	0
389	199	169	1077	0	0	0	0
32	10	12	1009	0	0	0	0
33	12	14	1016	0	0	0	0
3	1	0	1007	0	0	0	0
4	3	1	1009	0	0	0	0
341	164	171	1073	0	0	0	0
8	3	3	1007	0	0	0	0
132	77	65	1039	0	0	0	0
12	5	4	1011	0	0	0	0
305	136	122	1067	0	0	0	0
198	108	90	1036	0	0	0	0
78	74	41	1034	0	0	0	0
155	94	72	1024	0	0	0	0
45	21	12	1019	0	0	0	0
38	11	8	1015	0	0	0	0
50	28	25	1018	0	0	0	0
3	4	1	1006	0	0	0	0
9	1	2	1004	0	0	0	0
194	118	78	1032	0	0	0	0
162	65	76	1043	0	0	0	0
223	82	96	1047	0	0	0	0
13	1	3	1008	0	0	0	0
387	185	159	1056	0	0	0	0
326	124	99	1069	0	0	0	0
14	6	4	1008	0	0	0	0
2	0	2	1005	0	0	0	0
14	8	2	1005	0	0	0	0
305	100	136	1046	0	0	0	0
89	29	29	1021	0	0	0	0
245	120	89	1043	0	0	0	0
3	1	4	1005	0	0	0	0
80	38	34	1015	0	0	0	0
302	154	141	1061	0	0	0	0
1	0	0	1004	0	0	0	0
33	33	10	1013	0	0	0	0
5	3	3	1004	0	0	0	0
381	197	165	1085	0	0	0	0
207	103	82	1038	0	0	0	0
29	5	11	1015	0	0	0	0
32	17	5	1014	0	0	0	0
112	45	46	1031	0	0	0	0
1	0	2	1004	0	0	0	0
266	150	138	1045	0	0	0	0
334	145	128	1059	0	0	0	0
109	57	45	1020	0	0	0	0
14	6	4	1006	0	0	0	0
25	9	12	1010	0	0	0	0
15	0	11	1009	0	0	0	0
90	39	58	1014	0	0	0	0
159	85	84	1027	0	0	0	0
170	76	52	1035	0	0	0	0
5	2	2	1007	0	0	0	0
6	2	1	1005	0	0	0	0
2	0	0	1004	0	0	0	0
222	111	86	1035	0	0	0	0
13	4	4	1010	0	0	0	0
243	141	118	1048	0	0	0	0
201	115	97	1049	0	0	0	0
217	98	98	1040	0	0	0	0
29	11	8	1006	0	0	0	0
4	2	0	1005	0	0	0	0
9	5	5	1005	0	0	0	0
21	16	8	1012	0	0	0	0
0	0	0	1004	0	0	0	0
1	0	3	1005	0	0	0	0
3	0	1	1006	0	0	0	0
2	0	0	1005	0	0	0	0
21	12	10	1010	0	0	0	0
4	1	1	1008	0	0	0	0
208	71	91	1039	0	0	0	0
26	10	11	1007	0	0	0	0
234	111	94	1056	0	0	0	0
4	1	1	1007	0	0	0	0
18	9	7	1007	0	0	0	0
7	1	2	1004	0	0	0	0
22	11	9	1009	0	0	0	0
58	26	22	1023	0	0	0	0
244	105	119	1049	0	0	0	0
5	1	3	1004	0	0	0	0
299	111	111	1050	0	0	0	0
543	251	214	1110	0	0	0	0
37	28	16	1009	0	0	0	0
13	14	6	1005	0	0	0	0
75	23	24	1015	0	0	0	0
26	12	13	1011	0	0	0	0
246	127	106	1041	0	0	0	0
113	55	45	1019	0	0	0	0
4	1	0	1004	0	0	0	0
272	135	116	1063	0	0	0	0
2	0	4	1004	0	0	0	0
308	144	113	1075	0	0	0	0
386	222	148	1074	0	0	0	0
3	2	7	1005	0	0	0	0
22	19	6	1005	0	0	0	0
185	90	72	1034	0	0	0	0
22	11	10	1017	0	0	0	0
16	8	7	1011	0	0	0	0
302	158	130	1050	0	0	0	0
456	178	192	1060	0	0	0	0
0	0	0	1004	0	0	0	0
414	180	157	1065	0	0	0	0
62	33	17	1020	0	0	0	0
7	6	7	1006	0	0	0	0
10	5	5	1008	0	0	0	0
7	4	2	1008	0	0	0	0
44	27	20	1007	0	0	0	0
347	180	144	1062	0	0	0	0
4	1	1	1004	0	0	0	0
8	4	1	1006	0	0	0	0
2	1	2	1004	0	0	0	0
7	1	1	1005	0	0	0	0
3	0	1	1004	0	0	0	0
3	0	2	1004	0	0	0	0
39	22	17	1011	0	0	0	0
5	1	0	1005	0	0	0	0
2	1	3	1006	0	0	0	0
27	3	8	1015	0	0	0	0
125	57	59	1036	0	0	0	0
80	38	25	1015	0	0	0	0
3	0	1	1004	0	0	0	0
4	0	1	1005	0	0	0	0
2	3	0	1009	0	0	0	0
1	0	1	1004	0	0	0	0
299	132	121	1049	0	0	0	0
1	0	0	1004	0	0	0	0
3	0	0	1005	0	0	0	0
54	27	27	1006	0	0	0	0
2	0	0	1004	0	0	0	0
4	0	4	1006	0	0	0	0
172	90	84	1040	0	0	0	0
3	5	2	1005	0	0	0	0
348	184	144	1091	0	0	0	0
10	1	4	1008	0	0	0	0
51	14	22	1009	0	0	0	0
9	2	1	1006	0	0	0	0
90	45	56	1016	0	0	0	0
27	7	4	1007	0	0	0	0
152	55	62	1027	0	0	0	0
10	1	5	1006	0	0	0	0
230	117	95	1051	0	0	0	0
15	12	5	1005	0	0	0	0
7	4	4	1005	0	0	0	0
2	1	3	1005	0	0	0	0
123	51	51	1032	0	0	0	0
8	4	2	1005	0	0	0	0
216	84	93	1035	0	0	0	0
242	87	83	1044	0	0	0	0
280	141	110	1057	0	0	0	0
182	87	79	1052	0	0	0	0
109	50	51	1029	0	0	0	0
51	29	22	1006	0	0	0	0
60	16	14	1018	0	0	0	0
45	25	15	1006	0	0	0	0
498	264	216	1118	0	0	0	0
139	62	60	1030	0	0	0	0
181	83	62	1038	0	0	0	0
7	2	2	1008	0	0	0	0
1	2	0	1004	0	0	0	0
646	298	267	1147	0	0	0	0
74	42	38	1027	0	0	0	0
413	174	161	1062	0	0	0	0
5	2	0	1006	0	0	0	0
7	4	2	1007	0	0	0	0
31	19	10	1010	0	0	0	0
3	0	0	1009	0	0	0	0
38	31	20	1014	0	0	0	0
341	155	145	1073	0	0	0	0
410	168	138	1067	0	0	0	0
0	0	0	1004	0	0	0	0
280	142	127	1045	0	0	0	0
14	11	6	1007	0	0	0	0
97	52	35	1018	0	0	0	0
22	16	15	1010	0	0	0	0
223	113	122	1040	0	0	0	0
245	103	82	1041	0	0	0	0
22	5	3	1008	0	0	0	0
144	83	53	1029	0	0	0	0
13	5	1	1009	0	0	0	0
30	8	7	1006	0	0	0	0
1	0	0	1005	0	0	0	0
6	4	3	1006	0	0	0	0
16	4	11	1010	0	0	0	0
38	26	16	1011	0	0	0	0
726	282	306	1137	0	0	0	0
17	4	8	1011	0	0	0	0
364	165	132	1066	0	0	0	0
36	11	12	1017	0	0	0	0
2	0	1	1004	0	0	0	0
30	4	15	1008	0	0	0	0
2	0	0	1005	0	0	0	0
190	92	75	1044	0	0	0	0
81	23	21	1025	0	0	0	0
0	0	0	1004	0	0	0	0
222	85	87	1028	0	0	0	0
362	139	113	1052	0	0	0	0
8	5	4	1007	0	0	0	0
2	0	0	1005	0	0	0	0
379	223	136	1075	0	0	0	0
144	82	58	1042	0	0	0	0
389	155	146	1052	0	0	0	0
226	77	81	1057	0	0	0	0
4	4	3	1008	0	0	0	0
12	3	6	1010	0	0	0	0
6	0	4	1005	0	0	0	0
439	213	180	1091	0	0	0	0
16	4	9	1011	0	0	0	0
14	1	2	1006	0	0	0	0
10	2	1	1007	0	0	0	0
19	17	8	1009	0	0	0	0
333	160	123	1055	0	0	0	0
12	4	4	1004	0	0	0	0
349	173	142	1079	0	0	0	0
79	38	33	1027	0	0	0	0
499	261	217	1112	0	0	0	0
510	241	179	1067	0	0	0	0
4	0	0	1005	0	0	0	0
351	142	118	1086	0	0	0	0
510	207	170	1106	0	0	0	0
64	16	28	1011	0	0	0	0
128	40	60	1023	0	0	0	0
78	27	36	1036	0	0	0	0
69	32	30	1016	0	0	0	0
4	0	5	1005	0	0	0	0
1	1	1	1004	0	0	0	0
6	0	1	1007	0	0	0	0
103	55	47	1018	0	0	0	0
154	71	67	1026	0	0	0	0
3	6	3	1011	0	0	0	0
41	20	16	1014	0	0	0	0
6	3	8	1007	0	0	0	0
360	168	167	1075	0	0	0	0
28	10	8	1007	0	0	0	0
156	73	63	1033	0	0	0	0
12	3	7	1007	0	0	0	0
331	136	146	1075	0	0	0	0
620	266	248	1111	0	0	0	0
339	142	150	1079	0	0	0	0
1	1	0	1005	0	0	0	0
90	40	27	1015	0	0	0	0
228	75	94	1034	0	0	0	0
241	118	104	1065	0	0	0	0
90	47	43	1017	0	0	0	0
78	43	39	1031	0	0	0	0
7	2	3	1006	0	0	0	0
3	0	0	1006	0	0	0	0
8	2	2	1005	0	0	0	0
17	6	3	1005	0	0	0	0
498	265	190	1108	0	0	0	0
20	7	10	1010	0	0	0	0
236	77	105	1039	0	0	0	0
2	2	1	1004	0	0	0	0
395	158	155	1062	0	0	0	0
455	192	186	1097	0	0	0	0
2	1	0	1006	0	0	0	0
246	115	87	1031	0	0	0	0
203	84	81	1030	0	0	0	0
120	49	45	1020	0	0	0	0
390	175	175	1086	0	0	0	0
26	7	10	1007	0	0	0	0
3	4	2	1005	0	0	0	0
222	81	79	1031	0	0	0	0
297	144	131	1054	0	0	0	0
233	114	102	1052	0	0	0	0
238	108	99	1038	0	0	0	0
447	220	201	1095	0	0	0	0
1	0	0	1005	0	0	0	0
22	14	13	1015	0	0	0	0
28	15	9	1015	0	0	0	0
97	55	43	1022	0	0	0	0
243	129	101	1052	0	0	0	0
23	14	17	1011	0	0	0	0
1	1	1	1004	0	0	0	0
398	175	178	1064	0	0	0	0
271	117	110	1040	0	0	0	0
89	39	26	1019	0	0	0	0
45	16	9	1013	0	0	0	0
6	3	3	1004	0	0	0	0
165	54	60	1039	0	0	0	0
328	133	119	1032	0	0	0	0
294	154	129	1055	0	0	0	0
339	157	124	1045	0	0	0	0
84	47	25	1017	0	0	0	0
31	22	23	1011	0	0	0	0
197	88	100	1037	0	0	0	0
402	178	164	1079	0	0	0	0
6	0	0	1005	0	0	0	0
6	4	5	1007	0	0	0	0
9	2	4	1004	0	0	0	0
156	81	58	1035	0	0	0	0
81	33	27	1024	0	0	0	0
20	5	6	1013	0	0	0	0
358	153	143	1053	0	0	0	0
124	55	48	1030	0	0	0	0
157	70	68	1046	0	0	0	0
152	78	73	1031	0	0	0	0
401	178	159	1037	0	0	0	0
467	191	212	1079	0	0	0	0
1	3	3	1004	0	0	0	0
14	11	8	1008	0	0	0	0
1	2	4	1011	0	0	0	0
295	148	148	1065	0	0	0	0
101	48	38	1020	0	0	0	0
410	194	171	1080	0	0	0	0
257	121	92	1037	0	0	0	0
339	171	149	1068	0	0	0	0
16	10	9	1019	0	0	0	0
1	1	1	1005	0	0	0	0
336	168	144	1081	0	0	0	0
8	2	4	1008	0	0	0	0
6	0	2	1004	0	0	0	0
137	42	36	1019	0	0	0	0
55	29	15	1016	0	0	0	0
9	5	6	1009	0	0	0	0
1	0	1	1004	0	0	0	0
19	5	4	1007	0	0	0	0
2	0	0	1005	0	0	0	0
53	19	29	1024	0	0	0	0
375	164	172	1067	0	0	0	0
3	1	2	1008	0	0	0	0
81	37	38	1018	0	0	0	0
3	1	0	1004	0	0	0	0
220	93	105	1073	0	0	0	0
66	28	23	1020	0	0	0	0
14	3	8	1004	0	0	0	0
356	135	108	1083	0	0	0	0
3	2	0	1005	0	0	0	0
3	1	0	1005	0	0	0	0
140	77	63	1035	0	0	0	0
142	67	61	1034	0	0	0	0
20	11	14	1007	0	0	0	0
2	0	1	1005	0	0	0	0
87	32	24	1016	0	0	0	0
14	1	6	1007	0	0	0	0
7	3	1	1004	0	0	0	0
3	0	0	1006	0	0	0	0
3	0	0	1004	0	0	0	0
17	7	9	1009	0	0	0	0
2	0	4	1005	0	0	0	0
1	1	1	1004	0	0	0	0
2	0	0	1004	0	0	0	0
363	152	144	1052	0	0	0	0
313	136	123	1067	0	0	0	0
12	4	2	1007	0	0	0	0
464	210	173	1099	0	0	0	0
1	0	0	1005	0	0	0	0
369	140	170	1073	0	0	0	0
8	5	2	1006	0	0	0	0
3	1	3	1004	0	0	0	0
394	130	162	1073	0	0	0	0
301	139	114	1043	0	0	0	0
248	129	100	1044	0	0	0	0
23	3	3	1011	0	0	0	0
154	69	60	1030	0	0	0	0
1	0	0	1007	0	0	0	0
60	19	22	1007	0	0	0	0
0	0	2	1004	0	0	0	0
19	7	8	1005	0	0	0	0
568	276	241	1085	0	0	0	0
7	1	0	1004	0	0	0	0
219	93	95	1061	0	0	0	0
5	2	2	1005	0	0	0	0
208	71	78	1045	0	0	0	0
148	50	47	1029	0	0	0	0
2	1	1	1005	0	0	0	0
123	75	62	1016	0	0	0	0
0	0	1	1004	0	0	0	0
1	0	1	1004	0	0	0	0
0	0	0	1004	0	0	0	0
322	169	130	1070	0	0	0	0
198	100	103	1040	0	0	0	0
0	0	0	1004	0	0	0	0
8	8	8	1004	0	0	0	0
179	107	98	1024	0	0	0	0
5	3	1	1007	0	0	0	0
3	6	0	1005	0	0	0	0
282	144	148	1031	0	0	0	0
544	239	224	1099	0	0	0	0
217	127	88	1039	0	0	0	0
1	1	1	1007	0	0	0	0
582	278	270	1107	0	0	0	0
8	0	1	1007	0	0	0	0
167	81	48	1026	0	0	0	0
34	10	17	1007	0	0	0	0
154	74	63	1043	0	0	0	0
6	0	0	1005	0	0	0	0
41	17	14	1010	0	0	0	0
292	135	113	1050	0	0	0	0
30	12	11	1010	0	0	0	0
114	41	38	1018	0	0	0	0
4	0	0	1004	0	0	0	0
13	8	4	1008	0	0	0	0
18	7	10	1005	0	0	0	0
99	53	40	1030	0	0	0	0
186	82	69	1030	0	0	0	0
19	3	7	1012	0	0	0	0
261	113	119	1047	0	0	0	0
209	101	87	1053	0	0	0	0
526	260	228	1088	0	0	0	0
455	228	188	1101	0	0	0	0
4	2	2	1006	0	0	0	0
412	164	180	1063	0	0	0	0
468	183	217	1088	0	0	0	0
511	231	188	1102	0	0	0	0
9	3	8	1005	0	0	0	0
34	18	9	1011	0	0	0	0
318	118	117	1059	0	0	0	0
3	0	4	1005	0	0	0	0
2	1	0	1005	0	0	0	0
217	97	113	1047	0	0	0	0
97	44	34	1034	0	0	0	0
10	1	2	1005	0	0	0	0
8	3	4	1007	0	0	0	0
52	30	22	1011	0	0	0	0
67	18	26	1019	0	0	0	0
24	20	9	1016	0	0	0	0
13	3	4	1007	0	0	0	0
702	300	253	1106	0	0	0	0
37	15	19	1006	0	0	0	0
2	4	2	1011	0	0	0	0
12	10	7	1006	0	0	0	0
230	89	107	1036	0	0	0	0
30	16	15	1007	0	0	0	0
35	12	12	1014	0	0	0	0
25	4	6	1012	0	0	0	0
70	53	31	1018	0	0	0	0
429	184	157	1070	0	0	0	0
20	6	2	1007	0	0	0	0
7	3	6	1006	0	0	0	0
30	7	20	1010	0	0	0	0
687	307	308	1131	0	0	0	0
338	131	123	1057	0	0	0	0
5	3	2	1004	0	0	0	0
445	185	174	1087	0	0	0	0
8	0	3	1006	0	0	0	0
2	0	1	1007	0	0	0	0
13	6	7	1007	0	0	0	0
15	2	5	1005	0	0	0	0
1	3	3	1005	0	0	0	0
565	262	237	1099	0	0	0	0
4	1	0	1005	0	0	0	0
18	1	4	1008	0	0	0	0
37	8	12	1008	0	0	0	0
172	85	56	1029	0	0	0	0
9	3	4	1006	0	0	0	0
361	184	148	1078	0	0	0	0
282	147	110	1067	0	0	0	0
210	119	91	1033	0	0	0	0
238	138	115	1046	0	0	0	0
0	0	1	1005	0	0	0	0
236	115	107	1064	0	0	0	0
432	212	181	1096	0	0	0	0
116	57	50	1013	0	0	0	0
4	0	1	1004	0	0	0	0
429	191	181	1101	0	0	0	0
4	0	2	1005	0	0	0	0
1	0	0	1006	0	0	0	0
204	105	79	1047	0	0	0	0
522	213	187	1100	0	0	0	0
0	0	1	1005	0	0	0	0
71	30	31	1014	0	0	0	0
0	0	0	1004	0	0	0	0
1	1	2	1006	0	0	0	0
4	0	1	1004	0	0	0	0
78	33	29	1018	0	0	0	0
7	1	4	1008	0	0	0	0
15	10	12	1010	0	0	0	0
226	117	91	1042	0	0	0	0
332	156	114	1048	0	0	0	0
105	71	57	1022	0	0	0	0
3	0	5	1004	0	0	0	0
565	253	233	1074	0	0	0	0
49	37	30	1025	0	0	0	0
18	11	4	1011	0	0	0	0
110	48	52	1030	0	0	0	0
12	4	3	1005	0	0	0	0
145	65	74	1021	0	0	0	0
721	284	302	1179	0	0	0	0
60	9	18	1008	0	0	0	0
146	63	65	1018	0	0	0	0
114	53	47	1025	0	0	0	0
109	49	43	1019	0	0	0	0
8	8	2	1004	0	0	0	0
4	5	6	1006	0	0	0	0
0	0	1	1005	0	0	0	0
241	109	95	1039	0	0	0	0
0	0	1	1010	0	0	0	0
11	3	10	1005	0	0	0	0
17	10	3	1009	0	0	0	0
194	115	102	1047	0	0	0	0
161	76	65	1048	0	0	0	0
607	299	260	1123	0	0	0	0
1	0	0	1004	0	0	0	0
298	97	106	1052	0	0	0	0
173	85	71	1048	0	0	0	0
2	1	0	1004	0	0	0	0
106	42	40	1021	0	0	0	0
589	277	233	1121	0	0	0	0
349	179	133	1068	0	0	0	0
75	28	25	1018	0	0	0	0
6	2	4	1004	0	0	0	0
3	3	3	1004	0	0	0	0
167	58	70	1037	0	0	0	0
186	86	82	1044	0	0	0	0
3	1	2	1004	0	0	0	0
250	102	101	1028	0	0	0	0
14	4	1	1008	0	0	0	0
46	18	32	1022	0	0	0	0
147	71	61	1031	0	0	0	0
1	0	0	1004	0	0	0	0
67	19	23	1018	0	0	0	0
5	1	2	1009	0	0	0	0
138	49	59	1033	0	0	0	0
3	0	4	1004	0	0	0	0
452	209	178	1073	0	0	0	0
332	143	123	1054	0	0	0	0
6	1	2	1006	0	0	0	0
3	0	1	1004	0	0	0	0
413	192	167	1057	0	0	0	0
18	15	4	1015	0	0	0	0
46	34	17	1014	0	0	0	0
24	3	2	1009	0	0	0	0
37	14	21	1015	0	0	0	0
611	262	255	1083	0	0	0	0
10	2	2	1006	0	0	0	0
297	157	143	1049	0	0	0	0
71	37	39	1019	0	0	0	0
43	16	13	1005	0	0	0	0
11	2	2	1005	0	0	0	0
204	102	75	1040	0	0	0	0
55	28	32	1017	0	0	0	0
238	168	106	1044	0	0	0	0
57	32	32	1011	0	0	0	0
1	0	0	1006	0	0	0	0
16	0	2	1009	0	0	0	0
468	211	205	1083	0	0	0	0
3	2	0	1004	0	0	0	0
0	0	0	1005	0	0	0	0
1	0	0	1005	0	0	0	0
9	3	2	1005	0	0	0	0
4	1	3	1005	0	0	0	0
451	189	184	1088	0	0	0	0
283	145	144	1080	0	0	0	0
207	108	78	1043	0	0	0	0
234	113	108	1026	0	0	0	0
231	98	130	1048	0	0	0	0
365	139	141	1073	0	0	0	0
67	47	26	1019	0	0	0	0
334	133	139	1049	0	0	0	0
346	164	141	1074	0	0	0	0
30	21	18	1010	0	0	0	0
219	99	87	1042	0	0	0	0
13	4	10	1008	0	0	0	0
46	17	13	1008	0	0	0	0
90	46	36	1031	0	0	0	0
4	4	2	1006	0	0	0	0
2	0	1	1004	0	0	0	0
4	0	6	1006	0	0	0	0
340	189	152	1070	0	0	0	0
5	3	1	1007	0	0	0	0
525	250	213	1088	0	0	0	0
22	6	8	1014	0	0	0	0
0	0	2	1004	0	0	0	0
4	3	0	1007	0	0	0	0
9	4	6	1005	0	0	0	0
1	1	0	1004	0	0	0	0
223	129	104	1042	0	0	0	0
12	7	4	1010	0	0	0	0
434	211	180	1082	0	0	0	0
50	31	19	1014	0	0	0	0
272	148	110	1065	0	0	0	0
4	0	4	1007	0	0	0	0
64	24	23	1022	0	0	0	0
2	0	0	1004	0	0	0	0
459	166	164	1084	0	0	0	0
403	177	159	1065	0	0	0	0
452	186	182	1081	0	0	0	0
0	0	1	1004	0	0	0	0
7	3	2	1008	0	0	0	0
288	122	130	1060	0	0	0	0
31	21	13	1015	0	0	0	0
50	39	15	1016	0	0	0	0
4	5	1	1006	0	0	0	0
2	0	1	1004	0	0	0	0
83	38	28	1017	0	0	0	0
513	229	193	1083	0	0	0	0
4	0	0	1006	0	0	0	0
222	86	93	1069	0	0	0	0
186	110	85	1031	0	0	0	0
38	14	17	1016	0	0	0	0
7	2	3	1006	0	0	0	0
285	116	109	1061	0	0	0	0
354	161	141	1066	0	0	0	0
111	49	36	1035	0	0	0	0
115	55	56	1026	0	0	0	0
234	111	106	1051	0	0	0	0
1	0	0	1004	0	0	0	0
265	95	101	1032	0	0	0	0
2	0	0	1004	0	0	0	0
176	59	58	1031	0	0	0	0
177	53	55	1029	0	0	0	0
222	109	78	1035	0	0	0	0
380	175	152	1067	0	0	0	0
5	1	2	1004	0	0	0	0
181	108	77	1032	0	0	0	0
119	53	53	1021	0	0	0	0
38	10	13	1009	0	0	0	0
128	52	49	1023	0	0	0	0
3	0	1	1004	0	0	0	0
435	171	152	1062	0	0	0	0
23	20	5	1019	0	0	0	0
