68	43	29	3024	0	0	0	0
14	7	13	3013	0	0	0	0
116	52	41	3032	0	0	0	0
59	29	20	3025	0	0	0	0
18	8	10	3016	0	0	0	0
75	36	29	3023	0	0	0	0
10	1	8	3010	0	0	0	0
190	87	60	3042	0	0	0	0
9	10	4	3014	0	0	0	0
270	100	78	3067	0	0	0	0
145	62	61	3053	0	0	0	0
160	73	77	3047	0	0	0	0
59	23	28	3031	0	0	0	0
187	88	73	3049	0	0	0	0
166	86	62	3046	0	0	0	0
79	23	32	3016	0	0	0	0
4	1	1	3010	0	0	0	0
293	124	111	3038	0	0	0	0
75	45	44	3034	0	0	0	0
46	22	21	3019	0	0	0	0
42	25	20	3015	0	0	0	0
152	59	63	3047	0	0	0	0
245	119	96	3074	0	0	0	0
331	114	119	3077	0	0	0	0
188	115	84	3047	0	0	0	0
11	5	4	3013	0	0	0	0
4	0	0	3009	0	0	0	0
100	39	29	3031	0	0	0	0
320	128	112	3072	0	0	0	0
152	79	57	3036	0	0	0	0
24	4	5	3019	0	0	0	0
114	55	46	3034	0	0	0	0
316	160	158	3058	0	0	0	0
9	1	4	3014	0	0	0	0
212	91	94	3031	0	0	0	0
311	140	121	3079	0	0	0	0
92	35	39	3048	0	0	0	0
294	146	95	3072	0	0	0	0
65	28	14	3026	0	0	0	0
132	46	50	3036	0	0	0	0
33	6	10	3021	0	0	0	0
97	50	41	3043	0	0	0	0
233	94	78	3050	0	0	0	0
122	56	44	3031	0	0	0	0
30	10	22	3015	0	0	0	0
272	130	116	3073	0	0	0	0
446	196	182	3096	0	0	0	0
5	0	2	3010	0	0	0	0
84	77	42	3031	0	0	0	0
15	3	8	3009	0	0	0	0
219	101	75	3072	0	0	0	0
171	75	59	3040	0	0	0	0
13	13	7	3016	0	0	0	0
129	63	48	3033	0	0	0	0
83	18	22	3030	0	0	0	0
238	91	84	3087	0	0	0	0
182	85	74	3068	0	0	0	0
121	41	42	3031	0	0	0	0
92	40	38	3025	0	0	0	0
298	156	110	3072	0	0	0	0
24	10	13	3016	0	0	0	0
176	78	60	3039	0	0	0	0
213	75	84	3045	0	0	0	0
284	130	104	3070	0	0	0	0
180	80	83	3051	0	0	0	0
179	68	67	3037	0	0	0	0
3	3	2	3011	0	0	0	0
137	67	51	3046	0	0	0	0
48	33	21	3034	0	0	0	0
89	38	40	3021	0	0	0	0
110	65	38	3025	0	0	0	0
260	117	85	3067	0	0	0	0
1	0	1	3010	0	0	0	0
78	30	26	3032	0	0	0	0
8	10	3	3015	0	0	0	0
74	25	21	3011	0	0	0	0
26	2	5	3018	0	0	0	0
400	170	135	3076	0	0	0	0
372	160	141	3069	0	0	0	0
10	6	7	3017	0	0	0	0
323	159	127	3069	0	0	0	0
2	3	1	3010	0	0	0	0
4	1	3	3010	0	0	0	0
188	85	62	3055	0	0	0	0
213	66	86	3037	0	0	0	0
65	28	21	3021	0	0	0	0
37	8	15	3022	0	0	0	0
33	21	11	3019	0	0	0	0
318	176	102	3060	0	0	0	0
249	127	112	3074	0	0	0	0
201	113	68	3065	0	0	0	0
79	41	26	3027	0	0	0	0
51	24	10	3028	0	0	0	0
20	0	11	3018	0	0	0	0
17	7	9	3017	0	0	0	0
21	9	10	3013	0	0	0	0
31	9	13	3017	0	0	0	0
16	4	4	3015	0	0	0	0
348	150	156	3080	0	0	0	0
4	4	2	3009	0	0	0	0
195	96	87	3047	0	0	0	0
22	12	18	3014	0	0	0	0
105	45	43	3036	0	0	0	0
66	19	22	3032	0	0	0	0
139	71	65	3035	0	0	0	0
163	77	50	3059	0	0	0	0
121	53	45	3029	0	0	0	0
16	6	4	3010	0	0	0	0
11	2	5	3013	0	0	0	0
362	161	124	3081	0	0	0	0
105	37	42	3041	0	0	0	0
25	6	16	3019	0	0	0	0
157	55	64	3041	0	0	0	0
323	162	128	3074	0	0	0	0
86	38	26	3027	0	0	0	0
154	74	67	3046	0	0	0	0
14	6	4	3015	0	0	0	0
52	15	22	3021	0	0	0	0
81	44	49	3025	0	0	0	0
90	47	45	3026	0	0	0	0
269	98	89	3054	0	0	0	0
211	111	77	3051	0	0	0	0
30	14	11	3027	0	0	0	0
92	51	32	3035	0	0	0	0
110	41	41	3025	0	0	0	0
269	111	104	3054	0	0	0	0
40	17	17	3022	0	0	0	0
439	169	191	3092	0	0	0	0
205	127	111	3058	0	0	0	0
188	85	75	3050	0	0	0	0
12	2	5	3011	0	0	0	0
140	73	68	3054	0	0	0	0
307	162	131	3076	0	0	0	0
68	26	22	3024	0	0	0	0
63	34	27	3031	0	0	0	0
119	62	55	3035	0	0	0	0
305	144	107	3072	0	0	0	0
75	22	31	3029	0	0	0	0
86	32	39	3024	0	0	0	0
187	66	60	3043	0	0	0	0
180	63	78	3048	0	0	0	0
66	22	31	3021	0	0	0	0
119	51	76	3044	0	0	0	0
207	91	96	3046	0	0	0	0
145	80	64	3037	0	0	0	0
229	119	99	3068	0	0	0	0
286	131	89	3071	0	0	0	0
184	62	74	3042	0	0	0	0
22	7	5	3010	0	0	0	0
130	47	57	3035	0	0	0	0
241	106	76	3061	0	0	0	0
14	5	5	3009	0	0	0	0
311	142	117	3054	0	0	0	0
94	30	27	3015	0	0	0	0
187	75	74	3054	0	0	0	0
335	175	127	3075	0	0	0	0
265	125	90	3058	0	0	0	0
141	51	53	3034	0	0	0	0
88	19	28	3034	0	0	0	0
23	6	5	3017	0	0	0	0
35	9	16	3020	0	0	0	0
46	17	19	3017	0	0	0	0
194	84	67	3046	0	0	0	0
384	123	147	3075	0	0	0	0
141	84	65	3037	0	0	0	0
303	154	122	3074	0	0	0	0
9	1	2	3009	0	0	0	0
340	129	135	3058	0	0	0	0
5	2	2	3015	0	0	0	0
82	53	28	3032	0	0	0	0
68	12	16	3025	0	0	0	0
74	27	34	3025	0	0	0	0
228	77	76	3060	0	0	0	0
241	126	98	3049	0	0	0	0
7	3	3	3014	0	0	0	0
113	59	51	3023	0	0	0	0
52	15	20	3017	0	0	0	0
76	36	34	3018	0	0	0	0
176	80	72	3036	0	0	0	0
23	13	9	3018	0	0	0	0
61	21	14	3017	0	0	0	0
78	47	41	3024	0	0	0	0
83	40	41	3028	0	0	0	0
217	65	83	3054	0	0	0	0
44	12	12	3019	0	0	0	0
45	14	17	3015	0	0	0	0
170	52	68	3041	0	0	0	0
238	115	117	3050	0	0	0	0
120	59	60	3033	0	0	0	0
50	18	14	3017	0	0	0	0
131	59	61	3033	0	0	0	0
7	0	2	3010	0	0	0	0
360	154	133	3078	0	0	0	0
52	15	20	3035	0	0	0	0
83	37	42	3039	0	0	0	0
67	27	24	3015	0	0	0	0
16	4	4	3014	0	0	0	0
127	70	56	3061	0	0	0	0
93	41	40	3026	0	0	0	0
14	4	2	3010	0	0	0	0
146	65	56	3033	0	0	0	0
201	93	72	3047	0	0	0	0
27	5	11	3013	0	0	0	0
195	77	68	3037	0	0	0	0
60	22	25	3024	0	0	0	0
18	0	4	3017	0	0	0	0
56	17	12	3028	0	0	0	0
73	37	24	3020	0	0	0	0
15	1	8	3012	0	0	0	0
271	125	106	3064	0	0	0	0
301	104	112	3062	0	0	0	0
201	86	80	3050	0	0	0	0
16	7	8	3012	0	0	0	0
438	191	157	3110	0	0	0	0
20	12	5	3015	0	0	0	0
6	4	1	3010	0	0	0	0
148	65	40	3051	0	0	0	0
255	114	98	3056	0	0	0	0
319	138	119	3066	0	0	0	0
92	32	33	3021	0	0	0	0
69	25	28	3027	0	0	0	0
26	8	10	3014	0	0	0	0
47	22	24	3024	0	0	0	0
23	12	8	3014	0	0	0	0
30	9	18	3012	0	0	0	0
88	37	37	3024	0	0	0	0
79	39	20	3031	0	0	0	0
61	11	26	3021	0	0	0	0
257	115	109	3069	0	0	0	0
238	110	67	3037	0	0	0	0
155	82	45	3044	0	0	0	0
516	191	173	3097	0	0	0	0
307	148	134	3067	0	0	0	0
72	40	16	3024	0	0	0	0
131	51	47	3044	0	0	0	0
172	56	62	3046	0	0	0	0
365	156	138	3085	0	0	0	0
155	70	63	3047	0	0	0	0
49	28	26	3028	0	0	0	0
72	30	28	3019	0	0	0	0
294	124	115	3073	0	0	0	0
160	60	67	3050	0	0	0	0
215	115	84	3046	0	0	0	0
5	0	0	3012	0	0	0	0
153	53	61	3046	0	0	0	0
48	16	16	3022	0	0	0	0
87	36	24	3023	0	0	0	0
196	92	59	3038	0	0	0	0
468	195	153	3086	0	0	0	0
217	103	91	3044	0	0	0	0
8	3	9	3014	0	0	0	0
256	149	100	3063	0	0	0	0
3	1	3	3012	0	0	0	0
154	81	91	3051	0	0	0	0
89	40	49	3038	0	0	0	0
194	93	101	3042	0	0	0	0
142	50	58	3029	0	0	0	0
113	45	50	3027	0	0	0	0
94	36	43	3029	0	0	0	0
264	115	112	3081	0	0	0	0
23	9	2	3016	0	0	0	0
114	61	37	3032	0	0	0	0
25	12	15	3014	0	0	0	0
33	13	23	3013	0	0	0	0
19	7	4	3014	0	0	0	0
339	140	146	3069	0	0	0	0
45	9	15	3020	0	0	0	0
197	101	55	3073	0	0	0	0
70	43	38	3030	0	0	0	0
181	82	63	3052	0	0	0	0
161	80	62	3047	0	0	0	0
186	90	72	3059	0	0	0	0
87	51	28	3033	0	0	0	0
285	115	114	3073	0	0	0	0
8	9	7	3012	0	0	0	0
28	17	15	3015	0	0	0	0
128	50	43	3033	0	0	0	0
115	61	47	3040	0	0	0	0
147	63	60	3041	0	0	0	0
210	111	69	3071	0	0	0	0
17	5	1	3015	0	0	0	0
85	31	40	3027	0	0	0	0
212	124	97	3048	0	0	0	0
264	118	93	3059	0	0	0	0
12	2	4	3009	0	0	0	0
198	78	76	3058	0	0	0	0
17	5	5	3014	0	0	0	0
7	1	2	3009	0	0	0	0
34	11	14	3016	0	0	0	0
72	41	35	3021	0	0	0	0
24	6	16	3018	0	0	0	0
153	70	66	3046	0	0	0	0
16	9	9	3022	0	0	0	0
170	74	72	3035	0	0	0	0
70	21	27	3023	0	0	0	0
123	68	47	3038	0	0	0	0
23	9	7	3014	0	0	0	0
46	28	14	3026	0	0	0	0
108	49	35	3030	0	0	0	0
317	119	97	3047	0	0	0	0
166	86	96	3040	0	0	0	0
215	94	81	3055	0	0	0	0
8	2	8	3015	0	0	0	0
227	96	86	3055	0	0	0	0
120	82	42	3053	0	0	0	0
361	175	137	3071	0	0	0	0
7	6	3	3015	0	0	0	0
61	21	27	3022	0	0	0	0
100	49	49	3033	0	0	0	0
46	22	23	3018	0	0	0	0
12	5	11	3016	0	0	0	0
92	40	36	3031	0	0	0	0
74	31	23	3038	0	0	0	0
87	29	33	3036	0	0	0	0
171	71	60	3052	0	0	0	0
113	49	56	3046	0	0	0	0
168	75	63	3047	0	0	0	0
1	0	0	3012	0	0	0	0
91	50	46	3030	0	0	0	0
95	33	38	3033	0	0	0	0
45	15	21	3028	0	0	0	0
168	66	71	3051	0	0	0	0
174	60	79	3058	0	0	0	0
244	114	75	3061	0	0	0	0
125	70	39	3036	0	0	0	0
279	144	108	3069	0	0	0	0
19	7	7	3012	0	0	0	0
138	46	53	3024	0	0	0	0
36	12	20	3028	0	0	0	0
182	87	64	3043	0	0	0	0
184	90	69	3036	0	0	0	0
13	9	3	3016	0	0	0	0
171	67	81	3040	0	0	0	0
106	62	46	3030	0	0	0	0
147	65	53	3034	0	0	0	0
206	89	71	3046	0	0	0	0
182	77	61	3035	0	0	0	0
368	178	136	3064	0	0	0	0
276	165	117	3058	0	0	0	0
78	25	20	3037	0	0	0	0
112	62	40	3034	0	0	0	0
60	29	22	3023	0	0	0	0
205	93	88	3062	0	0	0	0
211	92	101	3053	0	0	0	0
74	43	26	3022	0	0	0	0
360	144	141	3090	0	0	0	0
33	13	13	3019	0	0	0	0
204	98	98	3062	0	0	0	0
97	55	33	3032	0	0	0	0
87	30	35	3026	0	0	0	0
205	120	70	3039	0	0	0	0
2	2	3	3011	0	0	0	0
17	4	8	3015	0	0	0	0
40	23	17	3019	0	0	0	0
178	83	62	3063	0	0	0	0
25	5	7	3016	0	0	0	0
103	50	39	3031	0	0	0	0
317	127	120	3096	0	0	0	0
138	53	57	3034	0	0	0	0
416	176	146	3090	0	0	0	0
218	103	76	3052	0	0	0	0
318	145	132	3062	0	0	0	0
242	98	103	3063	0	0	0	0
22	6	5	3012	0	0	0	0
2	0	0	3009	0	0	0	0
123	54	67	3028	0	0	0	0
72	37	40	3024	0	0	0	0
200	61	82	3053	0	0	0	0
80	38	30	3025	0	0	0	0
245	101	80	3051	0	0	0	0
150	112	58	3033	0	0	0	0
231	105	87	3065	0	0	0	0
302	120	125	3053	0	0	0	0
6	0	1	3014	0	0	0	0
39	14	16	3019	0	0	0	0
53	32	27	3021	0	0	0	0
13	2	6	3013	0	0	0	0
263	120	99	3064	0	0	0	0
60	26	23	3038	0	0	0	0
429	220	148	3078	0	0	0	0
72	46	28	3039	0	0	0	0
23	10	10	3021	0	0	0	0
111	50	47	3047	0	0	0	0
280	125	117	3073	0	0	0	0
63	17	20	3020	0	0	0	0
50	25	21	3019	0	0	0	0
85	37	32	3030	0	0	0	0
168	79	85	3049	0	0	0	0
106	39	50	3025	0	0	0	0
18	13	7	3013	0	0	0	0
111	57	43	3035	0	0	0	0
37	21	14	3023	0	0	0	0
63	10	33	3024	0	0	0	0
7	2	2	3018	0	0	0	0
38	6	11	3015	0	0	0	0
107	49	37	3023	0	0	0	0
300	171	127	3058	0	0	0	0
258	96	100	3056	0	0	0	0
10	2	1	3009	0	0	0	0
251	140	127	3053	0	0	0	0
208	88	88	3062	0	0	0	0
476	219	198	3088	0	0	0	0
11	7	5	3010	0	0	0	0
15	10	8	3020	0	0	0	0
75	43	36	3025	0	0	0	0
176	56	63	3048	0	0	0	0
36	12	16	3020	0	0	0	0
17	1	6	3018	0	0	0	0
187	88	93	3041	0	0	0	0
271	122	104	3047	0	0	0	0
331	114	119	3077	0	0	0	0
235	96	96	3051	0	0	0	0
25	5	13	3012	0	0	0	0
263	98	90	3057	0	0	0	0
11	2	4	3009	0	0	0	0
47	16	11	3015	0	0	0	0
129	55	53	3030	0	0	0	0
42	32	15	3020	0	0	0	0
27	8	8	3014	0	0	0	0
17	8	5	3016	0	0	0	0
3	1	5	3010	0	0	0	0
79	28	32	3029	0	0	0	0
41	21	25	3029	0	0	0	0
268	120	95	3067	0	0	0	0
70	20	23	3023	0	0	0	0
6	1	3	3011	0	0	0	0
183	80	80	3048	0	0	0	0
479	227	164	3104	0	0	0	0
229	83	87	3064	0	0	0	0
331	147	114	3049	0	0	0	0
2	3	2	3009	0	0	0	0
80	20	31	3025	0	0	0	0
52	20	22	3022	0	0	0	0
304	150	142	3084	0	0	0	0
151	91	69	3049	0	0	0	0
17	10	17	3017	0	0	0	0
178	71	68	3056	0	0	0	0
76	45	23	3025	0	0	0	0
214	109	84	3049	0	0	0	0
130	47	73	3033	0	0	0	0
110	52	48	3027	0	0	0	0
2	1	0	3009	0	0	0	0
7	2	0	3013	0	0	0	0
15	5	4	3017	0	0	0	0
102	26	39	3025	0	0	0	0
95	31	32	3038	0	0	0	0
69	32	20	3021	0	0	0	0
514	220	206	3112	0	0	0	0
27	7	6	3015	0	0	0	0
316	125	123	3079	0	0	0	0
165	65	86	3030	0	0	0	0
8	3	0	3017	0	0	0	0
272	110	92	3083	0	0	0	0
28	11	17	3014	0	0	0	0
54	36	28	3017	0	0	0	0
175	57	73	3052	0	0	0	0
292	140	126	3076	0	0	0	0
42	13	16	3019	0	0	0	0
85	55	45	3021	0	0	0	0
114	47	35	3025	0	0	0	0
48	24	21	3028	0	0	0	0
72	47	21	3035	0	0	0	0
158	47	70	3044	0	0	0	0
340	139	143	3073	0	0	0	0
38	17	8	3013	0	0	0	0
163	76	56	3055	0	0	0	0
314	170	113	3072	0	0	0	0
350	165	137	3078	0	0	0	0
234	104	81	3051	0	0	0	0
29	9	7	3021	0	0	0	0
15	3	13	3010	0	0	0	0
46	30	20	3022	0	0	0	0
270	95	104	3075	0	0	0	0
71	22	38	3020	0	0	0	0
460	167	140	3091	0	0	0	0
19	3	4	3015	0	0	0	0
266	126	119	3070	0	0	0	0
254	84	99	3038	0	0	0	0
306	144	104	3090	0	0	0	0
21	6	7	3015	0	0	0	0
376	175	159	3065	0	0	0	0
142	69	55	3035	0	0	0	0
57	26	18	3017	0	0	0	0
41	21	20	3019	0	0	0	0
275	141	134	3067	0	0	0	0
79	39	27	3023	0	0	0	0
27	6	8	3014	0	0	0	0
152	68	64	3034	0	0	0	0
50	13	27	3024	0	0	0	0
413	216	139	3087	0	0	0	0
14	7	8	3018	0	0	0	0
157	64	57	3045	0	0	0	0
31	13	6	3015	0	0	0	0
100	44	29	3025	0	0	0	0
18	6	7	3019	0	0	0	0
198	83	65	3055	0	0	0	0
15	5	4	3013	0	0	0	0
3	0	5	3009	0	0	0	0
231	101	94	3052	0	0	0	0
70	44	32	3032	0	0	0	0
204	99	82	3065	0	0	0	0
109	44	29	3036	0	0	0	0
103	39	38	3031	0	0	0	0
89	51	48	3032	0	0	0	0
127	53	59	3036	0	0	0	0
170	72	81	3051	0	0	0	0
61	18	19	3029	0	0	0	0
190	86	83	3037	0	0	0	0
284	138	90	3071	0	0	0	0
72	31	19	3032	0	0	0	0
48	9	13	3018	0	0	0	0
245	91	94	3059	0	0	0	0
20	4	5	3019	0	0	0	0
15	15	5	3016	0	0	0	0
23	11	12	3010	0	0	0	0
109	35	43	3036	0	0	0	0
173	97	78	3059	0	0	0	0
43	33	13	3034	0	0	0	0
90	32	34	3034	0	0	0	0
83	34	47	3027	0	0	0	0
259	117	87	3077	0	0	0	0
147	66	69	3038	0	0	0	0
33	18	18	3026	0	0	0	0
45	21	26	3021	0	0	0	0
53	16	19	3013	0	0	0	0
37	5	18	3023	0	0	0	0
241	128	96	3036	0	0	0	0
165	92	75	3028	0	0	0	0
64	21	38	3032	0	0	0	0
43	27	14	3031	0	0	0	0
23	9	14	3014	0	0	0	0
71	27	41	3023	0	0	0	0
26	8	16	3013	0	0	0	0
17	10	6	3021	0	0	0	0
75	33	30	3028	0	0	0	0
56	15	20	3019	0	0	0	0
49	13	15	3024	0	0	0	0
174	58	66	3052	0	0	0	0
82	32	30	3042	0	0	0	0
292	144	124	3057	0	0	0	0
9	3	4	3009	0	0	0	0
41	11	16	3022	0	0	0	0
128	77	76	3039	0	0	0	0
58	37	22	3028	0	0	0	0
35	25	24	3028	0	0	0	0
3	1	3	3010	0	0	0	0
149	82	55	3039	0	0	0	0
147	42	73	3025	0	0	0	0
48	17	18	3016	0	0	0	0
318	133	117	3072	0	0	0	0
217	94	83	3043	0	0	0	0
161	66	57	3045	0	0	0	0
34	10	11	3014	0	0	0	0
198	105	56	3061	0	0	0	0
45	12	11	3025	0	0	0	0
27	8	5	3022	0	0	0	0
32	4	9	3020	0	0	0	0
130	49	61	3059	0	0	0	0
60	33	30	3032	0	0	0	0
262	159	125	3067	0	0	0	0
41	22	12	3020	0	0	0	0
88	37	30	3040	0	0	0	0
182	77	66	3047	0	0	0	0
389	186	141	3120	0	0	0	0
47	10	23	3024	0	0	0	0
13	3	2	3010	0	0	0	0
103	26	36	3029	0	0	0	0
345	134	118	3098	0	0	0	0
37	6	10	3024	0	0	0	0
31	14	15	3012	0	0	0	0
335	159	131	3082	0	0	0	0
38	16	8	3012	0	0	0	0
127	55	57	3031	0	0	0	0
10	6	3	3010	0	0	0	0
26	5	11	3015	0	0	0	0
61	13	22	3021	0	0	0	0
191	73	72	3042	0	0	0	0
110	38	49	3024	0	0	0	0
31	10	10	3016	0	0	0	0
145	61	53	3024	0	0	0	0
133	68	48	3027	0	0	0	0
22	14	16	3021	0	0	0	0
36	14	17	3023	0	0	0	0
220	108	66	3048	0	0	0	0
105	45	24	3026	0	0	0	0
83	31	37	3023	0	0	0	0
15	1	14	3009	0	0	0	0
62	32	23	3024	0	0	0	0
290	113	111	3075	0	0	0	0
225	99	79	3044	0	0	0	0
9	4	9	3015	0	0	0	0
319	131	108	3051	0	0	0	0
234	108	78	3069	0	0	0	0
42	24	7	3014	0	0	0	0
111	50	61	3038	0	0	0	0
252	112	105	3050	0	0	0	0
37	21	13	3018	0	0	0	0
261	100	92	3060	0	0	0	0
96	56	46	3030	0	0	0	0
112	70	56	3038	0	0	0	0
110	44	56	3036	0	0	0	0
200	106	83	3052	0	0	0	0
38	18	18	3018	0	0	0	0
74	36	30	3035	0	0	0	0
58	21	18	3021	0	0	0	0
215	78	73	3043	0	0	0	0
12	2	9	3010	0	0	0	0
92	43	33	3030	0	0	0	0
280	146	140	3050	0	0	0	0
117	51	36	3036	0	0	0	0
42	26	22	3016	0	0	0	0
60	27	35	3029	0	0	0	0
37	24	21	3023	0	0	0	0
24	6	13	3012	0	0	0	0
34	10	11	3015	0	0	0	0
13	2	3	3017	0	0	0	0
281	132	103	3059	0	0	0	0
335	116	95	3064	0	0	0	0
23	5	12	3013	0	0	0	0
232	102	81	3063	0	0	0	0
90	36	26	3033	0	0	0	0
232	127	91	3073	0	0	0	0
125	62	56	3030	0	0	0	0
87	34	22	3028	0	0	0	0
224	117	85	3041	0	0	0	0
90	50	49	3032	0	0	0	0
170	57	51	3051	0	0	0	0
143	78	57	3033	0	0	0	0
32	11	12	3016	0	0	0	0
75	23	24	3023	0	0	0	0
68	39	26	3023	0	0	0	0
418	168	167	3102	0	0	0	0
175	89	75	3061	0	0	0	0
88	42	36	3029	0	0	0	0
116	56	54	3035	0	0	0	0
242	85	92	3044	0	0	0	0
22	7	5	3013	0	0	0	0
315	126	146	3105	0	0	0	0
349	179	160	3075	0	0	0	0
259	124	84	3071	0	0	0	0
317	150	115	3056	0	0	0	0
105	46	39	3046	0	0	0	0
181	84	68	3056	0	0	0	0
139	65	66	3039	0	0	0	0
92	25	31	3039	0	0	0	0
12	3	3	3012	0	0	0	0
155	95	57	3036	0	0	0	0
282	109	100	3047	0	0	0	0
315	148	116	3083	0	0	0	0
40	18	16	3020	0	0	0	0
174	101	74	3053	0	0	0	0
303	112	112	3094	0	0	0	0
78	60	27	3032	0	0	0	0
25	14	4	3027	0	0	0	0
250	140	97	3042	0	0	0	0
163	76	64	3049	0	0	0	0
319	132	123	3050	0	0	0	0
72	33	24	3033	0	0	0	0
279	96	101	3048	0	0	0	0
355	116	114	3083	0	0	0	0
15	14	7	3010	0	0	0	0
314	128	113	3064	0	0	0	0
257	143	117	3052	0	0	0	0
192	75	82	3045	0	0	0	0
11	4	6	3010	0	0	0	0
245	114	120	3062	0	0	0	0
8	6	6	3015	0	0	0	0
243	95	71	3061	0	0	0	0
251	156	110	3049	0	0	0	0
30	4	12	3009	0	0	0	0
125	59	57	3040	0	0	0	0
15	7	5	3010	0	0	0	0
223	91	88	3067	0	0	0	0
63	20	16	3019	0	0	0	0
169	63	69	3045	0	0	0	0
167	82	75	3052	0	0	0	0
26	9	3	3014	0	0	0	0
311	126	129	3070	0	0	0	0
211	85	62	3043	0	0	0	0
49	21	20	3025	0	0	0	0
234	105	114	3058	0	0	0	0
201	117	95	3047	0	0	0	0
126	59	45	3024	0	0	0	0
355	163	141	3068	0	0	0	0
255	132	137	3061	0	0	0	0
121	55	66	3037	0	0	0	0
141	52	52	3038	0	0	0	0
140	53	60	3038	0	0	0	0
212	80	78	3047	0	0	0	0
120	69	61	3052	0	0	0	0
57	23	28	3024	0	0	0	0
38	16	17	3024	0	0	0	0
68	32	25	3028	0	0	0	0
95	45	35	3019	0	0	0	0
32	18	20	3013	0	0	0	0
176	90	71	3048	0	0	0	0
116	47	50	3030	0	0	0	0
31	12	22	3017	0	0	0	0
41	16	14	3015	0	0	0	0
345	131	121	3101	0	0	0	0
187	82	81	3060	0	0	0	0
338	159	159	3061	0	0	0	0
132	45	42	3039	0	0	0	0
5	3	2	3010	0	0	0	0
157	107	87	3051	0	0	0	0
50	15	19	3019	0	0	0	0
170	93	70	3034	0	0	0	0
57	26	21	3017	0	0	0	0
109	82	55	3038	0	0	0	0
114	41	41	3038	0	0	0	0
402	167	187	3099	0	0	0	0
193	95	75	3045	0	0	0	0
3	1	4	3010	0	0	0	0
5	2	7	3016	0	0	0	0
74	42	30	3024	0	0	0	0
7	2	3	3011	0	0	0	0
100	59	47	3029	0	0	0	0
388	140	137	3078	0	0	0	0
112	48	43	3038	0	0	0	0
132	57	56	3035	0	0	0	0
72	24	25	3026	0	0	0	0
20	3	7	3013	0	0	0	0
29	14	13	3014	0	0	0	0
5	1	4	3013	0	0	0	0
134	52	52	3032	0	0	0	0
206	84	88	3072	0	0	0	0
197	128	81	3067	0	0	0	0
244	102	109	3034	0	0	0	0
256	112	89	3070	0	0	0	0
185	101	69	3046	0	0	0	0
8	4	4	3010	0	0	0	0
83	24	51	3022	0	0	0	0
23	9	10	3014	0	0	0	0
41	12	11	3020	0	0	0	0
9	2	2	3016	0	0	0	0
154	25	62	3036	0	0	0	0
119	46	51	3030	0	0	0	0
165	79	58	3042	0	0	0	0
256	116	92	3053	0	0	0	0
15	8	3	3016	0	0	0	0
191	57	66	3038	0	0	0	0
195	89	73	3031	0	0	0	0
334	121	126	3056	0	0	0	0
199	129	100	3037	0	0	0	0
63	32	23	3027	0	0	0	0
97	27	36	3022	0	0	0	0
51	11	12	3028	0	0	0	0
7	1	3	3013	0	0	0	0
291	157	99	3087	0	0	0	0
142	63	59	3060	0	0	0	0
129	55	46	3038	0	0	0	0
21	11	7	3015	0	0	0	0
27	18	5	3022	0	0	0	0
112	52	41	3036	0	0	0	0
57	20	18	3023	0	0	0	0
298	106	126	3052	0	0	0	0
141	51	47	3051	0	0	0	0
273	120	106	3047	0	0	0	0
70	42	45	3031	0	0	0	0
131	85	64	3033	0	0	0	0
8	1	4	3012	0	0	0	0
322	157	140	3072	0	0	0	0
103	46	56	3028	0	0	0	0
35	19	16	3013	0	0	0	0
65	39	19	3027	0	0	0	0
104	33	36	3031	0	0	0	0
15	0	2	3014	0	0	0	0
224	93	84	3041	0	0	0	0
25	13	13	3017	0	0	0	0
184	46	56	3046	0	0	0	0
23	9	9	3013	0	0	0	0
169	84	71	3055	0	0	0	0
36	13	18	3014	0	0	0	0
84	37	38	3020	0	0	0	0
364	167	161	3095	0	0	0	0
12	4	4	3010	0	0	0	0
146	69	59	3037	0	0	0	0
266	107	120	3066	0	0	0	0
245	139	109	3065	0	0	0	0
157	124	62	3059	0	0	0	0
117	59	60	3040	0	0	0	0
252	116	111	3056	0	0	0	0
29	13	16	3016	0	0	0	0
176	83	66	3037	0	0	0	0
308	169	110	3062	0	0	0	0
4	1	2	3012	0	0	0	0
79	51	29	3022	0	0	0	0
270	112	93	3062	0	0	0	0
61	13	19	3024	0	0	0	0
34	12	8	3020	0	0	0	0
172	91	66	3045	0	0	0	0
38	19	13	3013	0	0	0	0
14	1	5	3017	0	0	0	0
130	61	43	3032	0	0	0	0
36	9	10	3016	0	0	0	0
352	186	148	3071	0	0	0	0
7	6	0	3012	0	0	0	0
266	108	117	3069	0	0	0	0
270	125	101	3073	0	0	0	0
263	88	100	3075	0	0	0	0
161	64	76	3035	0	0	0	0
158	79	72	3051	0	0	0	0
346	184	152	3063	0	0	0	0
194	85	83	3046	0	0	0	0
300	146	121	3077	0	0	0	0
152	56	57	3037	0	0	0	0
75	38	37	3020	0	0	0	0
25	11	8	3022	0	0	0	0
4	0	1	3010	0	0	0	0
40	21	14	3024	0	0	0	0
15	3	4	3015	0	0	0	0
432	214	160	3130	0	0	0	0
177	98	77	3058	0	0	0	0
44	14	20	3018	0	0	0	0
97	23	36	3020	0	0	0	0
247	115	102	3048	0	0	0	0
4	1	1	3011	0	0	0	0
6	5	3	3014	0	0	0	0
494	209	168	3127	0	0	0	0
177	82	65	3050	0	0	0	0
134	66	42	3037	0	0	0	0
14	9	5	3017	0	0	0	0
100	55	49	3028	0	0	0	0
43	25	15	3019	0	0	0	0
18	5	6	3012	0	0	0	0
267	139	105	3054	0	0	0	0
200	78	72	3046	0	0	0	0
6	2	4	3014	0	0	0	0
141	59	77	3038	0	0	0	0
306	135	99	3061	0	0	0	0
131	46	33	3044	0	0	0	0
105	51	57	3036	0	0	0	0
77	45	24	3024	0	0	0	0
33	15	10	3017	0	0	0	0
7	1	3	3012	0	0	0	0
232	80	64	3078	0	0	0	0
61	21	26	3019	0	0	0	0
120	45	38	3035	0	0	0	0
245	131	84	3057	0	0	0	0
11	3	1	3013	0	0	0	0
97	69	38	3034	0	0	0	0
50	14	11	3014	0	0	0	0
43	25	18	3019	0	0	0	0
336	192	120	3105	0	0	0	0
88	36	35	3043	0	0	0	0
267	112	115	3063	0	0	0	0
170	45	70	3027	0	0	0	0
39	10	5	3022	0	0	0	0
347	148	122	3073	0	0	0	0
23	7	17	3016	0	0	0	0
181	86	75	3043	0	0	0	0
88	36	38	3028	0	0	0	0
168	89	61	3040	0	0	0	0
55	19	22	3028	0	0	0	0
25	21	5	3021	0	0	0	0
28	9	9	3015	0	0	0	0
13	6	2	3013	0	0	0	0
36	14	19	3019	0	0	0	0
211	77	85	3039	0	0	0	0
69	23	36	3014	0	0	0	0
123	55	38	3038	0	0	0	0
27	26	14	3024	0	0	0	0
145	68	67	3043	0	0	0	0
182	84	95	3068	0	0	0	0
87	48	40	3026	0	0	0	0
208	126	101	3043	0	0	0	0
117	43	41	3020	0	0	0	0
134	52	34	3028	0	0	0	0
207	102	68	3050	0	0	0	0
82	55	54	3040	0	0	0	0
149	89	71	3031	0	0	0	0
269	97	105	3052	0	0	0	0
124	53	43	3059	0	0	0	0
7	1	4	3012	0	0	0	0
189	67	80	3056	0	0	0	0
228	102	80	3060	0	0	0	0
83	19	21	3024	0	0	0	0
75	38	27	3031	0	0	0	0
5	1	4	3010	0	0	0	0
22	5	6	3012	0	0	0	0
99	38	31	3024	0	0	0	0
304	126	109	3075	0	0	0	0
66	28	17	3025	0	0	0	0
218	106	84	3062	0	0	0	0
32	5	14	3016	0	0	0	0
152	61	55	3052	0	0	0	0
117	36	49	3035	0	0	0	0
213	99	93	3041	0	0	0	0
301	155	109	3051	0	0	0	0
203	84	90	3046	0	0	0	0
41	8	12	3014	0	0	0	0
136	63	41	3031	0	0	0	0
86	40	45	3034	0	0	0	0
134	70	65	3038	0	0	0	0
146	49	50	3033	0	0	0	0
205	109	87	3049	0	0	0	0
83	48	36	3032	0	0	0	0
3	0	2	3011	0	0	0	0
142	67	60	3050	0	0	0	0
237	84	94	3055	0	0	0	0
19	7	7	3012	0	0	0	0
7	1	4	3011	0	0	0	0
99	51	53	3033	0	0	0	0
28	5	14	3011	0	0	0	0
34	27	13	3016	0	0	0	0
67	35	49	3024	0	0	0	0
31	17	8	3019	0	0	0	0
55	19	32	3022	0	0	0	0
213	74	78	3032	0	0	0	0
150	50	57	3035	0	0	0	0
138	53	54	3047	0	0	0	0
33	5	7	3016	0	0	0	0
309	133	136	3056	0	0	0	0
63	24	26	3017	0	0	0	0
247	104	104	3045	0	0	0	0
113	34	39	3047	0	0	0	0
212	66	96	3043	0	0	0	0
34	9	24	3018	0	0	0	0
160	83	56	3047	0	0	0	0
157	79	57	3033	0	0	0	0
59	25	39	3027	0	0	0	0
121	59	45	3036	0	0	0	0
240	82	90	3053	0	0	0	0
69	24	15	3024	0	0	0	0
100	46	43	3031	0	0	0	0
35	25	11	3017	0	0	0	0
154	86	89	3040	0	0	0	0
52	22	18	3015	0	0	0	0
178	106	80	3045	0	0	0	0
248	96	79	3066	0	0	0	0
221	103	91	3069	0	0	0	0
79	36	42	3026	0	0	0	0
263	152	110	3057	0	0	0	0
150	83	73	3030	0	0	0	0
35	11	9	3018	0	0	0	0
269	119	105	3074	0	0	0	0
69	38	39	3021	0	0	0	0
179	76	71	3042	0	0	0	0
35	9	6	3015	0	0	0	0
101	59	33	3041	0	0	0	0
92	35	47	3034	0	0	0	0
209	108	87	3068	0	0	0	0
17	1	6	3010	0	0	0	0
110	50	63	3052	0	0	0	0
82	37	36	3040	0	0	0	0
7	4	2	3013	0	0	0	0
299	143	127	3074	0	0	0	0
101	37	42	3018	0	0	0	0
396	175	133	3092	0	0	0	0
134	57	63	3055	0	0	0	0
22	6	5	3014	0	0	0	0
12	9	8	3015	0	0	0	0
90	42	36	3032	0	0	0	0
199	78	78	3050	0	0	0	0
115	68	47	3033	0	0	0	0
171	75	60	3049	0	0	0	0
224	90	88	3060	0	0	0	0
184	78	74	3046	0	0	0	0
32	12	12	3024	0	0	0	0
264	113	89	3056	0	0	0	0
179	108	80	3069	0	0	0	0
346	132	139	3068	0	0	0	0
199	83	96	3050	0	0	0	0
339	151	171	3085	0	0	0	0
92	58	40	3028	0	0	0	0
46	24	24	3022	0	0	0	0
160	92	60	3032	0	0	0	0
169	67	63	3057	0	0	0	0
351	155	117	3088	0	0	0	0
233	102	111	3055	0	0	0	0
156	77	72	3036	0	0	0	0
6	2	0	3014	0	0	0	0
164	68	71	3036	0	0	0	0
31	7	14	3016	0	0	0	0
65	26	31	3017	0	0	0	0
47	14	15	3023	0	0	0	0
14	6	7	3016	0	0	0	0
222	142	86	3057	0	0	0	0
232	80	91	3053	0	0	0	0
82	34	24	3027	0	0	0	0
20	8	7	3016	0	0	0	0
69	45	37	3030	0	0	0	0
67	46	25	3023	0	0	0	0
293	173	127	3082	0	0	0	0
247	146	108	3059	0	0	0	0
18	10	13	3019	0	0	0	0
241	89	105	3049	0	0	0	0
242	105	106	3056	0	0	0	0
100	37	28	3033	0	0	0	0
90	36	37	3038	0	0	0	0
21	5	6	3017	0	0	0	0
44	12	14	3023	0	0	0	0
355	204	146	3073	0	0	0	0
140	55	68	3029	0	0	0	0
19	4	4	3009	0	0	0	0
48	10	20	3018	0	0	0	0
101	54	40	3047	0	0	0	0
123	30	30	3028	0	0	0	0
258	106	93	3049	0	0	0	0
46	21	15	3017	0	0	0	0
