1.5	0.0	0.0	0.0
2.25	0.5	0.0	0.0
0.25	0.0	0.0	0.0
2.75	0.9230769230769231	1.0	0.0
0.5	0.0	0.0	0.0
0.5	0.0	0.0	0.0
1.5	1.0	1.0	0.0
1.0	1.0	0.0	0.0
1.25	0.0	0.0	0.0
0.5	1.0	1.0	0.0
0.75	0.0	0.0	0.0
1.75	0.0	0.0	0.0
0.75	0.0	0.0	0.0
0.5	1.0	0.6666666666666666	0.0
1.25	0.6666666666666666	0.0	0.0
1.75	0.0	0.0	0.0
1.75	1.0	0.0	0.0
0.75	0.0	0.0	0.0
0.25	0.0	0.0	0.0
2.25	1.1666666666666667	0.0	0.0
1.0	0.0	0.0	0.0
1.0	0.0	0.0	0.0
2.5	1.5	0.0	0.0
1.0	0.0	0.0	0.0
1.75	0.0	0.0	0.0
1.0	3.0	0.0	0.0
0.25	0.0	0.0	0.0
1.5	1.0	1.0	0.0
0.75	0.5	0.5	0.0
1.75	1.0	0.0	0.0
1.25	0.0	0.0	0.0
1.25	0.0	0.0	0.0
1.5	1.0	0.5	0.0
1.0	1.0	0.0	0.0
1.5	1.0	0.0	0.0
1.25	1.125	0.0	0.0
0.5	0.0	0.0	0.0
0.5	0.0	0.0	0.0
1.5	0.0	1.0	0.0
1.25	0.0	0.0	0.0
1.25	0.0	0.0	0.0
2.25	0.0	0.0	0.0
2.5	0.0	0.0	0.0
0.75	3.0	0.0	0.0
1.5	0.0	0.0	0.0
0.75	1.0	0.0	0.0
0.75	1.2307692307692308	0.0	0.0
1.0	0.0	0.0	0.0
1.5	0.5	0.0	0.0
1.0	0.0	0.0	0.0
0.5	1.25	0.0	0.0
0.25	0.0	0.0	0.0
1.5	0.7142857142857143	0.0	0.0
0.75	0.0	0.0	0.0
1.0	0.0	0.0	0.0
1.25	1.125	0.0	0.0
1.5	1.8	0.0	0.0
2.25	0.0	0.0	0.0
2.0	0.0	0.0	0.0
0.5	1.0769230769230769	0.0	0.0
1.75	0.6666666666666666	0.0	0.0
0.75	0.0	0.0	0.0
1.75	0.75	0.0	0.0
1.0	0.0	0.0	0.0
1.25	0.5	0.0	0.0
0.75	0.0	0.0	0.0
1.25	1.2	0.0	0.0
1.75	1.0	0.0	0.0
0.0	0.0	0.0	0.0
0.5	0.0	0.0	0.0
1.25	0.0	0.0	0.0
1.0	0.0	0.0	0.0
1.0	1.0	1.6666666666666667	0.0
1.0	3.0	0.7142857142857143	0.0
0.75	1.0	1.0	0.0
0.5	0.0	0.0	0.0
1.75	0.5	0.5	0.0
1.75	0.9	0.0	0.0
1.0	0.0	0.0	0.0
0.75	0.0	0.0	0.0
0.5	1.0	0.0	0.0
2.0	0.0	0.8	0.0
0.5	0.0	0.0	0.0
2.75	1.2941176470588236	0.0	0.0
1.5	2.3333333333333335	0.0	0.0
2.0	1.0	0.75	0.0
1.25	0.0	0.0	0.0
1.25	0.0	0.0	0.0
1.5	1.0	0.0	0.0
2.5	0.8333333333333334	0.5	0.0
1.0	0.0	0.0	0.0
1.25	0.0	1.0	0.0
1.0	0.0	0.0	0.0
2.75	0.5	0.0	0.0
2.0	1.3333333333333333	0.6	0.0
1.0	0.0	0.0	0.0
0.5	1.25	0.0	0.0
0.0	0.0	0.0	0.0
0.5	0.0	0.0	0.0
0.75	0.0	0.0	0.0
0.5	0.0	0.0	0.0
0.5	0.0	0.0	0.0
1.25	0.0	0.0	0.0
0.5	0.0	0.0	0.0
3.0	0.0	0.0	0.0
2.0	1.0	1.4	0.0
0.75	0.0	0.0	0.0
1.75	0.0	0.0	0.0
0.5	1.0	1.0	0.0
0.25	0.0	0.0	0.0
1.25	0.8571428571428571	0.8333333333333334	0.0
2.5	1.4	0.0	0.0
1.25	1.0	0.0	0.0
2.0	1.5	0.0	0.0
1.5	3.0	0.0	0.0
0.75	2.25	0.0	0.0
1.25	0.0	0.0	0.0
1.0	0.0	0.0	0.0
1.0	0.0	0.0	0.0
0.25	0.0	0.0	0.0
0.5	1.0	0.0	0.0
1.75	0.5384615384615384	0.75	0.0
0.5	0.0	0.0	0.0
1.25	0.0	0.0	0.0
1.75	1.3333333333333333	0.0	0.0
1.25	2.5	1.0	0.0
0.5	0.0	0.0	0.0
0.75	0.0	0.0	0.0
1.0	0.0	0.0	0.0
1.25	1.0	1.6666666666666667	0.0
1.0	0.0	0.0	0.0
2.5	0.0	1.5	1.0
0.25	0.0	0.0	0.0
0.75	1.0	0.3333333333333333	0.0
1.75	3.3333333333333335	0.6666666666666666	0.0
2.0	1.1428571428571428	1.5	0.0
0.25	0.0	0.0	0.0
2.0	0.0	0.0	0.0
1.5	0.6153846153846154	1.3333333333333333	0.0
0.75	0.8571428571428571	1.0	0.5
0.25	0.5	1.5	0.0
1.0	2.0	0.0	0.0
1.25	1.0	0.0	0.0
0.75	0.0	0.0	0.0
1.5	0.0	0.0	0.0
1.0	1.6	0.0	0.0
1.5	0.0	0.0	0.0
1.25	2.0	0.0	0.0
2.75	0.0	0.0	0.0
1.0	0.0	0.0	0.0
1.75	0.0	0.0	0.0
0.75	0.0	0.0	0.0
0.25	0.0	0.0	0.0
1.0	0.0	0.0	0.0
1.5	0.7272727272727273	0.0	0.0
0.75	0.0	0.0	0.0
1.5	1.5	0.5	0.0
1.75	0.0	0.0	0.0
1.5	1.6	0.0	0.0
1.25	0.0	0.0	0.0
1.5	0.6666666666666666	1.0	0.0
0.75	0.0	0.0	0.0
0.25	0.0	0.0	0.0
0.5	0.0	0.0	0.0
1.0	0.0	0.0	0.0
0.25	0.0	0.0	0.0
1.25	0.8	0.0	0.0
0.5	0.0	0.0	0.0
1.5	1.0714285714285714	0.0	0.0
0.75	1.0	0.0	0.0
1.0	0.0	0.0	0.0
1.25	0.0	0.0	0.0
1.75	0.0	0.0	0.0
0.75	2.0	0.0	0.0
1.25	1.25	0.0	0.0
1.0	0.0	0.0	0.0
2.0	0.0	0.0	0.0
1.0	0.8888888888888888	3.0	0.0
2.0	0.0	0.0	0.0
1.5	1.0	1.0	0.0
1.25	0.0	0.0	0.0
2.0	0.0	0.0	0.0
2.75	0.0	0.0	0.0
1.0	2.0	1.0	0.0
2.25	0.8181818181818182	0.0	0.0
1.75	2.0	0.0	0.0
2.0	1.3333333333333333	1.0	0.0
0.75	0.0	0.0	0.0
0.5	0.0	0.0	0.0
0.75	0.0	0.0	0.0
1.5	0.0	0.0	0.0
1.5	0.5	0.0	0.0
2.25	0.7333333333333333	1.0	0.0
1.0	0.0	1.0	0.0
1.25	1.0	0.0	8.0
0.25	0.0	0.0	0.0
0.75	0.0	0.0	0.0
1.5	0.0	0.0	0.0
1.75	1.5	2.0	0.0
0.75	0.0	0.0	0.0
1.25	2.0	1.3333333333333333	0.0
0.75	1.0	0.0	0.0
1.5	0.3	0.0	0.0
1.0	0.0	0.0	0.0
1.0	0.0	0.0	0.0
1.75	0.0	0.0	0.0
2.75	1.6666666666666667	0.0	0.0
0.25	0.6666666666666666	0.0	0.0
2.0	0.0	0.0	0.0
1.25	0.75	1.0	0.0
2.0	0.0	0.0	0.0
1.25	0.0	0.0	0.0
1.5	0.0	1.6666666666666667	0.0
0.5	0.0	0.0	0.0
1.0	0.0	0.0	0.0
1.5	0.7777777777777778	0.0	0.0
0.75	0.0	0.0	0.0
1.25	2.0	0.0	0.0
0.5	0.0	0.0	0.0
2.0	0.3333333333333333	0.6666666666666666	0.0
0.5	0.0	0.0	0.0
0.25	0.0	0.0	0.0
1.5	1.2	0.0	0.0
1.25	3.0	1.1666666666666667	2.0
2.5	1.25	0.0	0.0
0.5	0.0	0.0	0.0
0.5	0.0	0.0	0.0
0.25	0.0	0.0	0.0
1.5	1.0714285714285714	4.0	0.0
2.75	1.25	3.0	0.0
1.0	1.0	3.3333333333333335	0.0
1.25	2.0	0.0	0.0
1.0	0.0	0.0	0.0
2.25	0.625	0.0	0.0
1.25	0.0	0.0	0.0
1.0	0.0	0.0	0.0
1.0	0.0	0.0	0.0
1.25	0.0	0.0	0.0
2.0	0.8333333333333334	0.0	0.0
1.25	0.0	0.0	0.0
1.75	1.0	0.0	0.0
0.0	0.0	0.0	0.0
1.25	2.0	0.0	0.0
1.0	1.2857142857142858	0.0	0.0
1.25	1.0	0.0	0.0
1.5	0.0	0.0	0.0
1.5	0.0	1.0	0.0
0.5	0.0	0.0	0.0
0.75	1.0	0.0	0.0
2.5	1.0	0.0	0.0
0.75	0.0	0.0	0.0
0.75	0.0	0.0	0.0
1.5	0.0	0.0	0.0
1.0	0.0	0.0	0.0
1.25	1.0	1.1666666666666667	0.0
1.25	0.0	0.0	0.0
1.25	0.0	0.0	0.0
0.25	0.0	0.0	0.0
0.25	0.0	0.0	0.0
0.75	0.0	0.0	0.0
0.75	0.0	0.0	0.0
0.75	0.0	0.0	0.0
0.75	0.0	0.0	0.0
0.25	0.0	0.0	0.0
0.75	0.0	0.0	0.0
1.5	0.0	0.0	0.0
2.25	1.5	1.3333333333333333	0.0
0.5	0.0	0.0	0.0
1.75	0.0	0.0	0.0
1.0	0.0	0.0	0.0
0.5	1.0	0.5	0.0
0.75	0.5	0.0	0.0
2.75	0.9285714285714286	1.0	0.0
0.25	0.0	0.0	0.0
1.25	0.7142857142857143	0.0	0.0
2.25	0.9	0.0	0.0
1.25	0.8333333333333334	1.25	0.0
0.75	1.3076923076923077	1.0	0.0
0.75	0.0	0.0	0.0
1.0	0.0	0.0	0.0
0.25	0.0	0.0	0.0
2.25	0.0	0.0	0.0
1.75	0.0	0.0	0.0
1.25	0.5555555555555556	0.3333333333333333	0.0
1.5	0.8	0.0	0.0
0.25	0.0	0.0	0.0
1.5	0.0	0.0	0.0
1.75	0.0	0.0	0.0
2.0	0.0	0.0	0.0
0.75	0.0	0.0	0.0
1.0	1.2	0.0	0.0
1.5	0.0	0.0	0.0
1.5	1.2222222222222223	0.0	0.0
1.0	1.0	0.0	0.0
0.75	0.0	0.0	0.0
1.25	0.6	0.0	0.0
2.0	0.0	0.0	0.0
2.5	1.0	0.0	0.0
0.75	1.0	0.0	0.0
1.25	0.7777777777777778	2.0	0.0
0.75	0.0	0.0	0.0
0.5	0.0	0.0	0.0
1.75	0.0	0.0	0.0
1.5	0.0	0.0	0.0
1.0	1.6666666666666667	1.3333333333333333	0.0
1.0	0.8888888888888888	0.5	0.0
1.0	4.0	0.0	0.0
0.75	0.0	0.0	0.0
0.25	0.0	0.0	0.0
1.0	1.0	0.0	0.0
1.25	1.2	0.0	0.0
1.25	0.0	0.0	0.0
2.0	1.0	0.0	0.0
0.5	0.0	0.0	0.0
1.0	2.0	2.5	0.0
0.0	0.0	0.0	0.0
1.0	1.0	1.0	0.0
1.25	0.0	0.75	0.0
1.0	0.0	0.0	0.0
1.75	0.8333333333333334	0.0	0.0
1.25	0.0	0.0	0.0
1.5	1.1	0.0	0.0
2.25	0.75	0.0	0.0
0.25	0.0	0.0	0.0
0.5	2.0	2.0	0.5
1.0	0.0	0.0	0.0
0.5	0.0	0.0	0.0
0.75	0.8	0.0	0.0
1.5	0.0	0.0	0.0
1.0	0.0	0.0	0.0
1.25	0.0	2.0	0.0
1.0	2.0	2.0	0.0
1.75	0.3333333333333333	0.5	0.0
0.5	0.0	0.0	0.0
2.25	1.0	0.0	0.0
1.0	1.0	0.0	0.0
2.75	0.6	2.3333333333333335	0.0
2.0	0.0	0.0	0.0
1.25	0.0	0.0	0.0
0.5	1.0909090909090908	0.0	0.0
1.75	1.5	0.0	0.0
0.5	0.0	0.0	0.0
0.75	0.0	1.0833333333333333	0.0
1.25	0.0	0.0	0.0
1.0	0.0	2.0	0.0
1.5	0.6666666666666666	0.0	0.0
1.0	0.0	0.0	0.0
0.5	0.0	0.0	0.0
1.25	0.5	0.0	0.0
1.5	0.0	0.0	0.0
1.25	0.0	0.0	0.0
1.5	0.0	0.0	0.0
0.5	0.0	0.0	0.0
1.25	0.0	0.0	0.0
0.5	1.6666666666666667	0.0	0.0
2.25	0.7142857142857143	1.5	0.0
0.5	3.0	0.0	0.0
0.5	0.0	0.0	0.0
1.75	0.6666666666666666	0.0	0.0
0.5	0.0	0.0	0.0
2.0	0.0	0.0	0.0
1.0	0.0	0.0	0.0
0.75	1.0	1.0	0.0
0.5	1.6	0.0	0.0
0.75	0.0	0.0	0.0
0.75	1.625	0.3333333333333333	0.0
0.75	0.0	0.0	0.0
1.0	0.0	0.0	0.0
1.0	0.9	3.0	0.0
2.5	1.3333333333333333	0.0	0.0
0.75	0.0	0.0	0.0
0.75	0.9090909090909091	0.3333333333333333	0.0
1.0	0.0	0.0	0.0
0.5	0.0	0.0	0.0
0.5	1.25	0.0	0.0
1.5	1.4545454545454546	0.0	0.0
0.75	0.8181818181818182	1.5	0.0
2.0	1.0	1.0	0.0
1.25	1.5	0.0	0.0
1.25	0.0	0.0	0.0
1.5	0.0	0.0	0.0
2.25	1.6666666666666667	0.0	0.0
0.75	0.0	0.0	0.0
0.5	0.0	0.0	0.0
0.75	0.0	0.0	0.0
2.75	1.4	0.0	0.0
0.75	0.0	0.0	0.0
1.75	1.4444444444444444	1.0	0.0
1.25	0.7142857142857143	0.5	0.0
1.0	0.0	0.0	0.0
1.5	0.6666666666666666	0.8333333333333334	0.0
1.0	0.0	0.0	0.0
1.0	0.0	0.0	0.0
1.25	0.0	0.0	0.0
1.5	0.0	0.0	0.0
2.0	0.6666666666666666	0.0	0.0
1.25	0.0	0.0	0.0
1.0	0.0	0.0	0.0
1.5	0.0	0.0	0.0
0.5	1.0	0.0	0.0
1.0	1.5	1.0	0.0
1.0	0.0	0.0	0.0
1.0	0.0	0.0	0.0
1.25	2.0	0.0	0.0
1.5	0.0	0.0	0.0
1.0	2.0	0.0	0.0
1.25	0.0	0.0	0.0
0.5	0.0	0.0	0.0
0.75	1.0	0.25	0.0
0.75	0.75	0.0	0.0
1.5	0.4	0.0	0.0
2.25	0.0	0.0	0.0
1.25	1.2	0.0	0.0
0.75	1.5	2.0	0.0
0.5	0.0	0.0	0.0
0.75	0.0	0.0	0.0
0.75	0.0	0.0	0.0
1.75	1.1111111111111112	0.0	0.0
1.5	0.0	0.0	0.0
1.75	1.0	1.5	0.0
0.5	0.0	0.0	0.0
1.25	1.0	0.625	0.0
0.75	2.0	0.0	0.0
0.25	0.0	0.0	0.0
2.5	0.0	0.0	0.0
1.0	0.0	0.0	0.0
1.75	1.0	0.0	0.0
1.75	0.5	0.0	0.0
2.25	0.0	0.0	0.0
1.5	0.0	0.0	0.0
1.5	0.0	0.0	0.0
0.5	0.0	0.0	0.0
1.75	1.0	0.0	0.0
0.25	0.75	0.0	0.0
2.0	3.0	1.0	0.0
0.75	0.0	0.0	0.0
1.75	0.0	0.0	0.0
2.0	0.0	0.0	0.0
0.25	0.0	0.0	0.0
1.5	0.25	0.0	0.0
2.0	0.0	0.0	0.0
1.0	0.0	0.0	0.0
0.5	0.0	0.0	0.0
0.5	0.0	0.0	0.0
1.0	1.0833333333333333	1.0	0.0
1.75	0.0	0.0	0.0
3.0	1.1666666666666667	1.0	0.0
1.5	2.6666666666666665	0.0	0.0
0.75	2.2	0.5	0.0
0.75	2.0	1.2	0.0
0.75	0.0	0.0	0.0
1.0	0.0	0.0	0.0
0.5	0.0	0.0	0.0
0.0	0.0	0.0	0.0
0.75	0.0	0.0	0.0
1.25	0.0	0.0	0.0
0.75	0.0	0.0	0.0
1.75	0.0	0.0	0.0
1.75	0.0	0.0	0.0
1.25	0.4	0.6666666666666666	0.0
1.75	0.0	0.0	0.0
1.5	2.0	0.0	0.0
0.5	0.0	0.0	0.0
0.5	0.0	0.0	0.0
0.75	0.0	0.0	0.0
1.5	0.0	0.0	0.0
1.75	0.0	0.0	0.0
1.5	0.0	0.0	0.0
0.5	0.0	0.0	0.0
1.25	0.5	0.0	0.0
2.5	1.1	0.0	0.0
1.25	0.0	3.0	0.0
1.0	0.0	0.0	0.0
1.0	0.0	0.0	0.0
1.75	0.0	0.0	0.0
1.0	1.3333333333333333	1.0	0.0
1.0	1.8	0.16666666666666666	0.0
0.75	0.0	0.0	0.0
1.0	0.4	2.0	0.0
1.25	0.0	0.0	0.0
1.0	0.9090909090909091	0.0	0.0
2.5	0.5	0.0	0.0
0.25	0.0	0.0	0.0
0.75	0.0	0.0	0.0
1.5	1.25	1.0	0.0
1.5	0.0	0.0	0.0
1.25	0.0	0.0	0.0
1.25	1.0	0.0	0.0
1.25	1.0	0.0	0.0
0.0	0.0	0.0	0.0
2.75	0.36363636363636365	0.0	0.0
0.75	0.0	0.0	0.0
0.75	0.0	0.0	0.0
1.0	0.0	0.0	0.0
0.75	0.0	0.0	0.0
1.0	1.0	0.0	0.0
0.25	0.5384615384615384	0.0	0.0
1.0	0.0	0.0	0.0
1.0	0.0	0.0	0.0
1.0	0.0	0.0	0.0
0.5	0.0	0.0	0.0
0.5	0.0	0.0	0.0
1.25	0.0	0.0	0.0
1.5	0.0	0.0	0.0
1.0	0.0	0.0	0.0
1.0	0.0	0.0	0.0
1.5	0.0	0.0	0.0
1.0	3.0	0.0	0.0
2.5	1.1666666666666667	1.0	0.0
0.75	0.0	0.0	0.0
1.25	0.0	0.0	0.0
0.75	0.0	0.0	0.0
0.25	0.0	0.0	0.0
1.0	0.0	0.0	0.0
0.25	0.0	0.0	0.0
1.0	0.0	0.0	0.0
0.5	0.0	1.0	0.0
0.25	0.0	0.0	0.0
1.5	0.0	0.0	0.0
2.25	1.0	0.0	0.0
0.5	0.0	0.0	0.0
2.75	1.0	0.0	0.0
1.25	0.0	0.0	0.0
1.0	0.0	0.0	0.0
1.75	0.0	0.0	0.0
1.0	2.0	0.0	0.0
3.0	0.0	0.0	0.0
1.0	1.25	0.0	0.0
0.5	0.0	0.0	0.0
1.0	0.5	0.0	0.0
0.5	0.0	0.0	0.0
0.75	0.0	0.0	0.0
1.0	0.0	0.0	0.0
1.5	0.0	0.0	0.0
1.75	0.0	0.0	0.0
1.25	2.2	0.0	0.0
1.0	1.2857142857142858	3.0	0.0
2.5	0.0	0.0	0.0
1.5	1.8	0.0	0.0
1.25	0.6666666666666666	0.0	0.0
1.75	1.0	0.0	0.0
3.5	0.0	0.0	0.0
1.75	0.5	0.5	0.0
1.75	0.8888888888888888	0.0	0.0
1.5	0.0	0.75	0.0
1.0	0.3333333333333333	1.5	0.0
0.75	0.0	0.0	0.0
0.25	0.0	0.0	0.0
0.5	0.75	2.0	0.0
1.75	1.0	1.0	0.0
1.75	1.0909090909090908	0.0	0.0
0.5	0.0	0.0	0.0
1.75	0.0	0.0	0.0
0.75	0.0	0.0	0.0
1.25	0.0	0.0	0.0
2.5	0.0	0.0	0.0
0.5	1.4285714285714286	0.0	0.0
2.0	0.0	0.0	0.0
0.0	0.0	0.0	0.0
1.75	0.8	1.0	0.0
2.0	0.0	0.0	0.0
1.0	0.0	0.0	0.0
0.75	0.0	0.0	0.0
1.25	1.0666666666666667	0.0	0.0
1.5	1.0	0.0	0.0
1.25	0.0	0.0	0.0
1.5	0.0	0.0	0.0
2.25	0.0	0.0	0.0
1.0	0.0	0.0	0.0
0.5	0.0	0.0	0.0
0.5	0.0	0.0	0.0
1.0	0.0	0.0	0.0
0.75	0.0	0.0	0.0
1.5	0.6666666666666666	0.0	0.0
1.5	0.0	0.0	0.0
3.25	0.8571428571428571	0.0	0.0
1.0	0.0	0.0	0.0
0.75	0.0	0.0	0.0
0.5	0.0	0.0	0.0
0.25	0.0	0.0	0.0
0.75	1.125	1.0	0.0
1.75	0.0	0.0	0.0
0.0	0.0	0.0	0.0
0.5	0.5	0.0	0.0
0.75	0.0	0.0	0.0
2.25	0.0	0.0	0.0
0.75	0.0	0.0	0.0
1.5	0.0	0.0	0.0
1.25	0.5714285714285714	0.0	0.0
1.5	0.8	0.0	0.0
1.75	0.6666666666666666	0.0	0.0
1.25	0.0	0.0	0.0
2.5	0.0	0.0	0.0
1.0	0.0	0.0	0.0
1.5	0.5833333333333334	0.0	0.0
1.5	0.0	0.0	0.0
0.75	0.0	0.0	0.0
2.0	0.0	0.0	0.0
1.5	0.0	0.0	0.0
1.0	0.0	0.0	0.0
0.75	0.0	0.0	0.0
2.5	1.25	0.0	0.0
2.0	2.0	1.25	0.0
1.5	1.3333333333333333	0.0	0.0
1.5	1.0	0.0	0.0
0.75	0.0	0.0	0.0
1.5	2.0	0.6666666666666666	0.0
1.5	1.0	1.0	0.0
1.25	0.0	0.0	0.0
0.75	0.0	0.0	0.0
1.25	0.0	0.0	0.0
1.5	0.0	0.0	0.0
1.0	0.0	0.0	0.0
0.5	0.0	0.0	0.0
1.75	0.0	0.0	0.0
1.0	1.6666666666666667	0.0	0.0
1.25	0.0	0.0	0.0
1.5	0.0	0.0	0.0
0.25	0.5	0.0	0.0
1.25	0.0	0.0	0.0
0.75	0.8	1.0	0.0
1.25	0.0	0.0	0.0
1.5	0.0	0.0	0.0
1.75	0.0	0.0	0.0
1.0	0.0	0.0	0.0
1.5	1.1111111111111112	0.0	0.0
0.75	0.375	0.0	0.0
0.5	0.0	0.0	0.0
1.5	2.0	0.0	0.0
1.75	1.25	0.0	0.0
1.75	1.0	0.0	0.0
1.0	1.0	1.5	0.0
0.75	0.0	0.0	0.0
1.0	0.0	0.0	0.0
0.75	0.0	0.0	0.0
0.75	0.0	0.0	0.0
0.5	0.0	0.0	0.0
2.25	0.5	0.0	0.0
1.0	0.0	0.0	0.0
1.25	0.0	0.0	0.0
0.75	0.0	0.0	0.0
1.0	1.1	2.0	0.0
1.75	1.0	0.0	0.0
1.0	0.0	0.0	0.0
1.25	0.4	0.0	0.0
1.0	0.6666666666666666	0.0	0.0
1.25	0.0	1.0	0.0
2.25	1.1666666666666667	1.3333333333333333	0.0
1.25	0.0	0.0	0.0
0.75	0.0	0.0	0.0
0.5	0.0	0.0	0.0
2.0	1.0	2.0	0.0
1.25	1.1666666666666667	1.0	0.0
0.75	1.9090909090909092	0.3333333333333333	0.0
2.75	1.9166666666666667	0.0	0.0
0.5	0.0	0.0	0.0
0.5	6.0	0.0	0.0
1.0	0.0	0.0	0.0
2.0	0.0	0.0	0.0
1.25	0.0	1.6666666666666667	0.0
0.5	0.0	0.0	0.0
0.5	0.0	0.0	0.0
1.0	0.75	0.0	0.0
0.75	2.090909090909091	0.0	0.0
1.75	3.0	0.0	0.0
3.0	0.0	0.0	0.0
1.0	0.0	0.0	0.0
0.75	2.5	0.0	0.0
1.75	0.16666666666666666	0.0	0.0
2.5	0.4	1.0	0.0
0.75	0.0	0.0	0.0
1.0	0.5	2.0	0.0
0.75	0.2857142857142857	0.0	0.0
1.25	1.0	0.0	0.0
1.0	0.5	1.5	0.0
1.25	0.0	0.0	0.0
2.25	0.0	0.0	0.0
1.0	0.0	0.0	0.0
1.5	2.0	0.0	0.0
1.5	0.75	0.0	0.0
0.75	0.0	0.0	0.0
0.75	1.5384615384615385	0.0	0.0
1.25	0.0	0.75	0.0
0.5	1.8	1.0	0.0
1.5	0.875	0.0	0.0
2.25	0.625	0.5	0.0
1.0	1.1428571428571428	1.5	0.0
0.75	0.0	0.0	0.0
0.25	0.0	0.0	0.0
0.75	0.0	0.0	0.0
1.75	0.3333333333333333	0.0	0.0
1.25	1.3333333333333333	0.0	0.0
1.75	3.0	1.0	0.0
1.25	0.0	0.0	0.0
1.0	0.0	0.5	0.0
1.5	0.0	0.0	0.0
0.75	0.0	0.0	0.0
0.5	1.2941176470588236	0.0	0.0
1.25	0.0	0.0	0.0
0.75	0.0	0.0	0.0
0.75	0.3333333333333333	1.0	0.0
0.5	0.0	0.0	0.0
1.5	0.0	0.0	0.0
0.5	0.0	0.0	0.0
2.25	0.0	0.0	0.0
0.5	0.0	0.0	0.0
0.75	0.3333333333333333	0.0	0.0
1.75	1.8888888888888888	0.0	0.0
1.0	0.0	0.0	0.0
1.75	0.0	0.0	0.0
0.75	0.0	0.0	0.0
2.0	0.75	0.0	0.0
1.25	0.6	0.5	0.0
0.75	0.0	0.0	0.0
2.0	0.6666666666666666	0.5	0.0
0.75	0.0	0.0	0.0
0.5	0.0	0.0	0.0
0.5	1.1666666666666667	0.0	0.0
1.5	0.0	0.0	0.0
0.5	0.0	0.0	0.0
1.0	0.0	0.0	0.0
1.25	1.0	1.0833333333333333	0.0
1.5	0.0	0.0	0.0
0.75	0.0	0.0	0.0
0.75	0.0	0.0	0.0
0.5	0.0	0.0	0.0
1.0	0.0	0.0	0.0
1.0	0.0	0.0	0.0
0.25	0.0	0.0	0.0
0.5	0.0	0.0	0.0
1.0	0.6363636363636364	0.0	0.0
1.75	1.0	0.3333333333333333	0.0
1.75	0.0	0.0	0.0
1.5	1.1111111111111112	0.0	0.0
0.5	0.0	0.0	0.0
2.0	1.3333333333333333	1.0	0.0
0.75	0.0	0.0	0.0
1.0	0.0	0.0	0.0
2.25	0.0	0.0	0.0
0.75	1.2222222222222223	1.3333333333333333	0.0
1.25	0.0	0.0	0.0
2.25	0.0	0.0	0.0
1.25	0.0	0.0	0.0
0.75	0.0	0.0	0.0
1.0	0.0	0.0	0.0
0.25	0.0	0.0	0.0
0.5	0.0	0.0	0.0
1.75	1.1666666666666667	0.0	0.0
1.0	0.0	0.0	0.0
1.5	1.1666666666666667	0.0	0.0
1.0	0.0	0.0	0.0
1.5	0.0	0.0	0.0
0.25	0.6666666666666666	1.25	0.0
0.25	0.0	0.0	0.0
0.75	1.0	1.0	0.0
0.25	0.0	0.0	0.0
0.5	0.0	0.0	0.0
0.0	0.0	0.0	0.0
2.25	0.9375	1.6666666666666667	0.0
1.75	1.25	0.25	0.0
0.0	0.0	0.0	0.0
1.5	0.0	0.0	0.0
1.25	0.0	0.0	0.0
0.75	0.0	0.0	0.0
0.25	0.0	0.0	0.0
0.75	0.4	1.0	0.0
1.75	1.3333333333333333	0.75	0.0
1.75	0.6	0.0	0.0
1.0	0.0	0.0	0.0
1.75	0.8571428571428571	0.0	0.0
1.0	0.0	0.0	0.0
2.5	0.0	0.0	0.0
1.5	0.0	0.0	0.0
1.25	0.0	0.0	0.0
1.0	0.0	0.0	0.0
2.75	0.0	0.0	0.0
1.75	1.4285714285714286	0.0	0.0
0.25	0.0	0.0	0.0
1.75	1.4	0.0	0.0
0.75	0.0	0.0	0.0
0.75	0.0	0.0	0.0
1.0	0.0	0.0	0.0
0.75	0.8333333333333334	1.3333333333333333	0.0
1.25	0.6	1.0	0.0
1.5	0.0	0.0	0.0
1.5	1.4	1.0	0.0
0.75	1.0	0.0	0.0
2.25	0.5	0.0	0.0
1.25	1.5714285714285714	0.5	0.0
0.75	0.0	0.0	0.0
1.5	1.25	0.0	0.0
1.75	0.75	1.0	0.0
2.5	0.6666666666666666	0.0	0.0
1.0	0.0	0.0	0.0
0.75	0.0	0.0	0.0
1.0	0.0	0.0	0.0
0.75	0.0	0.0	0.0
0.75	0.0	0.0	0.0
0.5	0.0	4.0	0.0
1.75	1.0	0.5	0.0
1.25	0.0	0.0	0.0
1.0	0.0	0.0	0.0
1.0	0.0	0.0	0.0
2.0	0.0	0.0	0.0
0.75	0.0	0.25	0.0
2.25	0.0	0.0	0.0
2.5	0.7777777777777778	1.0	0.0
1.25	3.0	0.0	0.0
1.25	0.0	0.0	0.0
2.0	0.0	0.0	0.0
1.0	0.5833333333333334	0.0	0.0
1.0	0.0	0.0	0.0
1.25	0.0	0.0	0.0
1.75	0.0	0.0	0.0
1.5	1.3333333333333333	2.0	0.0
1.25	1.2	0.6666666666666666	0.0
1.5	0.0	0.0	0.0
1.5	0.0	0.0	0.0
1.25	0.0	0.0	0.0
1.0	1.3636363636363635	0.0	0.0
1.75	0.0	0.0	0.0
0.75	0.0	0.0	0.0
1.75	0.7692307692307693	0.3333333333333333	0.0
1.75	0.0	0.0	0.0
1.25	0.0	0.0	0.0
1.0	0.0	0.0	0.0
1.5	0.0	0.0	0.0
1.0	0.0	0.0	0.0
1.75	1.75	0.0	0.0
0.5	0.0	0.0	0.0
1.5	0.0	0.0	0.0
1.75	0.0	0.0	0.0
0.75	0.5	0.0	0.0
0.75	0.0	0.0	0.0
1.75	0.75	0.0	0.0
0.75	0.0	0.0	0.0
1.0	0.75	1.0	0.0
0.5	1.4	0.0	0.0
0.5	0.0	0.0	0.0
2.0	0.0	0.0	0.0
0.75	1.5454545454545454	0.0	0.0
1.25	0.0	2.0	0.0
0.5	0.0	0.0	0.0
2.25	0.8	0.0	0.0
0.5	0.0	0.0	0.0
0.25	0.0	0.0	0.0
1.25	1.0	0.0	0.0
2.0	0.6	0.0	0.0
0.5	0.0	0.0	0.0
1.0	0.0	1.6666666666666667	0.0
0.0	0.0	0.0	0.0
1.0	0.0	0.0	0.0
0.75	0.0	0.0	0.0
1.75	0.0	0.0	0.0
1.25	0.0	0.0	0.0
1.75	0.0	0.0	0.0
2.0	0.6666666666666666	0.0	0.0
1.0	2.5	0.0	0.0
1.25	0.0	1.6666666666666667	0.0
0.5	0.0	0.0	0.0
2.0	1.0	0.0	0.0
0.75	0.0	1.0	0.0
1.5	0.0	0.0	0.0
1.75	1.75	0.0	0.0
1.25	0.0	0.0	0.0
1.75	0.0	0.0	0.0
1.25	1.25	1.0	0.0
1.25	4.0	0.0	0.0
0.25	3.0	0.5	0.0
1.0	2.0	0.0	0.0
1.0	1.1428571428571428	0.0	0.0
1.0	0.0	0.0	0.0
1.25	0.0	0.0	0.0
0.5	0.0	0.0	0.0
1.0	0.5	0.0	0.0
1.5	0.0	0.0	0.0
0.75	0.0	0.0	0.0
1.25	0.0	0.0	0.0
1.0	0.0	0.0	0.0
0.75	1.75	0.0	0.0
2.25	1.0	1.3333333333333333	0.0
0.25	0.0	0.0	0.0
1.5	0.5	0.25	0.0
0.5	0.7142857142857143	0.0	0.0
0.5	0.0	0.0	0.0
0.5	0.0	0.0	0.0
1.5	1.0588235294117647	0.0	0.0
1.25	1.375	1.0	0.0
1.5	0.0	0.0	0.0
1.0	0.0	0.0	0.0
0.75	0.0	0.0	0.0
0.75	0.0	0.0	0.0
1.75	0.5555555555555556	0.0	0.0
0.25	0.0	0.0	0.0
1.25	0.75	2.0	0.0
1.5	0.0	0.0	0.0
1.5	0.0	0.0	0.0
1.5	0.0	0.0	0.0
0.25	0.0	0.0	0.0
2.0	1.0	0.0	0.0
1.5	0.0	0.0	0.0
3.25	1.75	1.0	0.0
1.5	0.0	0.0	0.0
1.75	1.0	0.0	0.0
0.25	1.0	1.0	0.0
2.0	0.0	0.0	0.0
0.5	0.0	0.0	0.0
1.0	0.0	0.0	0.0
1.75	0.0	0.0	0.0
1.0	0.0	0.3333333333333333	0.0
1.5	0.0	0.0	0.0
1.5	0.0	0.0	0.0
0.75	1.0	0.0	0.0
2.5	0.0	0.0	0.0
1.25	0.75	2.5	0.0
1.0	0.0	0.0	0.0
1.0	1.8	0.0	0.0
1.0	0.0	0.0	0.0
1.25	1.0	0.0	0.0
1.5	0.0	0.0	0.0
2.25	2.0	0.0	0.0
1.75	1.0	0.0	0.0
0.25	0.0	0.0	0.0
2.0	0.0	0.0	0.0
1.75	0.75	0.0	0.0
0.5	0.0	0.0	0.0
0.25	0.0	0.0	0.0
0.5	0.0	0.0	0.0
1.5	0.0	0.0	0.0
1.25	0.0	0.0	0.0
0.5	1.5	1.0	0.0
1.75	0.25	1.0	0.0
2.0	0.5	0.0	0.0
1.25	0.0	0.0	0.0
1.25	0.0	0.0	0.0
2.0	1.0909090909090908	0.0	0.0
1.25	2.0	0.0	0.0
1.5	0.3333333333333333	1.6	1.0
1.0	1.0	0.0	0.0
0.75	0.0	0.0	0.0
1.25	0.375	0.0	0.0
2.25	0.5	0.0	0.0
0.75	1.0	3.0	0.0
2.25	1.4	0.0	0.0
1.5	0.0	0.0	0.0
0.75	0.0	0.0	0.0
0.75	0.0	0.0	0.0
1.25	1.0	0.0	0.0
0.75	0.0	0.0	0.0
1.5	0.6153846153846154	1.0	0.0
1.25	1.0	0.0	0.0
0.25	0.0	0.0	0.0
1.0	0.0	0.0	0.0
1.25	0.0	0.0	0.0
0.25	0.0	0.0	0.0
1.75	0.375	0.0	0.0
1.75	0.0	0.0	0.0
2.0	3.0	0.0	0.0
0.75	0.0	0.0	0.0
0.75	0.7777777777777778	1.0	0.0
1.25	0.0	0.0	0.0
1.0	0.0	1.0	0.0
0.25	0.0	0.0	0.0
3.75	2.0	0.0	0.0
2.0	0.5	0.0	0.0
0.5	0.6	3.0	0.0
0.25	0.0	0.0	0.0
1.25	0.0	0.0	0.0
1.75	0.0	0.0	0.0
2.0	0.0	0.0	0.0
0.5	1.0	0.0	0.0
0.5	0.0	0.0	0.0
0.75	0.0	0.0	0.0
1.25	0.0	0.0	0.0
1.5	0.5384615384615384	0.0	0.0
1.25	0.0	0.0	0.0
2.0	0.0	0.4	0.0
2.25	0.9090909090909091	0.25	0.0
1.25	0.0	0.0	0.0
1.0	0.0	0.0	0.0
2.0	1.0	0.0	0.0
0.5	1.0	1.0	0.0
1.75	0.8	0.0	0.0
1.5	0.0	0.0	0.0
1.25	1.0	1.5	0.0
0.25	0.0	0.0	0.0
0.5	0.45454545454545453	2.0	0.0
0.5	0.0	0.0	0.0
1.75	1.125	0.25	0.0
2.0	0.8333333333333334	0.0	0.0
1.25	0.4	1.0	0.0
2.0	0.8571428571428571	0.6666666666666666	0.0
0.75	0.0	0.0	0.0
1.25	2.0	0.0	0.0
0.75	0.0	0.0	0.0
1.5	0.0	0.0	0.0
1.5	0.0	0.0	0.0
0.5	0.0	0.0	0.0
1.5	0.6666666666666666	0.0	0.0
1.75	0.0	0.5	0.0
