14	3	2	1006	0	0	0	0
37	17	15	1016	0	0	0	0
0	0	1	1004	0	0	0	0
190	111	72	1058	0	0	0	0
2	4	4	1004	0	0	0	0
18	12	5	1007	0	0	0	0
207	99	83	1030	0	0	0	0
87	45	33	1024	0	0	0	0
211	118	101	1030	0	0	0	0
17	8	10	1004	0	0	0	0
11	5	6	1005	0	0	0	0
16	13	15	1008	0	0	0	0
1	1	3	1005	0	0	0	0
215	92	96	1034	0	0	0	0
191	92	83	1028	0	0	0	0
12	2	5	1006	0	0	0	0
7	5	2	1009	0	0	0	0
8	8	7	1009	0	0	0	0
9	0	2	1005	0	0	0	0
293	135	101	1053	0	0	0	0
1	0	0	1007	0	0	0	0
53	37	24	1025	0	0	0	0
17	4	3	1009	0	0	0	0
12	3	1	1007	0	0	0	0
6	1	3	1006	0	0	0	0
85	32	22	1017	0	0	0	0
1	0	0	1004	0	0	0	0
424	188	182	1059	0	0	0	0
129	65	52	1025	0	0	0	0
12	2	4	1009	0	0	0	0
85	54	38	1034	0	0	0	0
13	1	7	1005	0	0	0	0
33	17	5	1006	0	0	0	0
153	102	71	1020	0	0	0	0
353	167	122	1052	0	0	0	0
52	37	18	1027	0	0	0	0
2	0	1	1004	0	0	0	0
1	2	1	1004	0	0	0	0
258	113	121	1046	0	0	0	0
134	48	54	1030	0	0	0	0
50	23	18	1015	0	0	0	0
53	13	28	1021	0	0	0	0
16	6	4	1007	0	0	0	0
27	11	14	1009	0	0	0	0
1	2	3	1014	0	0	0	0
7	0	1	1012	0	0	0	0
94	68	35	1010	0	0	0	0
118	66	73	1025	0	0	0	0
184	96	90	1034	0	0	0	0
92	40	28	1017	0	0	0	0
96	55	40	1022	0	0	0	0
1	0	0	1004	0	0	0	0
99	40	45	1024	0	0	0	0
27	10	6	1013	0	0	0	0
101	41	54	1031	0	0	0	0
204	75	73	1045	0	0	0	0
361	154	159	1054	0	0	0	0
277	125	108	1066	0	0	0	0
9	9	5	1009	0	0	0	0
285	126	109	1043	0	0	0	0
32	13	9	1005	0	0	0	0
1	0	2	1004	0	0	0	0
29	10	15	1009	0	0	0	0
5	8	0	1008	0	0	0	0
159	50	56	1032	0	0	0	0
70	45	26	1012	0	0	0	0
128	51	32	1024	0	0	0	0
39	10	19	1016	0	0	0	0
0	0	0	1004	0	0	0	0
4	2	2	1005	0	0	0	0
8	3	2	1007	0	0	0	0
30	9	4	1012	0	0	0	0
24	23	13	1008	0	0	0	0
155	54	62	1022	0	0	0	0
289	135	90	1073	0	0	0	0
2	0	0	1004	0	0	0	0
266	130	92	1046	0	0	0	0
247	109	92	1043	0	0	0	0
17	5	7	1004	0	0	0	0
20	8	7	1010	0	0	0	0
5	0	0	1006	0	0	0	0
106	47	45	1026	0	0	0	0
1	0	0	1004	0	0	0	0
187	60	83	1035	0	0	0	0
13	5	6	1010	0	0	0	0
241	108	88	1051	0	0	0	0
16	4	4	1007	0	0	0	0
14	6	3	1011	0	0	0	0
175	77	86	1034	0	0	0	0
59	23	18	1017	0	0	0	0
4	1	6	1007	0	0	0	0
98	61	45	1022	0	0	0	0
221	61	94	1033	0	0	0	0
243	97	93	1051	0	0	0	0
173	52	53	1020	0	0	0	0
65	27	33	1017	0	0	0	0
102	56	36	1022	0	0	0	0
0	0	0	1004	0	0	0	0
14	7	3	1010	0	0	0	0
7	0	5	1006	0	0	0	0
6	2	1	1005	0	0	0	0
2	0	0	1005	0	0	0	0
85	38	37	1016	0	0	0	0
213	95	68	1051	0	0	0	0
17	9	12	1008	0	0	0	0
97	50	34	1031	0	0	0	0
2	3	2	1005	0	0	0	0
14	1	2	1007	0	0	0	0
28	9	5	1012	0	0	0	0
1	0	0	1004	0	0	0	0
48	21	19	1011	0	0	0	0
142	57	72	1034	0	0	0	0
8	1	3	1005	0	0	0	0
135	72	56	1027	0	0	0	0
229	93	103	1044	0	0	0	0
145	83	50	1022	0	0	0	0
116	76	52	1017	0	0	0	0
3	2	1	1006	0	0	0	0
6	4	2	1006	0	0	0	0
0	0	0	1005	0	0	0	0
20	14	10	1004	0	0	0	0
212	124	112	1049	0	0	0	0
5	1	0	1004	0	0	0	0
3	1	0	1006	0	0	0	0
78	31	25	1023	0	0	0	0
131	79	42	1027	0	0	0	0
141	53	48	1037	0	0	0	0
10	2	2	1005	0	0	0	0
6	0	0	1006	0	0	0	0
123	59	88	1034	0	0	0	0
12	2	4	1009	0	0	0	0
210	108	98	1043	0	0	0	0
0	0	1	1004	0	0	0	0
78	31	32	1012	0	0	0	0
388	187	149	1077	0	0	0	0
35	19	14	1011	0	0	0	0
1	0	0	1004	0	0	0	0
16	6	6	1006	0	0	0	0
271	107	131	1038	0	0	0	0
165	75	72	1029	0	0	0	0
174	92	68	1024	0	0	0	0
182	85	80	1036	0	0	0	0
298	115	128	1048	0	0	0	0
14	6	6	1007	0	0	0	0
265	122	107	1051	0	0	0	0
209	75	79	1043	0	0	0	0
65	23	24	1016	0	0	0	0
236	123	90	1018	0	0	0	0
52	26	35	1012	0	0	0	0
92	35	49	1012	0	0	0	0
13	11	11	1006	0	0	0	0
6	5	2	1005	0	0	0	0
0	0	1	1004	0	0	0	0
7	2	4	1012	0	0	0	0
84	27	23	1021	0	0	0	0
127	51	66	1022	0	0	0	0
39	22	11	1012	0	0	0	0
20	8	12	1013	0	0	0	0
249	77	74	1053	0	0	0	0
16	4	8	1005	0	0	0	0
392	157	172	1044	0	0	0	0
9	2	3	1004	0	0	0	0
1	0	0	1006	0	0	0	0
3	1	1	1004	0	0	0	0
6	2	2	1009	0	0	0	0
15	17	6	1018	0	0	0	0
52	21	23	1018	0	0	0	0
2	0	0	1004	0	0	0	0
358	168	151	1065	0	0	0	0
19	8	9	1006	0	0	0	0
10	4	0	1011	0	0	0	0
1	4	3	1007	0	0	0	0
33	12	4	1009	0	0	0	0
216	101	97	1035	0	0	0	0
198	105	85	1039	0	0	0	0
10	6	3	1006	0	0	0	0
165	81	65	1041	0	0	0	0
73	29	30	1022	0	0	0	0
231	109	130	1041	0	0	0	0
59	29	26	1016	0	0	0	0
1	0	1	1009	0	0	0	0
132	42	49	1019	0	0	0	0
19	9	14	1015	0	0	0	0
31	18	21	1008	0	0	0	0
377	189	179	1053	0	0	0	0
14	6	7	1008	0	0	0	0
70	30	17	1022	0	0	0	0
13	11	10	1009	0	0	0	0
1	2	0	1005	0	0	0	0
8	2	3	1004	0	0	0	0
23	6	8	1014	0	0	0	0
248	113	95	1050	0	0	0	0
198	103	103	1037	0	0	0	0
207	102	83	1036	0	0	0	0
110	47	40	1012	0	0	0	0
108	32	41	1024	0	0	0	0
7	1	1	1006	0	0	0	0
157	85	48	1028	0	0	0	0
95	25	37	1011	0	0	0	0
4	0	0	1005	0	0	0	0
170	71	87	1023	0	0	0	0
22	11	5	1009	0	0	0	0
265	129	112	1047	0	0	0	0
6	1	5	1004	0	0	0	0
11	2	2	1007	0	0	0	0
165	94	67	1040	0	0	0	0
231	85	79	1044	0	0	0	0
77	27	26	1017	0	0	0	0
10	1	5	1005	0	0	0	0
368	171	136	1049	0	0	0	0
216	107	86	1036	0	0	0	0
117	74	62	1040	0	0	0	0
111	45	43	1018	0	0	0	0
22	16	13	1008	0	0	0	0
2	1	1	1005	0	0	0	0
158	67	72	1033	0	0	0	0
165	99	84	1039	0	0	0	0
127	53	57	1031	0	0	0	0
8	3	1	1010	0	0	0	0
51	19	14	1012	0	0	0	0
2	0	0	1004	0	0	0	0
9	11	2	1006	0	0	0	0
253	134	95	1041	0	0	0	0
27	14	19	1015	0	0	0	0
193	101	78	1054	0	0	0	0
2	0	1	1004	0	0	0	0
5	2	1	1008	0	0	0	0
1	0	0	1004	0	0	0	0
115	60	58	1022	0	0	0	0
272	126	103	1068	0	0	0	0
40	19	12	1016	0	0	0	0
219	121	88	1052	0	0	0	0
24	10	7	1008	0	0	0	0
87	32	37	1026	0	0	0	0
49	11	16	1007	0	0	0	0
10	4	4	1004	0	0	0	0
9	10	4	1005	0	0	0	0
63	31	31	1010	0	0	0	0
21	17	13	1012	0	0	0	0
37	11	16	1010	0	0	0	0
184	88	83	1043	0	0	0	0
0	0	0	1004	0	0	0	0
218	113	98	1052	0	0	0	0
33	9	13	1009	0	0	0	0
23	16	15	1009	0	0	0	0
30	11	12	1007	0	0	0	0
8	2	2	1004	0	0	0	0
148	91	61	1035	0	0	0	0
24	12	10	1013	0	0	0	0
120	44	45	1028	0	0	0	0
3	1	1	1004	0	0	0	0
159	111	64	1015	0	0	0	0
14	3	10	1010	0	0	0	0
75	28	22	1008	0	0	0	0
22	10	4	1013	0	0	0	0
75	44	48	1015	0	0	0	0
105	41	38	1019	0	0	0	0
1	0	0	1004	0	0	0	0
0	0	1	1004	0	0	0	0
197	83	62	1027	0	0	0	0
1	0	2	1006	0	0	0	0
18	6	5	1011	0	0	0	0
7	4	6	1006	0	0	0	0
26	18	28	1012	0	0	0	0
22	10	11	1007	0	0	0	0
2	1	2	1007	0	0	0	0
183	65	68	1059	0	0	0	0
2	3	3	1004	0	0	0	0
156	54	64	1025	0	0	0	0
87	36	46	1019	0	0	0	0
155	83	65	1020	0	0	0	0
386	198	165	1057	0	0	0	0
14	8	5	1009	0	0	0	0
1	0	0	1004	0	0	0	0
87	33	37	1014	0	0	0	0
137	72	67	1026	0	0	0	0
53	26	33	1014	0	0	0	0
102	36	48	1014	0	0	0	0
0	0	3	1006	0	0	0	0
8	0	2	1005	0	0	0	0
4	0	2	1005	0	0	0	0
68	39	36	1023	0	0	0	0
33	21	19	1014	0	0	0	0
49	26	18	1021	0	0	0	0
91	51	53	1021	0	0	0	0
2	0	1	1004	0	0	0	0
143	79	55	1046	0	0	0	0
14	23	9	1006	0	0	0	0
152	65	77	1046	0	0	0	0
3	0	1	1006	0	0	0	0
137	47	72	1021	0	0	0	0
111	41	29	1021	0	0	0	0
116	41	40	1028	0	0	0	0
183	74	67	1037	0	0	0	0
2	2	0	1007	0	0	0	0
70	43	27	1011	0	0	0	0
69	29	38	1009	0	0	0	0
291	140	106	1051	0	0	0	0
38	17	23	1009	0	0	0	0
140	82	58	1015	0	0	0	0
6	2	6	1005	0	0	0	0
4	0	4	1004	0	0	0	0
40	16	14	1015	0	0	0	0
157	110	81	1031	0	0	0	0
284	105	92	1052	0	0	0	0
466	230	154	1078	0	0	0	0
42	20	21	1016	0	0	0	0
8	0	3	1005	0	0	0	0
0	0	0	1005	0	0	0	0
102	45	44	1021	0	0	0	0
112	62	57	1034	0	0	0	0
12	1	8	1005	0	0	0	0
151	77	60	1031	0	0	0	0
1	0	1	1004	0	0	0	0
162	57	86	1025	0	0	0	0
0	0	0	1004	0	0	0	0
15	0	2	1007	0	0	0	0
18	12	11	1009	0	0	0	0
47	34	26	1015	0	0	0	0
157	79	67	1029	0	0	0	0
2	1	0	1007	0	0	0	0
98	40	34	1029	0	0	0	0
130	80	61	1022	0	0	0	0
0	0	0	1005	0	0	0	0
187	84	67	1047	0	0	0	0
7	1	2	1007	0	0	0	0
57	32	24	1010	0	0	0	0
81	21	36	1012	0	0	0	0
19	2	9	1004	0	0	0	0
267	123	120	1043	0	0	0	0
36	15	32	1008	0	0	0	0
45	15	20	1022	0	0	0	0
194	91	85	1045	0	0	0	0
0	1	0	1006	0	0	0	0
234	91	102	1044	0	0	0	0
57	31	30	1015	0	0	0	0
279	159	139	1045	0	0	0	0
12	5	5	1011	0	0	0	0
46	35	18	1016	0	0	0	0
41	25	14	1012	0	0	0	0
70	20	27	1029	0	0	0	0
15	11	8	1011	0	0	0	0
235	98	116	1039	0	0	0	0
55	23	22	1012	0	0	0	0
93	66	38	1020	0	0	0	0
401	201	152	1089	0	0	0	0
2	2	2	1005	0	0	0	0
2	2	2	1005	0	0	0	0
370	138	149	1053	0	0	0	0
9	2	3	1007	0	0	0	0
26	9	3	1007	0	0	0	0
4	0	1	1006	0	0	0	0
4	0	0	1004	0	0	0	0
5	0	1	1005	0	0	0	0
34	16	11	1008	0	0	0	0
21	7	10	1010	0	0	0	0
188	88	81	1039	0	0	0	0
16	8	1	1009	0	0	0	0
124	65	47	1039	0	0	0	0
1	0	2	1004	0	0	0	0
116	48	46	1037	0	0	0	0
18	4	7	1004	0	0	0	0
119	53	52	1028	0	0	0	0
40	15	12	1007	0	0	0	0
31	17	21	1015	0	0	0	0
82	35	38	1025	0	0	0	0
4	0	0	1006	0	0	0	0
14	5	10	1007	0	0	0	0
13	5	7	1012	0	0	0	0
218	116	89	1048	0	0	0	0
4	0	0	1004	0	0	0	0
60	29	35	1016	0	0	0	0
7	0	1	1006	0	0	0	0
0	0	0	1005	0	0	0	0
234	121	104	1066	0	0	0	0
72	21	27	1021	0	0	0	0
178	84	95	1033	0	0	0	0
107	45	54	1012	0	0	0	0
157	72	58	1023	0	0	0	0
4	1	0	1006	0	0	0	0
298	149	107	1051	0	0	0	0
29	6	8	1019	0	0	0	0
13	5	4	1005	0	0	0	0
2	0	0	1004	0	0	0	0
22	9	7	1009	0	0	0	0
313	126	111	1036	0	0	0	0
3	1	0	1006	0	0	0	0
120	54	35	1037	0	0	0	0
351	168	151	1076	0	0	0	0
6	1	2	1007	0	0	0	0
222	108	97	1036	0	0	0	0
23	10	10	1006	0	0	0	0
31	16	11	1012	0	0	0	0
3	1	0	1007	0	0	0	0
4	3	1	1009	0	0	0	0
225	103	88	1065	0	0	0	0
8	3	3	1007	0	0	0	0
1	0	0	1005	0	0	0	0
149	73	50	1027	0	0	0	0
154	86	71	1040	0	0	0	0
4	6	3	1010	0	0	0	0
15	22	7	1008	0	0	0	0
57	26	24	1015	0	0	0	0
24	14	12	1015	0	0	0	0
59	25	26	1021	0	0	0	0
88	36	46	1014	0	0	0	0
3	4	1	1006	0	0	0	0
9	1	2	1004	0	0	0	0
80	39	33	1018	0	0	0	0
88	25	34	1016	0	0	0	0
32	9	15	1007	0	0	0	0
230	113	73	1042	0	0	0	0
162	65	48	1038	0	0	0	0
504	214	189	1070	0	0	0	0
23	11	13	1013	0	0	0	0
2	0	2	1005	0	0	0	0
64	37	34	1020	0	0	0	0
24	16	12	1011	0	0	0	0
41	18	11	1010	0	0	0	0
66	46	31	1039	0	0	0	0
3	1	4	1005	0	0	0	0
10	7	6	1006	0	0	0	0
53	32	35	1012	0	0	0	0
1	0	0	1004	0	0	0	0
187	75	71	1035	0	0	0	0
5	3	3	1004	0	0	0	0
349	133	128	1070	0	0	0	0
50	27	25	1011	0	0	0	0
47	20	18	1017	0	0	0	0
30	9	4	1013	0	0	0	0
189	72	72	1044	0	0	0	0
1	0	2	1004	0	0	0	0
28	23	10	1007	0	0	0	0
37	19	14	1011	0	0	0	0
139	61	53	1029	0	0	0	0
17	7	7	1006	0	0	0	0
43	24	17	1010	0	0	0	0
114	52	48	1021	0	0	0	0
47	15	25	1011	0	0	0	0
81	38	36	1019	0	0	0	0
66	25	22	1009	0	0	0	0
5	2	2	1007	0	0	0	0
6	2	1	1005	0	0	0	0
2	0	0	1004	0	0	0	0
119	66	55	1023	0	0	0	0
9	0	1	1007	0	0	0	0
198	102	71	1055	0	0	0	0
23	13	10	1016	0	0	0	0
234	130	104	1030	0	0	0	0
44	38	19	1009	0	0	0	0
4	2	0	1005	0	0	0	0
9	5	5	1005	0	0	0	0
21	9	6	1008	0	0	0	0
0	0	0	1004	0	0	0	0
10	5	6	1011	0	0	0	0
3	0	1	1006	0	0	0	0
2	0	0	1005	0	0	0	0
24	9	11	1013	0	0	0	0
4	1	1	1008	0	0	0	0
137	68	55	1027	0	0	0	0
25	6	11	1008	0	0	0	0
135	79	73	1024	0	0	0	0
12	2	1	1008	0	0	0	0
18	9	7	1007	0	0	0	0
7	1	2	1004	0	0	0	0
11	6	7	1009	0	0	0	0
146	74	64	1027	0	0	0	0
202	108	97	1034	0	0	0	0
5	1	3	1004	0	0	0	0
26	6	8	1008	0	0	0	0
281	110	102	1037	0	0	0	0
70	36	29	1014	0	0	0	0
13	14	6	1005	0	0	0	0
50	22	15	1013	0	0	0	0
193	64	58	1022	0	0	0	0
299	113	128	1054	0	0	0	0
119	83	71	1021	0	0	0	0
4	1	0	1004	0	0	0	0
310	108	123	1064	0	0	0	0
2	0	4	1004	0	0	0	0
217	89	88	1059	0	0	0	0
123	62	41	1027	0	0	0	0
45	23	17	1015	0	0	0	0
87	51	32	1019	0	0	0	0
143	61	53	1027	0	0	0	0
155	57	72	1021	0	0	0	0
16	10	8	1006	0	0	0	0
139	78	57	1035	0	0	0	0
19	5	5	1012	0	0	0	0
0	0	0	1004	0	0	0	0
367	151	141	1052	0	0	0	0
34	18	16	1015	0	0	0	0
5	5	6	1005	0	0	0	0
10	5	5	1008	0	0	0	0
7	4	2	1008	0	0	0	0
9	14	4	1006	0	0	0	0
23	7	11	1006	0	0	0	0
4	1	1	1004	0	0	0	0
8	3	0	1006	0	0	0	0
2	1	2	1004	0	0	0	0
7	1	1	1005	0	0	0	0
3	0	1	1004	0	0	0	0
3	0	2	1004	0	0	0	0
40	12	9	1017	0	0	0	0
5	1	0	1005	0	0	0	0
2	1	3	1006	0	0	0	0
28	5	6	1016	0	0	0	0
89	63	42	1017	0	0	0	0
25	10	15	1014	0	0	0	0
3	0	1	1004	0	0	0	0
4	0	1	1005	0	0	0	0
2	3	0	1009	0	0	0	0
1	0	1	1004	0	0	0	0
200	86	91	1031	0	0	0	0
1	0	0	1004	0	0	0	0
4	0	1	1005	0	0	0	0
124	57	37	1013	0	0	0	0
2	0	0	1004	0	0	0	0
4	0	4	1006	0	0	0	0
21	8	6	1009	0	0	0	0
3	5	1	1005	0	0	0	0
136	51	56	1046	0	0	0	0
10	1	4	1008	0	0	0	0
17	3	7	1009	0	0	0	0
9	2	1	1006	0	0	0	0
83	49	31	1012	0	0	0	0
27	7	4	1007	0	0	0	0
47	17	30	1012	0	0	0	0
10	1	5	1006	0	0	0	0
113	52	41	1012	0	0	0	0
15	10	8	1005	0	0	0	0
7	4	4	1005	0	0	0	0
2	1	3	1005	0	0	0	0
48	16	21	1019	0	0	0	0
13	4	8	1005	0	0	0	0
160	90	60	1034	0	0	0	0
58	46	28	1010	0	0	0	0
273	135	138	1034	0	0	0	0
64	24	15	1025	0	0	0	0
8	0	5	1004	0	0	0	0
125	84	69	1013	0	0	0	0
57	17	13	1018	0	0	0	0
51	56	35	1015	0	0	0	0
242	119	96	1054	0	0	0	0
11	14	8	1005	0	0	0	0
48	15	12	1010	0	0	0	0
7	2	2	1008	0	0	0	0
1	2	0	1004	0	0	0	0
69	39	22	1021	0	0	0	0
188	81	65	1023	0	0	0	0
145	56	60	1014	0	0	0	0
5	2	0	1006	0	0	0	0
7	4	2	1007	0	0	0	0
34	21	11	1011	0	0	0	0
3	0	0	1009	0	0	0	0
192	81	74	1032	0	0	0	0
236	129	94	1050	0	0	0	0
125	56	58	1025	0	0	0	0
0	0	0	1004	0	0	0	0
35	13	8	1007	0	0	0	0
27	11	10	1009	0	0	0	0
35	18	8	1010	0	0	0	0
18	5	8	1008	0	0	0	0
40	24	10	1015	0	0	0	0
238	89	97	1038	0	0	0	0
22	5	3	1008	0	0	0	0
68	38	32	1009	0	0	0	0
153	47	45	1028	0	0	0	0
94	43	38	1020	0	0	0	0
1	0	0	1005	0	0	0	0
6	4	3	1006	0	0	0	0
13	3	9	1007	0	0	0	0
54	25	25	1011	0	0	0	0
325	113	122	1041	0	0	0	0
21	14	7	1031	0	0	0	0
78	49	29	1025	0	0	0	0
123	38	49	1027	0	0	0	0
2	0	1	1004	0	0	0	0
51	21	18	1009	0	0	0	0
2	0	0	1005	0	0	0	0
5	1	0	1004	0	0	0	0
48	12	18	1023	0	0	0	0
0	0	0	1004	0	0	0	0
22	9	11	1006	0	0	0	0
67	25	36	1022	0	0	0	0
8	5	3	1007	0	0	0	0
2	0	0	1005	0	0	0	0
217	77	62	1040	0	0	0	0
194	98	76	1049	0	0	0	0
17	2	9	1008	0	0	0	0
114	42	45	1035	0	0	0	0
4	4	3	1008	0	0	0	0
12	3	5	1010	0	0	0	0
6	0	4	1005	0	0	0	0
11	13	3	1011	0	0	0	0
23	21	9	1009	0	0	0	0
14	1	2	1006	0	0	0	0
10	2	1	1007	0	0	0	0
214	92	83	1031	0	0	0	0
16	5	7	1008	0	0	0	0
12	4	4	1004	0	0	0	0
77	39	20	1029	0	0	0	0
26	7	13	1013	0	0	0	0
404	154	148	1068	0	0	0	0
33	12	8	1008	0	0	0	0
4	0	0	1005	0	0	0	0
127	68	59	1034	0	0	0	0
61	30	26	1022	0	0	0	0
44	19	13	1010	0	0	0	0
18	5	13	1007	0	0	0	0
43	15	13	1013	0	0	0	0
33	20	16	1013	0	0	0	0
4	0	5	1005	0	0	0	0
1	1	1	1004	0	0	0	0
6	0	1	1007	0	0	0	0
192	95	76	1039	0	0	0	0
59	38	22	1015	0	0	0	0
18	4	10	1011	0	0	0	0
56	20	19	1008	0	0	0	0
6	3	8	1007	0	0	0	0
352	156	170	1058	0	0	0	0
39	23	15	1011	0	0	0	0
27	9	14	1006	0	0	0	0
12	3	7	1007	0	0	0	0
69	27	31	1020	0	0	0	0
181	90	72	1047	0	0	0	0
256	99	88	1040	0	0	0	0
1	1	0	1005	0	0	0	0
121	61	60	1018	0	0	0	0
136	53	67	1017	0	0	0	0
21	19	7	1010	0	0	0	0
73	19	26	1024	0	0	0	0
94	40	30	1021	0	0	0	0
7	2	3	1006	0	0	0	0
155	81	75	1019	0	0	0	0
8	2	2	1005	0	0	0	0
17	6	3	1005	0	0	0	0
114	49	42	1032	0	0	0	0
12	7	4	1008	0	0	0	0
82	36	39	1018	0	0	0	0
2	2	1	1004	0	0	0	0
45	19	22	1021	0	0	0	0
133	54	50	1023	0	0	0	0
2	1	0	1006	0	0	0	0
216	102	73	1035	0	0	0	0
167	46	51	1031	0	0	0	0
209	67	86	1033	0	0	0	0
95	37	32	1019	0	0	0	0
16	6	4	1007	0	0	0	0
3	4	2	1005	0	0	0	0
80	33	31	1021	0	0	0	0
178	112	62	1035	0	0	0	0
162	83	60	1034	0	0	0	0
283	143	105	1030	0	0	0	0
286	126	123	1053	0	0	0	0
1	0	0	1005	0	0	0	0
7	2	2	1008	0	0	0	0
4	0	3	1007	0	0	0	0
17	6	3	1009	0	0	0	0
14	9	9	1010	0	0	0	0
41	19	15	1021	0	0	0	0
1	1	1	1004	0	0	0	0
77	33	29	1014	0	0	0	0
23	10	8	1006	0	0	0	0
150	64	61	1018	0	0	0	0
54	21	28	1016	0	0	0	0
83	30	34	1006	0	0	0	0
28	8	9	1013	0	0	0	0
393	182	151	1060	0	0	0	0
235	136	95	1037	0	0	0	0
203	91	68	1030	0	0	0	0
362	183	132	1045	0	0	0	0
7	8	3	1006	0	0	0	0
78	37	28	1020	0	0	0	0
42	15	17	1013	0	0	0	0
6	0	0	1005	0	0	0	0
6	4	5	1007	0	0	0	0
9	2	4	1004	0	0	0	0
221	90	105	1023	0	0	0	0
52	16	28	1018	0	0	0	0
18	7	7	1012	0	0	0	0
250	132	131	1036	0	0	0	0
27	16	11	1012	0	0	0	0
54	21	30	1013	0	0	0	0
145	44	52	1026	0	0	0	0
275	127	112	1047	0	0	0	0
179	80	82	1031	0	0	0	0
1	3	3	1004	0	0	0	0
23	16	13	1009	0	0	0	0
1	2	4	1011	0	0	0	0
38	40	11	1013	0	0	0	0
28	13	14	1007	0	0	0	0
240	142	109	1055	0	0	0	0
83	40	34	1014	0	0	0	0
55	15	28	1011	0	0	0	0
11	12	6	1017	0	0	0	0
1	1	1	1005	0	0	0	0
104	57	31	1039	0	0	0	0
8	2	4	1008	0	0	0	0
6	0	2	1004	0	0	0	0
260	99	122	1036	0	0	0	0
39	24	9	1016	0	0	0	0
9	5	6	1009	0	0	0	0
1	0	1	1004	0	0	0	0
19	5	4	1007	0	0	0	0
2	0	0	1005	0	0	0	0
82	37	25	1021	0	0	0	0
54	32	25	1017	0	0	0	0
13	6	6	1009	0	0	0	0
332	129	129	1053	0	0	0	0
3	1	0	1004	0	0	0	0
134	61	70	1030	0	0	0	0
141	83	65	1024	0	0	0	0
14	3	8	1004	0	0	0	0
43	18	14	1014	0	0	0	0
3	2	0	1005	0	0	0	0
3	1	0	1005	0	0	0	0
13	13	8	1008	0	0	0	0
105	47	35	1028	0	0	0	0
87	47	40	1021	0	0	0	0
2	0	1	1005	0	0	0	0
169	70	63	1035	0	0	0	0
250	104	136	1035	0	0	0	0
7	3	1	1004	0	0	0	0
3	0	0	1006	0	0	0	0
3	0	0	1004	0	0	0	0
14	5	8	1009	0	0	0	0
2	0	4	1005	0	0	0	0
1	1	1	1004	0	0	0	0
2	0	0	1004	0	0	0	0
124	39	57	1023	0	0	0	0
58	33	31	1021	0	0	0	0
12	4	2	1007	0	0	0	0
352	146	137	1061	0	0	0	0
1	0	0	1005	0	0	0	0
134	62	52	1020	0	0	0	0
7	5	2	1006	0	0	0	0
3	1	3	1004	0	0	0	0
157	78	62	1034	0	0	0	0
181	77	66	1034	0	0	0	0
21	12	10	1014	0	0	0	0
16	3	4	1010	0	0	0	0
25	6	11	1008	0	0	0	0
1	0	0	1007	0	0	0	0
147	72	55	1026	0	0	0	0
0	0	2	1004	0	0	0	0
19	7	8	1005	0	0	0	0
56	29	20	1022	0	0	0	0
7	1	0	1004	0	0	0	0
209	117	93	1043	0	0	0	0
5	1	2	1005	0	0	0	0
76	22	29	1019	0	0	0	0
27	10	8	1009	0	0	0	0
2	1	1	1005	0	0	0	0
164	90	87	1016	0	0	0	0
263	135	118	1049	0	0	0	0
1	0	1	1004	0	0	0	0
0	0	0	1004	0	0	0	0
201	89	75	1047	0	0	0	0
105	76	54	1028	0	0	0	0
0	0	0	1004	0	0	0	0
10	6	6	1006	0	0	0	0
97	32	22	1020	0	0	0	0
5	3	1	1007	0	0	0	0
2	4	0	1004	0	0	0	0
122	78	39	1021	0	0	0	0
204	123	79	1055	0	0	0	0
21	9	7	1015	0	0	0	0
1	1	1	1007	0	0	0	0
235	91	105	1023	0	0	0	0
8	0	1	1007	0	0	0	0
69	20	32	1017	0	0	0	0
51	20	24	1011	0	0	0	0
17	7	1	1004	0	0	0	0
6	0	0	1005	0	0	0	0
230	105	92	1050	0	0	0	0
181	90	49	1031	0	0	0	0
16	5	4	1009	0	0	0	0
24	10	6	1011	0	0	0	0
4	0	0	1004	0	0	0	0
11	7	3	1007	0	0	0	0
67	26	34	1007	0	0	0	0
171	81	70	1041	0	0	0	0
276	122	99	1042	0	0	0	0
19	3	7	1012	0	0	0	0
172	72	49	1034	0	0	0	0
35	15	10	1014	0	0	0	0
150	75	52	1023	0	0	0	0
103	43	23	1019	0	0	0	0
4	2	2	1006	0	0	0	0
276	129	109	1041	0	0	0	0
54	21	20	1013	0	0	0	0
341	135	132	1065	0	0	0	0
9	3	8	1005	0	0	0	0
137	99	76	1036	0	0	0	0
42	9	15	1018	0	0	0	0
3	0	4	1005	0	0	0	0
2	1	0	1005	0	0	0	0
117	70	68	1031	0	0	0	0
272	140	116	1043	0	0	0	0
10	1	2	1005	0	0	0	0
8	3	4	1007	0	0	0	0
46	18	15	1009	0	0	0	0
60	21	28	1023	0	0	0	0
81	47	37	1028	0	0	0	0
65	37	25	1020	0	0	0	0
171	80	70	1026	0	0	0	0
72	35	40	1011	0	0	0	0
2	4	2	1011	0	0	0	0
12	10	7	1006	0	0	0	0
93	43	38	1016	0	0	0	0
19	16	13	1010	0	0	0	0
129	75	54	1015	0	0	0	0
69	43	24	1024	0	0	0	0
209	85	82	1042	0	0	0	0
242	93	83	1052	0	0	0	0
18	4	2	1007	0	0	0	0
7	3	6	1006	0	0	0	0
14	2	10	1008	0	0	0	0
444	192	169	1088	0	0	0	0
24	5	3	1006	0	0	0	0
5	3	2	1004	0	0	0	0
145	60	49	1027	0	0	0	0
8	0	3	1006	0	0	0	0
2	0	1	1007	0	0	0	0
13	6	6	1007	0	0	0	0
17	3	8	1008	0	0	0	0
5	4	3	1005	0	0	0	0
258	108	83	1055	0	0	0	0
4	1	0	1005	0	0	0	0
83	24	21	1018	0	0	0	0
60	31	18	1013	0	0	0	0
184	114	79	1035	0	0	0	0
9	3	4	1006	0	0	0	0
359	190	137	1065	0	0	0	0
65	63	35	1019	0	0	0	0
107	59	34	1020	0	0	0	0
92	48	37	1021	0	0	0	0
0	0	1	1005	0	0	0	0
467	214	183	1096	0	0	0	0
18	3	9	1006	0	0	0	0
246	115	79	1034	0	0	0	0
7	4	6	1007	0	0	0	0
210	87	70	1047	0	0	0	0
7	0	1	1008	0	0	0	0
1	0	0	1006	0	0	0	0
324	127	124	1056	0	0	0	0
63	23	17	1025	0	0	0	0
0	0	1	1005	0	0	0	0
47	21	19	1011	0	0	0	0
0	0	0	1004	0	0	0	0
1	1	2	1006	0	0	0	0
4	0	1	1004	0	0	0	0
38	11	13	1014	0	0	0	0
7	1	4	1008	0	0	0	0
15	16	10	1011	0	0	0	0
327	145	135	1039	0	0	0	0
57	13	19	1014	0	0	0	0
10	10	4	1011	0	0	0	0
3	0	5	1004	0	0	0	0
413	195	159	1079	0	0	0	0
75	25	27	1010	0	0	0	0
181	109	64	1035	0	0	0	0
36	16	4	1017	0	0	0	0
104	69	44	1020	0	0	0	0
149	85	66	1031	0	0	0	0
19	5	3	1010	0	0	0	0
31	6	3	1009	0	0	0	0
147	46	65	1023	0	0	0	0
24	8	11	1009	0	0	0	0
73	29	23	1009	0	0	0	0
8	8	2	1004	0	0	0	0
4	5	6	1006	0	0	0	0
0	0	1	1005	0	0	0	0
122	82	38	1025	0	0	0	0
0	0	1	1010	0	0	0	0
11	3	10	1005	0	0	0	0
16	10	3	1009	0	0	0	0
9	5	16	1010	0	0	0	0
31	20	17	1019	0	0	0	0
312	162	112	1066	0	0	0	0
1	0	0	1004	0	0	0	0
40	9	11	1011	0	0	0	0
97	44	36	1018	0	0	0	0
2	1	0	1004	0	0	0	0
8	2	11	1004	0	0	0	0
178	85	90	1031	0	0	0	0
79	37	30	1017	0	0	0	0
85	52	26	1021	0	0	0	0
6	2	4	1004	0	0	0	0
3	3	3	1004	0	0	0	0
40	17	21	1019	0	0	0	0
290	141	89	1050	0	0	0	0
3	1	1	1004	0	0	0	0
185	116	85	1043	0	0	0	0
14	4	1	1008	0	0	0	0
4	1	1	1012	0	0	0	0
233	102	85	1057	0	0	0	0
1	0	0	1004	0	0	0	0
55	29	24	1009	0	0	0	0
5	1	2	1009	0	0	0	0
128	52	41	1024	0	0	0	0
3	0	4	1004	0	0	0	0
284	126	97	1044	0	0	0	0
27	7	15	1011	0	0	0	0
6	1	2	1006	0	0	0	0
3	0	1	1004	0	0	0	0
228	103	84	1038	0	0	0	0
24	16	8	1016	0	0	0	0
91	41	40	1014	0	0	0	0
24	3	2	1009	0	0	0	0
157	62	69	1041	0	0	0	0
160	106	64	1025	0	0	0	0
58	33	19	1015	0	0	0	0
107	52	44	1017	0	0	0	0
180	74	62	1035	0	0	0	0
51	19	19	1012	0	0	0	0
11	2	2	1005	0	0	0	0
240	81	106	1037	0	0	0	0
214	104	95	1037	0	0	0	0
101	51	34	1014	0	0	0	0
104	53	47	1017	0	0	0	0
1	0	0	1006	0	0	0	0
16	0	2	1009	0	0	0	0
123	62	47	1016	0	0	0	0
3	2	0	1004	0	0	0	0
0	0	0	1005	0	0	0	0
1	0	0	1005	0	0	0	0
9	3	2	1005	0	0	0	0
4	1	3	1005	0	0	0	0
13	6	10	1008	0	0	0	0
135	56	39	1039	0	0	0	0
32	23	11	1012	0	0	0	0
28	11	7	1009	0	0	0	0
51	33	20	1014	0	0	0	0
274	129	106	1058	0	0	0	0
118	63	59	1024	0	0	0	0
155	103	55	1029	0	0	0	0
457	199	178	1063	0	0	0	0
13	18	6	1006	0	0	0	0
107	46	45	1031	0	0	0	0
15	5	13	1008	0	0	0	0
74	16	20	1006	0	0	0	0
116	51	29	1047	0	0	0	0
4	4	2	1006	0	0	0	0
4	0	1	1004	0	0	0	0
42	14	11	1015	0	0	0	0
21	17	9	1012	0	0	0	0
5	3	1	1007	0	0	0	0
131	52	51	1022	0	0	0	0
68	30	39	1012	0	0	0	0
0	0	2	1004	0	0	0	0
4	3	0	1007	0	0	0	0
73	48	36	1012	0	0	0	0
1	1	0	1004	0	0	0	0
78	51	28	1019	0	0	0	0
12	7	4	1010	0	0	0	0
101	48	44	1015	0	0	0	0
14	5	7	1009	0	0	0	0
13	7	8	1007	0	0	0	0
131	57	60	1031	0	0	0	0
46	19	26	1012	0	0	0	0
2	0	0	1004	0	0	0	0
235	127	103	1053	0	0	0	0
198	121	79	1041	0	0	0	0
134	71	48	1022	0	0	0	0
128	50	56	1027	0	0	0	0
7	3	2	1008	0	0	0	0
162	78	81	1032	0	0	0	0
147	56	51	1032	0	0	0	0
29	17	13	1020	0	0	0	0
4	5	1	1006	0	0	0	0
2	0	1	1004	0	0	0	0
9	6	6	1006	0	0	0	0
175	67	63	1020	0	0	0	0
4	0	0	1006	0	0	0	0
108	27	28	1027	0	0	0	0
94	83	43	1028	0	0	0	0
38	13	17	1023	0	0	0	0
7	2	3	1006	0	0	0	0
32	11	16	1017	0	0	0	0
51	22	15	1015	0	0	0	0
71	42	43	1022	0	0	0	0
171	75	89	1015	0	0	0	0
5	0	1	1006	0	0	0	0
1	0	0	1004	0	0	0	0
296	132	97	1050	0	0	0	0
2	0	0	1004	0	0	0	0
35	8	12	1007	0	0	0	0
266	98	79	1043	0	0	0	0
38	27	8	1006	0	0	0	0
58	19	14	1021	0	0	0	0
5	1	2	1004	0	0	0	0
169	61	66	1021	0	0	0	0
42	32	21	1012	0	0	0	0
48	13	19	1008	0	0	0	0
89	33	34	1019	0	0	0	0
3	0	1	1004	0	0	0	0
113	48	39	1020	0	0	0	0
7	4	1	1009	0	0	0	0
