14	3	2	1006	0	0	0	0
267	165	122	1052	0	0	0	0
0	0	1	1004	0	0	0	0
734	318	289	1163	0	0	0	0
2	4	4	1004	0	0	0	0
16	11	5	1007	0	0	0	0
414	240	188	1066	0	0	0	0
546	251	214	1105	0	0	0	0
186	103	87	1036	0	0	0	0
253	94	92	1022	0	0	0	0
11	5	6	1005	0	0	0	0
16	13	15	1008	0	0	0	0
1	1	3	1005	0	0	0	0
297	146	115	1073	0	0	0	0
273	108	109	1066	0	0	0	0
11	1	5	1006	0	0	0	0
26	15	12	1011	0	0	0	0
10	5	5	1012	0	0	0	0
9	0	2	1005	0	0	0	0
291	150	117	1048	0	0	0	0
1	0	0	1007	0	0	0	0
22	15	15	1007	0	0	0	0
396	200	145	1080	0	0	0	0
12	3	1	1007	0	0	0	0
6	1	3	1006	0	0	0	0
32	14	9	1011	0	0	0	0
1	0	0	1004	0	0	0	0
322	133	154	1052	0	0	0	0
417	227	179	1070	0	0	0	0
296	162	117	1055	0	0	0	0
68	27	28	1009	0	0	0	0
14	10	14	1008	0	0	0	0
165	76	42	1034	0	0	0	0
120	46	48	1011	0	0	0	0
111	57	42	1028	0	0	0	0
304	152	125	1053	0	0	0	0
2	0	1	1004	0	0	0	0
1	2	1	1004	0	0	0	0
68	25	30	1018	0	0	0	0
72	27	34	1016	0	0	0	0
417	175	154	1058	0	0	0	0
24	13	9	1012	0	0	0	0
17	5	4	1010	0	0	0	0
52	22	20	1018	0	0	0	0
1	2	3	1014	0	0	0	0
249	130	103	1059	0	0	0	0
548	267	222	1081	0	0	0	0
45	30	20	1008	0	0	0	0
46	38	16	1025	0	0	0	0
20	6	6	1011	0	0	0	0
383	198	179	1084	0	0	0	0
1	0	0	1004	0	0	0	0
269	128	96	1042	0	0	0	0
32	6	10	1010	0	0	0	0
32	7	15	1006	0	0	0	0
532	263	202	1083	0	0	0	0
491	240	237	1078	0	0	0	0
33	13	12	1010	0	0	0	0
106	73	44	1032	0	0	0	0
325	161	150	1051	0	0	0	0
86	29	27	1012	0	0	0	0
1	0	2	1004	0	0	0	0
310	151	124	1058	0	0	0	0
6	8	0	1008	0	0	0	0
343	184	168	1082	0	0	0	0
198	94	70	1041	0	0	0	0
331	177	155	1054	0	0	0	0
329	141	132	1071	0	0	0	0
0	0	0	1004	0	0	0	0
4	2	2	1005	0	0	0	0
23	13	9	1011	0	0	0	0
335	142	124	1049	0	0	0	0
209	111	120	1042	0	0	0	0
170	118	76	1026	0	0	0	0
634	267	268	1092	0	0	0	0
2	0	0	1004	0	0	0	0
283	130	98	1039	0	0	0	0
357	181	162	1058	0	0	0	0
17	6	7	1004	0	0	0	0
277	126	116	1043	0	0	0	0
19	10	8	1010	0	0	0	0
66	27	17	1013	0	0	0	0
16	3	4	1008	0	0	0	0
275	126	123	1058	0	0	0	0
466	248	194	1082	0	0	0	0
105	38	40	1024	0	0	0	0
16	4	5	1007	0	0	0	0
14	6	3	1011	0	0	0	0
424	219	146	1082	0	0	0	0
372	156	153	1070	0	0	0	0
4	1	6	1007	0	0	0	0
145	82	84	1026	0	0	0	0
276	143	131	1066	0	0	0	0
648	332	285	1123	0	0	0	0
418	182	187	1057	0	0	0	0
13	3	2	1006	0	0	0	0
14	11	10	1007	0	0	0	0
0	0	0	1004	0	0	0	0
23	10	9	1010	0	0	0	0
7	0	5	1006	0	0	0	0
6	3	1	1005	0	0	0	0
2	0	0	1005	0	0	0	0
103	34	36	1018	0	0	0	0
64	25	25	1018	0	0	0	0
10	3	7	1008	0	0	0	0
496	249	193	1072	0	0	0	0
2	3	2	1005	0	0	0	0
34	15	10	1014	0	0	0	0
478	222	173	1071	0	0	0	0
1	0	0	1004	0	0	0	0
61	29	25	1009	0	0	0	0
223	120	108	1061	0	0	0	0
369	162	140	1045	0	0	0	0
59	30	24	1008	0	0	0	0
410	179	165	1062	0	0	0	0
163	70	54	1040	0	0	0	0
160	117	77	1044	0	0	0	0
3	2	1	1006	0	0	0	0
6	4	2	1006	0	0	0	0
0	0	0	1005	0	0	0	0
32	16	11	1006	0	0	0	0
469	197	192	1073	0	0	0	0
5	1	0	1004	0	0	0	0
3	1	0	1006	0	0	0	0
251	137	110	1060	0	0	0	0
542	271	236	1085	0	0	0	0
46	28	23	1019	0	0	0	0
10	2	2	1005	0	0	0	0
6	0	0	1006	0	0	0	0
293	161	125	1075	0	0	0	0
12	2	4	1009	0	0	0	0
514	225	224	1077	0	0	0	0
0	0	1	1004	0	0	0	0
414	220	148	1070	0	0	0	0
277	100	109	1053	0	0	0	0
614	333	265	1106	0	0	0	0
1	0	0	1004	0	0	0	0
23	9	7	1008	0	0	0	0
209	71	71	1025	0	0	0	0
423	198	199	1089	0	0	0	0
513	247	198	1063	0	0	0	0
285	144	123	1055	0	0	0	0
345	229	136	1068	0	0	0	0
6	0	7	1008	0	0	0	0
94	51	31	1024	0	0	0	0
368	168	135	1073	0	0	0	0
468	195	180	1095	0	0	0	0
114	70	38	1018	0	0	0	0
254	119	99	1047	0	0	0	0
30	21	12	1016	0	0	0	0
184	77	60	1029	0	0	0	0
20	8	8	1010	0	0	0	0
0	0	1	1004	0	0	0	0
7	2	1	1009	0	0	0	0
777	332	297	1139	0	0	0	0
21	2	9	1007	0	0	0	0
267	118	115	1037	0	0	0	0
25	17	8	1017	0	0	0	0
210	87	94	1028	0	0	0	0
9	1	3	1007	0	0	0	0
383	143	154	1051	0	0	0	0
9	2	4	1004	0	0	0	0
1	0	0	1006	0	0	0	0
3	1	1	1004	0	0	0	0
6	2	2	1009	0	0	0	0
296	143	106	1061	0	0	0	0
201	111	91	1053	0	0	0	0
2	0	0	1004	0	0	0	0
579	255	232	1087	0	0	0	0
228	122	94	1045	0	0	0	0
8	4	0	1010	0	0	0	0
1	4	3	1007	0	0	0	0
211	83	91	1033	0	0	0	0
274	126	147	1050	0	0	0	0
384	212	174	1084	0	0	0	0
10	6	3	1006	0	0	0	0
36	17	12	1014	0	0	0	0
315	160	151	1052	0	0	0	0
182	83	85	1030	0	0	0	0
161	52	51	1030	0	0	0	0
1	0	1	1009	0	0	0	0
137	69	50	1027	0	0	0	0
40	12	21	1017	0	0	0	0
20	15	10	1007	0	0	0	0
134	45	69	1025	0	0	0	0
459	235	180	1075	0	0	0	0
352	187	177	1046	0	0	0	0
5	5	4	1009	0	0	0	0
1	2	0	1005	0	0	0	0
8	2	3	1004	0	0	0	0
24	8	10	1014	0	0	0	0
511	166	209	1062	0	0	0	0
330	147	137	1060	0	0	0	0
247	144	126	1042	0	0	0	0
14	10	10	1006	0	0	0	0
3	0	0	1004	0	0	0	0
7	1	1	1006	0	0	0	0
80	33	31	1030	0	0	0	0
569	215	199	1076	0	0	0	0
4	0	0	1005	0	0	0	0
313	152	141	1046	0	0	0	0
343	223	152	1070	0	0	0	0
554	239	232	1105	0	0	0	0
6	1	5	1004	0	0	0	0
10	2	0	1007	0	0	0	0
38	16	15	1009	0	0	0	0
326	194	153	1062	0	0	0	0
173	66	75	1038	0	0	0	0
10	1	5	1005	0	0	0	0
429	168	204	1064	0	0	0	0
37	7	21	1013	0	0	0	0
36	12	11	1015	0	0	0	0
380	190	176	1075	0	0	0	0
411	223	188	1065	0	0	0	0
2	1	1	1005	0	0	0	0
440	255	193	1080	0	0	0	0
62	31	26	1019	0	0	0	0
237	122	106	1030	0	0	0	0
25	6	10	1012	0	0	0	0
254	130	106	1037	0	0	0	0
2	0	0	1004	0	0	0	0
9	9	1	1006	0	0	0	0
359	174	148	1069	0	0	0	0
285	145	112	1056	0	0	0	0
439	207	184	1096	0	0	0	0
2	0	1	1004	0	0	0	0
5	2	1	1008	0	0	0	0
1	0	0	1004	0	0	0	0
483	240	203	1092	0	0	0	0
347	156	129	1057	0	0	0	0
527	204	208	1089	0	0	0	0
252	95	88	1056	0	0	0	0
24	10	7	1008	0	0	0	0
217	108	74	1053	0	0	0	0
56	18	16	1013	0	0	0	0
10	4	4	1004	0	0	0	0
27	17	14	1010	0	0	0	0
11	5	3	1007	0	0	0	0
515	244	253	1109	0	0	0	0
42	12	18	1010	0	0	0	0
327	153	126	1063	0	0	0	0
0	0	0	1004	0	0	0	0
182	76	68	1024	0	0	0	0
570	276	229	1103	0	0	0	0
76	42	33	1013	0	0	0	0
37	22	24	1013	0	0	0	0
34	22	20	1007	0	0	0	0
13	4	8	1008	0	0	0	0
131	72	67	1021	0	0	0	0
375	170	124	1065	0	0	0	0
3	1	1	1004	0	0	0	0
182	83	82	1028	0	0	0	0
14	3	10	1010	0	0	0	0
74	20	23	1013	0	0	0	0
303	160	126	1041	0	0	0	0
18	6	16	1010	0	0	0	0
116	45	38	1029	0	0	0	0
1	0	0	1004	0	0	0	0
0	0	1	1004	0	0	0	0
85	48	46	1016	0	0	0	0
1	0	2	1006	0	0	0	0
18	5	7	1010	0	0	0	0
7	4	6	1006	0	0	0	0
36	25	23	1009	0	0	0	0
18	11	8	1008	0	0	0	0
2	1	2	1007	0	0	0	0
397	165	149	1077	0	0	0	0
2	3	3	1004	0	0	0	0
29	3	9	1011	0	0	0	0
82	74	39	1017	0	0	0	0
218	117	75	1039	0	0	0	0
521	226	203	1083	0	0	0	0
387	157	145	1062	0	0	0	0
1	0	0	1004	0	0	0	0
191	78	77	1034	0	0	0	0
693	339	273	1131	0	0	0	0
754	347	321	1125	0	0	0	0
426	214	157	1075	0	0	0	0
0	0	3	1006	0	0	0	0
8	0	2	1005	0	0	0	0
4	0	2	1005	0	0	0	0
52	20	7	1024	0	0	0	0
45	30	19	1016	0	0	0	0
372	200	176	1055	0	0	0	0
337	168	167	1051	0	0	0	0
2	0	1	1004	0	0	0	0
280	129	102	1032	0	0	0	0
14	23	9	1006	0	0	0	0
2	3	2	1008	0	0	0	0
3	0	1	1006	0	0	0	0
78	31	18	1012	0	0	0	0
38	13	5	1015	0	0	0	0
586	276	243	1090	0	0	0	0
544	261	262	1085	0	0	0	0
2	2	0	1007	0	0	0	0
309	206	104	1046	0	0	0	0
152	66	57	1019	0	0	0	0
515	207	223	1136	0	0	0	0
37	22	22	1009	0	0	0	0
357	172	150	1048	0	0	0	0
27	3	8	1008	0	0	0	0
4	0	4	1004	0	0	0	0
45	24	18	1016	0	0	0	0
21	3	7	1006	0	0	0	0
27	9	10	1008	0	0	0	0
535	244	202	1099	0	0	0	0
90	39	35	1023	0	0	0	0
8	0	3	1005	0	0	0	0
0	0	0	1005	0	0	0	0
502	271	201	1099	0	0	0	0
154	86	69	1034	0	0	0	0
12	1	8	1005	0	0	0	0
67	25	27	1022	0	0	0	0
1	0	1	1004	0	0	0	0
364	160	160	1061	0	0	0	0
0	0	0	1004	0	0	0	0
144	55	47	1018	0	0	0	0
218	128	104	1031	0	0	0	0
5	2	3	1006	0	0	0	0
369	189	170	1072	0	0	0	0
2	1	0	1007	0	0	0	0
564	232	225	1084	0	0	0	0
173	87	66	1029	0	0	0	0
0	0	0	1005	0	0	0	0
404	171	160	1069	0	0	0	0
7	1	2	1007	0	0	0	0
113	63	45	1024	0	0	0	0
672	311	271	1124	0	0	0	0
19	2	9	1004	0	0	0	0
36	10	12	1010	0	0	0	0
181	100	96	1030	0	0	0	0
272	115	101	1048	0	0	0	0
226	102	94	1062	0	0	0	0
0	1	0	1006	0	0	0	0
447	214	194	1089	0	0	0	0
207	96	105	1050	0	0	0	0
305	166	136	1056	0	0	0	0
12	5	5	1011	0	0	0	0
25	11	7	1012	0	0	0	0
279	140	123	1043	0	0	0	0
314	119	124	1059	0	0	0	0
134	65	58	1018	0	0	0	0
133	74	63	1026	0	0	0	0
31	4	10	1011	0	0	0	0
183	86	76	1041	0	0	0	0
344	198	170	1069	0	0	0	0
2	2	2	1005	0	0	0	0
2	2	2	1005	0	0	0	0
706	301	266	1120	0	0	0	0
9	3	3	1007	0	0	0	0
28	10	10	1009	0	0	0	0
4	0	1	1006	0	0	0	0
4	0	0	1004	0	0	0	0
5	0	1	1005	0	0	0	0
199	77	73	1039	0	0	0	0
21	7	10	1010	0	0	0	0
327	163	135	1045	0	0	0	0
16	7	1	1009	0	0	0	0
245	128	102	1051	0	0	0	0
1	0	2	1004	0	0	0	0
117	60	40	1026	0	0	0	0
18	4	7	1004	0	0	0	0
53	34	17	1017	0	0	0	0
301	133	159	1038	0	0	0	0
140	65	69	1032	0	0	0	0
165	96	78	1022	0	0	0	0
4	0	0	1006	0	0	0	0
14	5	10	1007	0	0	0	0
286	145	134	1057	0	0	0	0
270	123	118	1053	0	0	0	0
4	0	0	1004	0	0	0	0
414	198	183	1059	0	0	0	0
7	0	1	1006	0	0	0	0
4	2	1	1005	0	0	0	0
275	120	84	1052	0	0	0	0
598	266	242	1096	0	0	0	0
508	231	223	1091	0	0	0	0
324	170	133	1051	0	0	0	0
252	116	93	1046	0	0	0	0
4	1	0	1006	0	0	0	0
522	234	223	1083	0	0	0	0
219	114	102	1065	0	0	0	0
13	5	4	1005	0	0	0	0
2	0	0	1004	0	0	0	0
22	9	7	1009	0	0	0	0
710	306	288	1139	0	0	0	0
3	1	0	1006	0	0	0	0
405	192	165	1083	0	0	0	0
502	248	214	1079	0	0	0	0
6	1	2	1007	0	0	0	0
495	224	189	1079	0	0	0	0
32	10	12	1009	0	0	0	0
33	12	14	1016	0	0	0	0
3	1	0	1007	0	0	0	0
4	3	1	1009	0	0	0	0
313	166	132	1063	0	0	0	0
8	3	3	1007	0	0	0	0
62	44	43	1022	0	0	0	0
12	5	4	1011	0	0	0	0
288	115	104	1059	0	0	0	0
246	127	85	1022	0	0	0	0
40	50	14	1016	0	0	0	0
121	81	57	1020	0	0	0	0
277	116	122	1038	0	0	0	0
38	11	8	1015	0	0	0	0
224	100	89	1042	0	0	0	0
3	4	1	1006	0	0	0	0
9	1	2	1004	0	0	0	0
317	161	118	1048	0	0	0	0
348	151	110	1063	0	0	0	0
467	208	165	1087	0	0	0	0
13	1	3	1008	0	0	0	0
524	283	243	1102	0	0	0	0
477	225	180	1069	0	0	0	0
14	7	4	1008	0	0	0	0
2	0	2	1005	0	0	0	0
14	8	2	1005	0	0	0	0
293	147	168	1043	0	0	0	0
56	17	15	1014	0	0	0	0
446	230	180	1081	0	0	0	0
3	1	4	1005	0	0	0	0
262	119	123	1031	0	0	0	0
330	148	150	1049	0	0	0	0
1	0	0	1004	0	0	0	0
33	33	9	1013	0	0	0	0
5	3	3	1004	0	0	0	0
469	225	208	1074	0	0	0	0
100	46	43	1022	0	0	0	0
137	49	56	1035	0	0	0	0
32	17	5	1014	0	0	0	0
114	56	48	1034	0	0	0	0
1	0	2	1004	0	0	0	0
359	175	133	1054	0	0	0	0
218	89	89	1018	0	0	0	0
200	99	84	1037	0	0	0	0
14	6	4	1006	0	0	0	0
25	9	12	1010	0	0	0	0
15	0	11	1009	0	0	0	0
59	31	41	1010	0	0	0	0
241	112	98	1033	0	0	0	0
92	40	28	1015	0	0	0	0
5	2	2	1007	0	0	0	0
6	2	1	1005	0	0	0	0
2	0	0	1004	0	0	0	0
339	140	112	1062	0	0	0	0
13	4	4	1010	0	0	0	0
242	167	110	1068	0	0	0	0
311	130	136	1051	0	0	0	0
469	238	195	1083	0	0	0	0
29	11	8	1006	0	0	0	0
4	2	0	1005	0	0	0	0
9	5	5	1005	0	0	0	0
21	16	8	1012	0	0	0	0
0	0	0	1004	0	0	0	0
1	0	3	1005	0	0	0	0
3	0	1	1006	0	0	0	0
2	0	0	1005	0	0	0	0
22	12	10	1010	0	0	0	0
4	1	1	1008	0	0	0	0
245	105	100	1045	0	0	0	0
26	10	11	1007	0	0	0	0
215	73	75	1038	0	0	0	0
4	1	1	1007	0	0	0	0
18	9	7	1007	0	0	0	0
7	1	2	1004	0	0	0	0
22	11	9	1009	0	0	0	0
53	23	22	1023	0	0	0	0
226	71	97	1028	0	0	0	0
5	1	3	1004	0	0	0	0
169	81	58	1044	0	0	0	0
412	166	160	1072	0	0	0	0
89	42	47	1020	0	0	0	0
13	15	6	1005	0	0	0	0
54	18	18	1011	0	0	0	0
26	12	13	1011	0	0	0	0
596	285	233	1082	0	0	0	0
255	142	114	1046	0	0	0	0
4	1	0	1004	0	0	0	0
403	170	181	1068	0	0	0	0
2	0	4	1004	0	0	0	0
513	201	201	1102	0	0	0	0
145	89	68	1029	0	0	0	0
3	2	7	1005	0	0	0	0
22	19	7	1005	0	0	0	0
264	149	127	1037	0	0	0	0
23	13	10	1017	0	0	0	0
16	8	7	1011	0	0	0	0
373	196	159	1057	0	0	0	0
248	115	107	1045	0	0	0	0
0	0	0	1004	0	0	0	0
447	218	182	1079	0	0	0	0
64	34	18	1020	0	0	0	0
7	6	7	1006	0	0	0	0
10	5	5	1008	0	0	0	0
7	4	2	1008	0	0	0	0
146	86	61	1015	0	0	0	0
376	194	135	1064	0	0	0	0
4	1	1	1004	0	0	0	0
8	4	1	1006	0	0	0	0
2	1	2	1004	0	0	0	0
7	1	1	1005	0	0	0	0
3	0	1	1004	0	0	0	0
3	0	2	1004	0	0	0	0
37	22	14	1011	0	0	0	0
5	1	0	1005	0	0	0	0
2	1	3	1006	0	0	0	0
27	3	8	1015	0	0	0	0
99	54	42	1028	0	0	0	0
182	85	78	1026	0	0	0	0
3	0	1	1004	0	0	0	0
4	0	1	1005	0	0	0	0
2	3	0	1009	0	0	0	0
1	0	1	1004	0	0	0	0
477	239	176	1066	0	0	0	0
1	0	0	1004	0	0	0	0
3	0	0	1005	0	0	0	0
85	39	29	1008	0	0	0	0
2	0	0	1004	0	0	0	0
4	0	4	1006	0	0	0	0
125	55	78	1030	0	0	0	0
3	5	2	1005	0	0	0	0
109	62	42	1040	0	0	0	0
10	1	4	1008	0	0	0	0
55	15	22	1009	0	0	0	0
9	2	1	1006	0	0	0	0
106	58	59	1013	0	0	0	0
27	7	4	1007	0	0	0	0
502	207	211	1078	0	0	0	0
10	1	5	1006	0	0	0	0
220	121	93	1051	0	0	0	0
15	12	5	1005	0	0	0	0
7	4	4	1005	0	0	0	0
2	1	3	1005	0	0	0	0
46	8	16	1017	0	0	0	0
8	4	2	1005	0	0	0	0
274	112	104	1030	0	0	0	0
425	188	197	1071	0	0	0	0
360	166	146	1064	0	0	0	0
232	95	99	1042	0	0	0	0
112	44	48	1023	0	0	0	0
67	37	28	1009	0	0	0	0
61	16	14	1018	0	0	0	0
115	50	42	1020	0	0	0	0
584	290	246	1117	0	0	0	0
338	171	150	1054	0	0	0	0
354	168	131	1066	0	0	0	0
7	2	2	1008	0	0	0	0
1	2	0	1004	0	0	0	0
682	319	289	1154	0	0	0	0
435	203	178	1100	0	0	0	0
520	220	199	1089	0	0	0	0
5	2	0	1006	0	0	0	0
7	4	2	1007	0	0	0	0
31	19	10	1010	0	0	0	0
3	0	0	1009	0	0	0	0
38	31	20	1014	0	0	0	0
335	190	126	1045	0	0	0	0
333	153	120	1053	0	0	0	0
0	0	0	1004	0	0	0	0
179	89	78	1028	0	0	0	0
14	11	6	1007	0	0	0	0
316	171	103	1048	0	0	0	0
21	16	14	1011	0	0	0	0
187	101	88	1024	0	0	0	0
326	163	135	1060	0	0	0	0
22	5	3	1008	0	0	0	0
134	92	70	1020	0	0	0	0
13	5	1	1009	0	0	0	0
31	8	7	1006	0	0	0	0
1	0	0	1005	0	0	0	0
6	4	3	1006	0	0	0	0
16	4	11	1010	0	0	0	0
38	27	16	1011	0	0	0	0
592	235	236	1100	0	0	0	0
17	4	8	1011	0	0	0	0
557	307	239	1104	0	0	0	0
36	11	12	1017	0	0	0	0
2	0	1	1004	0	0	0	0
27	9	16	1009	0	0	0	0
2	0	0	1005	0	0	0	0
255	119	97	1041	0	0	0	0
66	20	22	1022	0	0	0	0
0	0	0	1004	0	0	0	0
169	79	73	1046	0	0	0	0
196	92	91	1031	0	0	0	0
8	5	4	1007	0	0	0	0
2	0	0	1005	0	0	0	0
375	232	191	1064	0	0	0	0
205	129	84	1055	0	0	0	0
233	114	97	1052	0	0	0	0
392	178	167	1075	0	0	0	0
4	4	3	1008	0	0	0	0
12	3	6	1010	0	0	0	0
6	0	4	1005	0	0	0	0
516	246	191	1105	0	0	0	0
16	4	9	1011	0	0	0	0
14	1	2	1006	0	0	0	0
10	2	1	1007	0	0	0	0
19	17	8	1009	0	0	0	0
323	146	124	1035	0	0	0	0
12	4	4	1004	0	0	0	0
201	115	97	1050	0	0	0	0
68	34	33	1021	0	0	0	0
621	291	290	1125	0	0	0	0
234	152	115	1045	0	0	0	0
4	0	0	1005	0	0	0	0
196	77	68	1055	0	0	0	0
544	224	203	1111	0	0	0	0
63	14	28	1011	0	0	0	0
74	26	38	1017	0	0	0	0
355	191	158	1080	0	0	0	0
398	170	154	1059	0	0	0	0
4	0	5	1005	0	0	0	0
1	1	1	1004	0	0	0	0
6	0	1	1007	0	0	0	0
198	96	91	1037	0	0	0	0
221	126	91	1032	0	0	0	0
3	6	3	1011	0	0	0	0
90	44	36	1010	0	0	0	0
6	3	8	1007	0	0	0	0
425	235	213	1086	0	0	0	0
28	10	8	1007	0	0	0	0
134	53	46	1022	0	0	0	0
12	3	7	1007	0	0	0	0
371	163	191	1083	0	0	0	0
363	182	146	1080	0	0	0	0
280	121	110	1061	0	0	0	0
1	1	0	1005	0	0	0	0
76	44	25	1009	0	0	0	0
99	27	41	1020	0	0	0	0
345	168	140	1057	0	0	0	0
268	134	140	1040	0	0	0	0
87	67	39	1018	0	0	0	0
7	2	3	1006	0	0	0	0
3	0	0	1006	0	0	0	0
8	2	2	1005	0	0	0	0
17	6	3	1005	0	0	0	0
647	287	257	1107	0	0	0	0
20	7	10	1010	0	0	0	0
70	22	36	1012	0	0	0	0
2	2	1	1004	0	0	0	0
247	117	97	1041	0	0	0	0
710	364	316	1115	0	0	0	0
2	1	0	1006	0	0	0	0
313	140	110	1050	0	0	0	0
323	131	128	1039	0	0	0	0
103	58	38	1021	0	0	0	0
462	236	179	1099	0	0	0	0
26	7	10	1007	0	0	0	0
3	4	2	1005	0	0	0	0
78	34	35	1020	0	0	0	0
522	274	205	1073	0	0	0	0
125	67	61	1030	0	0	0	0
383	192	164	1071	0	0	0	0
578	281	228	1110	0	0	0	0
1	0	0	1005	0	0	0	0
188	116	96	1036	0	0	0	0
29	17	9	1015	0	0	0	0
55	26	18	1012	0	0	0	0
295	147	75	1044	0	0	0	0
23	14	17	1011	0	0	0	0
1	1	1	1004	0	0	0	0
267	116	97	1045	0	0	0	0
381	222	173	1054	0	0	0	0
99	44	31	1019	0	0	0	0
45	16	9	1013	0	0	0	0
6	3	3	1004	0	0	0	0
301	139	123	1064	0	0	0	0
358	172	145	1040	0	0	0	0
413	188	143	1063	0	0	0	0
127	56	59	1023	0	0	0	0
313	151	143	1058	0	0	0	0
34	35	28	1012	0	0	0	0
105	40	38	1021	0	0	0	0
541	282	222	1081	0	0	0	0
6	0	0	1005	0	0	0	0
6	4	5	1007	0	0	0	0
9	2	4	1004	0	0	0	0
219	110	87	1037	0	0	0	0
290	136	108	1056	0	0	0	0
20	5	6	1013	0	0	0	0
191	96	89	1035	0	0	0	0
80	34	35	1022	0	0	0	0
154	52	49	1041	0	0	0	0
546	221	249	1082	0	0	0	0
537	265	212	1062	0	0	0	0
400	155	202	1056	0	0	0	0
1	3	3	1004	0	0	0	0
14	11	8	1008	0	0	0	0
1	2	4	1011	0	0	0	0
348	132	130	1064	0	0	0	0
98	53	48	1016	0	0	0	0
231	82	93	1045	0	0	0	0
169	126	89	1032	0	0	0	0
371	172	130	1071	0	0	0	0
16	10	9	1019	0	0	0	0
1	1	1	1005	0	0	0	0
557	286	230	1102	0	0	0	0
8	2	4	1008	0	0	0	0
6	0	2	1004	0	0	0	0
289	106	96	1061	0	0	0	0
82	51	23	1019	0	0	0	0
9	5	6	1009	0	0	0	0
1	0	1	1004	0	0	0	0
19	5	4	1007	0	0	0	0
2	0	0	1005	0	0	0	0
53	22	32	1023	0	0	0	0
457	223	198	1092	0	0	0	0
3	1	2	1008	0	0	0	0
76	28	37	1013	0	0	0	0
3	1	0	1004	0	0	0	0
426	181	178	1091	0	0	0	0
319	163	166	1060	0	0	0	0
14	3	8	1004	0	0	0	0
252	107	109	1053	0	0	0	0
3	2	0	1005	0	0	0	0
3	1	0	1005	0	0	0	0
143	74	68	1036	0	0	0	0
401	195	177	1067	0	0	0	0
20	11	14	1007	0	0	0	0
2	0	1	1005	0	0	0	0
253	76	80	1041	0	0	0	0
14	1	6	1007	0	0	0	0
7	3	1	1004	0	0	0	0
3	0	0	1006	0	0	0	0
3	0	0	1004	0	0	0	0
17	7	9	1009	0	0	0	0
2	0	4	1005	0	0	0	0
1	1	1	1004	0	0	0	0
2	0	0	1004	0	0	0	0
365	158	134	1052	0	0	0	0
244	135	123	1056	0	0	0	0
12	4	2	1007	0	0	0	0
418	214	177	1087	0	0	0	0
1	0	0	1005	0	0	0	0
270	141	93	1048	0	0	0	0
8	5	2	1006	0	0	0	0
3	1	3	1004	0	0	0	0
401	157	135	1086	0	0	0	0
314	154	140	1071	0	0	0	0
180	88	80	1034	0	0	0	0
23	3	3	1011	0	0	0	0
59	29	30	1012	0	0	0	0
1	0	0	1007	0	0	0	0
60	19	22	1007	0	0	0	0
0	0	2	1004	0	0	0	0
19	7	8	1005	0	0	0	0
413	245	171	1065	0	0	0	0
7	1	0	1004	0	0	0	0
329	156	136	1068	0	0	0	0
5	2	2	1005	0	0	0	0
150	80	62	1012	0	0	0	0
177	84	75	1032	0	0	0	0
2	1	1	1005	0	0	0	0
258	106	111	1044	0	0	0	0
0	0	1	1004	0	0	0	0
1	0	1	1004	0	0	0	0
0	0	0	1004	0	0	0	0
416	247	192	1102	0	0	0	0
84	55	42	1016	0	0	0	0
0	0	0	1004	0	0	0	0
8	8	8	1004	0	0	0	0
416	227	177	1067	0	0	0	0
5	3	1	1007	0	0	0	0
3	6	0	1005	0	0	0	0
203	113	84	1028	0	0	0	0
211	133	81	1041	0	0	0	0
496	200	218	1074	0	0	0	0
1	1	1	1007	0	0	0	0
635	274	269	1107	0	0	0	0
8	0	1	1007	0	0	0	0
503	240	209	1066	0	0	0	0
34	10	17	1007	0	0	0	0
286	169	137	1063	0	0	0	0
6	0	0	1005	0	0	0	0
41	17	14	1010	0	0	0	0
371	165	171	1060	0	0	0	0
132	97	69	1033	0	0	0	0
89	46	43	1020	0	0	0	0
4	0	0	1004	0	0	0	0
13	8	4	1008	0	0	0	0
18	7	10	1005	0	0	0	0
353	200	146	1059	0	0	0	0
177	77	58	1024	0	0	0	0
19	3	7	1012	0	0	0	0
286	133	127	1057	0	0	0	0
332	176	147	1061	0	0	0	0
496	250	225	1096	0	0	0	0
434	194	176	1083	0	0	0	0
4	2	2	1006	0	0	0	0
531	239	231	1072	0	0	0	0
651	310	282	1131	0	0	0	0
718	344	259	1150	0	0	0	0
9	3	8	1005	0	0	0	0
34	18	9	1011	0	0	0	0
72	23	20	1028	0	0	0	0
3	0	4	1005	0	0	0	0
2	1	0	1005	0	0	0	0
327	181	138	1055	0	0	0	0
441	178	161	1094	0	0	0	0
10	1	2	1005	0	0	0	0
8	3	4	1007	0	0	0	0
38	25	14	1012	0	0	0	0
94	39	44	1021	0	0	0	0
135	92	66	1034	0	0	0	0
13	3	4	1007	0	0	0	0
550	248	220	1065	0	0	0	0
77	41	34	1017	0	0	0	0
2	4	2	1011	0	0	0	0
12	10	7	1006	0	0	0	0
116	46	35	1018	0	0	0	0
30	16	15	1007	0	0	0	0
33	12	12	1014	0	0	0	0
25	4	6	1012	0	0	0	0
69	54	31	1017	0	0	0	0
346	179	153	1058	0	0	0	0
20	6	2	1007	0	0	0	0
7	3	6	1006	0	0	0	0
112	68	49	1030	0	0	0	0
573	239	240	1115	0	0	0	0
61	23	18	1017	0	0	0	0
5	3	2	1004	0	0	0	0
214	102	88	1042	0	0	0	0
8	0	3	1006	0	0	0	0
2	0	1	1007	0	0	0	0
13	6	7	1007	0	0	0	0
15	2	5	1005	0	0	0	0
1	3	3	1005	0	0	0	0
383	185	162	1072	0	0	0	0
4	1	0	1005	0	0	0	0
18	1	4	1008	0	0	0	0
37	8	12	1008	0	0	0	0
285	148	112	1060	0	0	0	0
9	3	4	1006	0	0	0	0
356	160	142	1058	0	0	0	0
139	86	50	1029	0	0	0	0
365	219	153	1055	0	0	0	0
285	101	109	1043	0	0	0	0
0	0	1	1005	0	0	0	0
628	298	235	1117	0	0	0	0
345	181	135	1075	0	0	0	0
159	97	67	1024	0	0	0	0
4	0	1	1004	0	0	0	0
637	306	270	1117	0	0	0	0
4	0	2	1005	0	0	0	0
1	0	0	1006	0	0	0	0
301	156	131	1067	0	0	0	0
532	225	173	1088	0	0	0	0
0	0	1	1005	0	0	0	0
121	85	54	1022	0	0	0	0
0	0	0	1004	0	0	0	0
1	1	2	1006	0	0	0	0
4	0	1	1004	0	0	0	0
113	46	44	1018	0	0	0	0
7	1	4	1008	0	0	0	0
15	10	12	1010	0	0	0	0
351	187	148	1063	0	0	0	0
431	217	187	1088	0	0	0	0
163	87	75	1024	0	0	0	0
3	0	5	1004	0	0	0	0
369	186	181	1050	0	0	0	0
190	94	90	1032	0	0	0	0
18	11	4	1011	0	0	0	0
60	40	23	1025	0	0	0	0
12	4	3	1005	0	0	0	0
253	131	106	1037	0	0	0	0
603	258	208	1151	0	0	0	0
60	9	18	1008	0	0	0	0
74	36	20	1017	0	0	0	0
241	97	107	1060	0	0	0	0
366	175	166	1070	0	0	0	0
8	8	2	1004	0	0	0	0
4	5	6	1006	0	0	0	0
0	0	1	1005	0	0	0	0
424	221	150	1074	0	0	0	0
0	0	1	1010	0	0	0	0
11	3	10	1005	0	0	0	0
18	11	4	1012	0	0	0	0
246	139	125	1046	0	0	0	0
366	195	168	1091	0	0	0	0
763	312	285	1127	0	0	0	0
1	0	0	1004	0	0	0	0
510	170	189	1070	0	0	0	0
361	167	144	1080	0	0	0	0
2	1	0	1004	0	0	0	0
393	150	175	1082	0	0	0	0
484	216	186	1082	0	0	0	0
184	97	55	1046	0	0	0	0
55	22	23	1015	0	0	0	0
6	2	4	1004	0	0	0	0
3	3	3	1004	0	0	0	0
47	33	18	1024	0	0	0	0
219	105	105	1070	0	0	0	0
3	1	2	1004	0	0	0	0
710	288	245	1121	0	0	0	0
14	4	1	1008	0	0	0	0
132	66	61	1032	0	0	0	0
155	106	62	1027	0	0	0	0
1	0	0	1004	0	0	0	0
103	50	45	1030	0	0	0	0
5	1	2	1009	0	0	0	0
118	37	45	1028	0	0	0	0
3	0	4	1004	0	0	0	0
470	202	156	1074	0	0	0	0
308	166	131	1054	0	0	0	0
6	1	2	1006	0	0	0	0
3	0	1	1004	0	0	0	0
362	157	145	1062	0	0	0	0
18	15	4	1015	0	0	0	0
59	42	22	1016	0	0	0	0
24	3	2	1009	0	0	0	0
37	14	21	1015	0	0	0	0
615	252	236	1091	0	0	0	0
10	2	2	1006	0	0	0	0
240	125	121	1033	0	0	0	0
25	15	9	1016	0	0	0	0
55	17	16	1009	0	0	0	0
11	2	2	1005	0	0	0	0
268	140	122	1049	0	0	0	0
169	98	78	1031	0	0	0	0
210	105	78	1043	0	0	0	0
352	187	164	1066	0	0	0	0
1	0	0	1006	0	0	0	0
16	0	2	1009	0	0	0	0
541	267	209	1102	0	0	0	0
3	2	0	1004	0	0	0	0
0	0	0	1005	0	0	0	0
1	0	0	1005	0	0	0	0
9	3	2	1005	0	0	0	0
4	1	3	1005	0	0	0	0
446	216	183	1082	0	0	0	0
355	201	150	1070	0	0	0	0
295	176	129	1070	0	0	0	0
66	32	26	1017	0	0	0	0
361	181	164	1074	0	0	0	0
475	185	197	1095	0	0	0	0
290	156	113	1062	0	0	0	0
395	205	174	1064	0	0	0	0
515	245	210	1079	0	0	0	0
36	25	15	1010	0	0	0	0
185	86	63	1031	0	0	0	0
25	4	15	1010	0	0	0	0
47	18	13	1008	0	0	0	0
204	103	87	1055	0	0	0	0
4	4	2	1006	0	0	0	0
2	0	1	1004	0	0	0	0
4	0	6	1006	0	0	0	0
485	263	198	1104	0	0	0	0
5	3	1	1007	0	0	0	0
415	213	166	1053	0	0	0	0
64	26	20	1021	0	0	0	0
0	0	2	1004	0	0	0	0
4	3	0	1007	0	0	0	0
9	4	6	1005	0	0	0	0
1	1	0	1004	0	0	0	0
140	66	53	1017	0	0	0	0
12	7	4	1010	0	0	0	0
419	225	178	1069	0	0	0	0
77	38	32	1022	0	0	0	0
277	172	122	1057	0	0	0	0
4	0	4	1007	0	0	0	0
148	63	69	1028	0	0	0	0
2	0	0	1004	0	0	0	0
361	130	158	1068	0	0	0	0
424	170	175	1047	0	0	0	0
465	246	175	1100	0	0	0	0
0	0	1	1004	0	0	0	0
7	3	2	1008	0	0	0	0
199	117	96	1053	0	0	0	0
31	21	13	1015	0	0	0	0
108	61	31	1030	0	0	0	0
4	5	1	1006	0	0	0	0
2	0	1	1004	0	0	0	0
28	13	14	1012	0	0	0	0
569	237	204	1085	0	0	0	0
4	0	0	1006	0	0	0	0
405	171	173	1107	0	0	0	0
220	92	83	1041	0	0	0	0
57	30	32	1017	0	0	0	0
7	2	3	1006	0	0	0	0
321	165	115	1059	0	0	0	0
230	121	112	1034	0	0	0	0
423	186	150	1080	0	0	0	0
87	36	31	1015	0	0	0	0
266	143	107	1053	0	0	0	0
1	0	0	1004	0	0	0	0
327	154	148	1074	0	0	0	0
2	0	0	1004	0	0	0	0
172	74	65	1029	0	0	0	0
199	63	70	1034	0	0	0	0
424	175	142	1061	0	0	0	0
457	215	182	1078	0	0	0	0
5	1	2	1004	0	0	0	0
185	113	68	1036	0	0	0	0
48	25	15	1016	0	0	0	0
38	9	13	1009	0	0	0	0
46	10	18	1011	0	0	0	0
3	0	1	1004	0	0	0	0
544	237	232	1075	0	0	0	0
131	80	52	1043	0	0	0	0
