297	128	136	3061	0	0	0	0
22	12	5	3015	0	0	0	0
137	63	49	3031	0	0	0	0
61	22	23	3023	0	0	0	0
39	21	18	3021	0	0	0	0
21	8	6	3014	0	0	0	0
10	1	8	3010	0	0	0	0
87	43	32	3030	0	0	0	0
9	10	4	3014	0	0	0	0
241	98	88	3073	0	0	0	0
161	67	40	3057	0	0	0	0
98	37	36	3028	0	0	0	0
69	34	28	3029	0	0	0	0
14	1	9	3016	0	0	0	0
123	38	35	3026	0	0	0	0
35	11	10	3015	0	0	0	0
4	1	1	3010	0	0	0	0
126	46	35	3025	0	0	0	0
79	32	42	3034	0	0	0	0
110	52	51	3036	0	0	0	0
124	44	40	3035	0	0	0	0
139	52	49	3046	0	0	0	0
194	84	101	3052	0	0	0	0
321	129	110	3060	0	0	0	0
236	122	110	3048	0	0	0	0
38	16	26	3014	0	0	0	0
4	0	0	3009	0	0	0	0
17	11	6	3012	0	0	0	0
220	84	73	3066	0	0	0	0
61	25	27	3024	0	0	0	0
354	158	146	3076	0	0	0	0
189	66	84	3046	0	0	0	0
333	120	122	3088	0	0	0	0
9	1	4	3014	0	0	0	0
135	51	74	3017	0	0	0	0
211	122	81	3052	0	0	0	0
107	50	42	3033	0	0	0	0
25	18	7	3013	0	0	0	0
172	84	64	3049	0	0	0	0
45	21	19	3019	0	0	0	0
250	107	76	3064	0	0	0	0
74	33	31	3044	0	0	0	0
233	110	78	3056	0	0	0	0
180	100	71	3043	0	0	0	0
147	56	75	3042	0	0	0	0
361	194	155	3056	0	0	0	0
401	163	157	3086	0	0	0	0
5	0	2	3009	0	0	0	0
80	27	22	3031	0	0	0	0
135	55	68	3024	0	0	0	0
44	22	16	3030	0	0	0	0
112	49	49	3028	0	0	0	0
13	13	7	3016	0	0	0	0
93	42	34	3027	0	0	0	0
97	37	36	3023	0	0	0	0
207	111	110	3060	0	0	0	0
37	19	14	3031	0	0	0	0
201	92	92	3064	0	0	0	0
217	107	100	3061	0	0	0	0
364	195	167	3093	0	0	0	0
60	28	26	3031	0	0	0	0
120	55	41	3032	0	0	0	0
143	68	62	3040	0	0	0	0
338	165	142	3079	0	0	0	0
243	130	96	3061	0	0	0	0
67	32	33	3027	0	0	0	0
17	5	11	3011	0	0	0	0
112	62	45	3030	0	0	0	0
13	3	5	3012	0	0	0	0
107	55	26	3030	0	0	0	0
360	158	126	3097	0	0	0	0
32	15	12	3019	0	0	0	0
97	44	50	3031	0	0	0	0
42	8	13	3022	0	0	0	0
171	69	77	3056	0	0	0	0
37	16	15	3022	0	0	0	0
56	17	14	3013	0	0	0	0
195	87	74	3033	0	0	0	0
162	96	60	3049	0	0	0	0
10	6	7	3017	0	0	0	0
206	92	95	3052	0	0	0	0
2	3	1	3010	0	0	0	0
4	1	3	3010	0	0	0	0
162	57	61	3052	0	0	0	0
224	89	89	3049	0	0	0	0
304	151	114	3079	0	0	0	0
196	48	63	3054	0	0	0	0
61	42	30	3020	0	0	0	0
185	93	81	3044	0	0	0	0
344	139	161	3074	0	0	0	0
97	43	45	3031	0	0	0	0
71	49	53	3013	0	0	0	0
62	31	22	3029	0	0	0	0
48	30	29	3026	0	0	0	0
33	11	13	3027	0	0	0	0
85	44	39	3025	0	0	0	0
23	2	12	3012	0	0	0	0
240	118	101	3061	0	0	0	0
104	47	33	3024	0	0	0	0
4	4	2	3009	0	0	0	0
139	98	70	3042	0	0	0	0
22	11	17	3014	0	0	0	0
83	34	28	3035	0	0	0	0
258	114	107	3056	0	0	0	0
184	60	72	3038	0	0	0	0
131	49	58	3066	0	0	0	0
95	55	31	3023	0	0	0	0
16	6	4	3010	0	0	0	0
19	14	5	3015	0	0	0	0
103	47	38	3034	0	0	0	0
66	27	27	3033	0	0	0	0
251	116	93	3074	0	0	0	0
276	106	100	3065	0	0	0	0
268	133	107	3045	0	0	0	0
208	80	88	3047	0	0	0	0
135	54	71	3035	0	0	0	0
165	76	64	3035	0	0	0	0
187	69	82	3042	0	0	0	0
340	181	125	3047	0	0	0	0
228	127	99	3044	0	0	0	0
321	97	93	3057	0	0	0	0
305	126	111	3053	0	0	0	0
31	21	12	3027	0	0	0	0
67	32	30	3027	0	0	0	0
165	83	64	3041	0	0	0	0
58	22	23	3020	0	0	0	0
53	31	25	3025	0	0	0	0
252	132	123	3078	0	0	0	0
151	61	67	3045	0	0	0	0
53	24	21	3027	0	0	0	0
12	2	5	3011	0	0	0	0
158	81	62	3041	0	0	0	0
133	77	39	3035	0	0	0	0
72	38	36	3030	0	0	0	0
15	15	6	3019	0	0	0	0
22	9	13	3017	0	0	0	0
54	14	13	3021	0	0	0	0
221	69	102	3035	0	0	0	0
11	8	9	3014	0	0	0	0
199	92	79	3056	0	0	0	0
206	83	79	3062	0	0	0	0
95	53	43	3029	0	0	0	0
71	28	23	3031	0	0	0	0
29	21	10	3018	0	0	0	0
121	47	54	3027	0	0	0	0
175	100	74	3046	0	0	0	0
167	85	66	3037	0	0	0	0
154	77	63	3034	0	0	0	0
25	11	7	3015	0	0	0	0
92	28	34	3026	0	0	0	0
177	81	54	3050	0	0	0	0
14	4	10	3009	0	0	0	0
153	58	52	3034	0	0	0	0
60	16	19	3014	0	0	0	0
172	78	63	3042	0	0	0	0
94	36	21	3021	0	0	0	0
155	64	77	3048	0	0	0	0
42	14	22	3017	0	0	0	0
129	51	55	3050	0	0	0	0
33	10	11	3017	0	0	0	0
35	9	16	3020	0	0	0	0
80	30	28	3025	0	0	0	0
98	27	38	3026	0	0	0	0
279	103	122	3049	0	0	0	0
38	16	13	3016	0	0	0	0
111	55	39	3028	0	0	0	0
8	1	1	3009	0	0	0	0
127	47	34	3033	0	0	0	0
5	2	2	3015	0	0	0	0
21	3	5	3012	0	0	0	0
230	81	71	3036	0	0	0	0
217	105	96	3051	0	0	0	0
356	129	127	3078	0	0	0	0
137	50	55	3057	0	0	0	0
403	163	146	3099	0	0	0	0
64	37	25	3034	0	0	0	0
191	101	97	3046	0	0	0	0
77	29	25	3016	0	0	0	0
106	59	62	3025	0	0	0	0
20	8	8	3018	0	0	0	0
158	66	53	3045	0	0	0	0
248	117	93	3068	0	0	0	0
20	14	7	3019	0	0	0	0
195	110	87	3054	0	0	0	0
38	16	19	3022	0	0	0	0
365	167	154	3080	0	0	0	0
106	41	35	3031	0	0	0	0
6	2	2	3010	0	0	0	0
147	54	65	3034	0	0	0	0
50	18	14	3017	0	0	0	0
288	115	105	3063	0	0	0	0
7	0	2	3010	0	0	0	0
171	79	68	3055	0	0	0	0
79	62	44	3037	0	0	0	0
184	76	83	3041	0	0	0	0
79	30	38	3025	0	0	0	0
14	4	4	3012	0	0	0	0
85	43	31	3035	0	0	0	0
206	97	73	3054	0	0	0	0
14	4	2	3010	0	0	0	0
332	150	138	3050	0	0	0	0
88	41	30	3038	0	0	0	0
39	9	14	3018	0	0	0	0
89	50	47	3030	0	0	0	0
208	71	90	3062	0	0	0	0
112	54	45	3032	0	0	0	0
195	56	58	3065	0	0	0	0
162	50	46	3045	0	0	0	0
232	130	128	3058	0	0	0	0
216	101	88	3051	0	0	0	0
144	68	63	3055	0	0	0	0
108	29	45	3023	0	0	0	0
6	1	4	3011	0	0	0	0
376	166	131	3066	0	0	0	0
20	14	5	3014	0	0	0	0
64	37	28	3023	0	0	0	0
140	52	34	3051	0	0	0	0
80	21	46	3026	0	0	0	0
203	89	67	3041	0	0	0	0
86	39	27	3019	0	0	0	0
72	36	29	3024	0	0	0	0
26	8	10	3014	0	0	0	0
150	61	62	3034	0	0	0	0
23	12	10	3014	0	0	0	0
31	9	19	3012	0	0	0	0
107	38	54	3023	0	0	0	0
98	42	36	3030	0	0	0	0
184	69	79	3042	0	0	0	0
102	52	51	3030	0	0	0	0
139	64	55	3047	0	0	0	0
26	14	12	3017	0	0	0	0
458	175	174	3106	0	0	0	0
267	122	117	3060	0	0	0	0
62	46	19	3024	0	0	0	0
116	67	55	3038	0	0	0	0
139	42	46	3036	0	0	0	0
257	121	94	3062	0	0	0	0
56	20	27	3019	0	0	0	0
72	22	22	3022	0	0	0	0
72	36	42	3022	0	0	0	0
196	71	86	3050	0	0	0	0
331	126	115	3058	0	0	0	0
231	72	77	3045	0	0	0	0
5	0	0	3012	0	0	0	0
257	122	106	3051	0	0	0	0
191	63	57	3046	0	0	0	0
35	19	9	3016	0	0	0	0
307	87	101	3052	0	0	0	0
370	157	139	3076	0	0	0	0
121	48	42	3025	0	0	0	0
8	3	9	3014	0	0	0	0
40	25	18	3023	0	0	0	0
3	1	3	3012	0	0	0	0
233	84	98	3053	0	0	0	0
118	54	49	3044	0	0	0	0
127	47	51	3035	0	0	0	0
30	17	12	3018	0	0	0	0
180	90	68	3040	0	0	0	0
159	85	53	3034	0	0	0	0
33	15	5	3025	0	0	0	0
24	10	3	3016	0	0	0	0
24	13	9	3012	0	0	0	0
118	51	39	3046	0	0	0	0
357	151	148	3079	0	0	0	0
134	53	61	3025	0	0	0	0
259	112	117	3063	0	0	0	0
45	9	15	3020	0	0	0	0
162	78	56	3045	0	0	0	0
39	18	12	3015	0	0	0	0
96	22	23	3023	0	0	0	0
56	25	28	3025	0	0	0	0
217	102	90	3058	0	0	0	0
78	46	21	3034	0	0	0	0
213	107	84	3062	0	0	0	0
8	9	6	3011	0	0	0	0
16	10	4	3011	0	0	0	0
279	137	118	3079	0	0	0	0
169	81	80	3027	0	0	0	0
176	85	77	3046	0	0	0	0
49	14	13	3021	0	0	0	0
17	5	1	3015	0	0	0	0
186	59	74	3042	0	0	0	0
176	70	70	3040	0	0	0	0
146	60	65	3037	0	0	0	0
12	2	4	3009	0	0	0	0
394	130	152	3061	0	0	0	0
17	5	5	3014	0	0	0	0
7	1	2	3009	0	0	0	0
40	14	17	3017	0	0	0	0
86	46	45	3024	0	0	0	0
173	99	68	3034	0	0	0	0
92	39	35	3035	0	0	0	0
33	7	5	3021	0	0	0	0
152	61	68	3030	0	0	0	0
146	74	56	3036	0	0	0	0
197	97	70	3048	0	0	0	0
74	39	24	3021	0	0	0	0
63	10	21	3025	0	0	0	0
206	89	79	3049	0	0	0	0
92	31	34	3024	0	0	0	0
74	29	25	3025	0	0	0	0
353	129	119	3055	0	0	0	0
8	2	8	3015	0	0	0	0
39	25	9	3020	0	0	0	0
84	46	39	3049	0	0	0	0
350	167	126	3062	0	0	0	0
192	86	70	3055	0	0	0	0
34	8	16	3020	0	0	0	0
129	75	54	3041	0	0	0	0
24	15	15	3018	0	0	0	0
14	3	5	3021	0	0	0	0
175	73	71	3037	0	0	0	0
81	30	20	3034	0	0	0	0
48	30	25	3018	0	0	0	0
49	16	17	3029	0	0	0	0
50	33	17	3028	0	0	0	0
183	98	67	3045	0	0	0	0
1	0	0	3012	0	0	0	0
27	17	19	3019	0	0	0	0
23	4	2	3019	0	0	0	0
112	58	40	3032	0	0	0	0
102	28	34	3041	0	0	0	0
169	66	46	3039	0	0	0	0
119	52	42	3032	0	0	0	0
229	122	88	3058	0	0	0	0
143	73	63	3039	0	0	0	0
102	47	33	3024	0	0	0	0
192	94	69	3046	0	0	0	0
149	65	44	3041	0	0	0	0
96	29	29	3030	0	0	0	0
151	72	47	3044	0	0	0	0
84	29	40	3021	0	0	0	0
186	98	89	3051	0	0	0	0
73	46	31	3035	0	0	0	0
175	64	64	3054	0	0	0	0
108	48	25	3033	0	0	0	0
190	78	83	3024	0	0	0	0
70	28	36	3036	0	0	0	0
99	63	61	3035	0	0	0	0
94	38	36	3045	0	0	0	0
107	32	26	3030	0	0	0	0
116	76	42	3029	0	0	0	0
16	10	5	3019	0	0	0	0
209	74	101	3058	0	0	0	0
135	62	58	3033	0	0	0	0
179	92	69	3054	0	0	0	0
96	69	45	3024	0	0	0	0
41	24	32	3029	0	0	0	0
180	99	55	3060	0	0	0	0
227	97	97	3042	0	0	0	0
161	60	72	3040	0	0	0	0
2	2	3	3011	0	0	0	0
88	40	38	3030	0	0	0	0
33	19	15	3019	0	0	0	0
131	38	51	3036	0	0	0	0
25	5	7	3016	0	0	0	0
146	85	62	3036	0	0	0	0
149	78	56	3042	0	0	0	0
38	22	21	3021	0	0	0	0
112	40	43	3052	0	0	0	0
88	35	45	3033	0	0	0	0
245	94	85	3057	0	0	0	0
202	96	91	3067	0	0	0	0
22	6	5	3012	0	0	0	0
2	0	0	3009	0	0	0	0
245	91	88	3047	0	0	0	0
140	70	43	3037	0	0	0	0
146	66	37	3039	0	0	0	0
32	17	11	3020	0	0	0	0
60	28	25	3023	0	0	0	0
73	52	22	3023	0	0	0	0
228	98	92	3055	0	0	0	0
111	77	51	3031	0	0	0	0
6	0	1	3014	0	0	0	0
54	18	21	3029	0	0	0	0
82	44	33	3025	0	0	0	0
13	2	6	3013	0	0	0	0
139	54	54	3047	0	0	0	0
148	56	71	3047	0	0	0	0
156	60	72	3049	0	0	0	0
89	45	40	3048	0	0	0	0
40	18	20	3030	0	0	0	0
120	68	60	3038	0	0	0	0
151	67	58	3031	0	0	0	0
141	52	55	3023	0	0	0	0
19	13	5	3016	0	0	0	0
157	51	60	3043	0	0	0	0
84	27	41	3024	0	0	0	0
27	6	12	3017	0	0	0	0
18	13	7	3013	0	0	0	0
106	35	45	3030	0	0	0	0
17	9	13	3015	0	0	0	0
56	9	26	3024	0	0	0	0
7	2	2	3018	0	0	0	0
104	39	26	3036	0	0	0	0
137	52	54	3036	0	0	0	0
71	17	43	3022	0	0	0	0
154	64	49	3041	0	0	0	0
10	2	1	3009	0	0	0	0
104	30	42	3019	0	0	0	0
152	43	46	3038	0	0	0	0
196	60	78	3065	0	0	0	0
9	1	6	3009	0	0	0	0
79	41	30	3035	0	0	0	0
338	149	146	3073	0	0	0	0
71	40	36	3030	0	0	0	0
75	32	27	3021	0	0	0	0
17	1	6	3018	0	0	0	0
133	52	54	3034	0	0	0	0
111	38	47	3028	0	0	0	0
99	59	39	3046	0	0	0	0
212	113	92	3072	0	0	0	0
25	5	13	3012	0	0	0	0
90	42	22	3024	0	0	0	0
11	2	4	3009	0	0	0	0
59	19	16	3020	0	0	0	0
81	16	29	3026	0	0	0	0
83	39	27	3038	0	0	0	0
32	11	9	3015	0	0	0	0
17	8	5	3016	0	0	0	0
3	1	5	3010	0	0	0	0
117	28	51	3035	0	0	0	0
351	158	122	3064	0	0	0	0
172	52	49	3043	0	0	0	0
247	110	95	3052	0	0	0	0
6	1	3	3011	0	0	0	0
236	81	96	3049	0	0	0	0
315	129	136	3117	0	0	0	0
82	25	42	3033	0	0	0	0
41	17	15	3020	0	0	0	0
2	3	2	3009	0	0	0	0
107	35	48	3045	0	0	0	0
24	13	10	3018	0	0	0	0
149	102	70	3031	0	0	0	0
18	8	2	3017	0	0	0	0
36	4	25	3016	0	0	0	0
124	39	48	3036	0	0	0	0
281	133	101	3053	0	0	0	0
29	7	9	3019	0	0	0	0
199	57	69	3046	0	0	0	0
184	78	61	3053	0	0	0	0
4	3	1	3009	0	0	0	0
7	2	0	3013	0	0	0	0
15	5	4	3017	0	0	0	0
57	6	16	3020	0	0	0	0
145	67	47	3044	0	0	0	0
50	19	15	3024	0	0	0	0
155	83	84	3043	0	0	0	0
27	7	6	3015	0	0	0	0
308	122	125	3052	0	0	0	0
102	46	64	3029	0	0	0	0
8	3	0	3017	0	0	0	0
205	109	71	3061	0	0	0	0
30	6	13	3012	0	0	0	0
91	39	40	3026	0	0	0	0
393	165	117	3101	0	0	0	0
58	21	23	3028	0	0	0	0
135	43	58	3031	0	0	0	0
22	4	5	3013	0	0	0	0
113	34	38	3033	0	0	0	0
79	63	30	3034	0	0	0	0
124	81	63	3046	0	0	0	0
133	42	55	3025	0	0	0	0
152	61	55	3056	0	0	0	0
46	16	12	3014	0	0	0	0
139	85	63	3038	0	0	0	0
108	48	51	3043	0	0	0	0
150	75	55	3032	0	0	0	0
115	63	38	3035	0	0	0	0
93	51	37	3032	0	0	0	0
8	0	9	3010	0	0	0	0
35	21	17	3022	0	0	0	0
31	14	13	3017	0	0	0	0
196	80	79	3047	0	0	0	0
258	83	106	3055	0	0	0	0
19	3	4	3015	0	0	0	0
243	109	98	3080	0	0	0	0
19	6	10	3014	0	0	0	0
178	82	65	3033	0	0	0	0
21	6	7	3015	0	0	0	0
141	76	63	3035	0	0	0	0
137	55	60	3022	0	0	0	0
144	63	58	3022	0	0	0	0
81	57	45	3024	0	0	0	0
186	71	83	3046	0	0	0	0
155	92	67	3045	0	0	0	0
97	24	40	3020	0	0	0	0
94	46	53	3031	0	0	0	0
259	119	119	3053	0	0	0	0
284	110	99	3066	0	0	0	0
14	7	8	3018	0	0	0	0
50	21	20	3022	0	0	0	0
160	67	55	3043	0	0	0	0
75	31	24	3023	0	0	0	0
18	6	7	3019	0	0	0	0
16	8	11	3016	0	0	0	0
74	33	24	3029	0	0	0	0
3	0	5	3009	0	0	0	0
303	117	123	3049	0	0	0	0
70	29	24	3023	0	0	0	0
136	55	59	3054	0	0	0	0
42	38	23	3020	0	0	0	0
99	52	36	3040	0	0	0	0
109	38	40	3036	0	0	0	0
45	8	11	3028	0	0	0	0
22	9	7	3017	0	0	0	0
71	21	23	3031	0	0	0	0
131	64	54	3038	0	0	0	0
222	117	88	3077	0	0	0	0
49	21	14	3030	0	0	0	0
59	17	23	3019	0	0	0	0
222	88	79	3043	0	0	0	0
20	4	5	3019	0	0	0	0
201	106	72	3052	0	0	0	0
27	15	11	3010	0	0	0	0
218	105	81	3048	0	0	0	0
35	18	13	3017	0	0	0	0
57	16	19	3028	0	0	0	0
61	18	17	3028	0	0	0	0
86	33	48	3037	0	0	0	0
147	43	44	3051	0	0	0	0
84	41	30	3022	0	0	0	0
207	119	78	3055	0	0	0	0
90	48	49	3041	0	0	0	0
100	35	30	3036	0	0	0	0
97	38	58	3033	0	0	0	0
48	23	13	3019	0	0	0	0
220	106	80	3046	0	0	0	0
64	28	38	3032	0	0	0	0
58	24	24	3029	0	0	0	0
87	29	36	3019	0	0	0	0
75	32	28	3027	0	0	0	0
24	8	16	3014	0	0	0	0
20	23	5	3020	0	0	0	0
107	44	35	3023	0	0	0	0
47	14	20	3022	0	0	0	0
80	41	29	3031	0	0	0	0
52	9	12	3025	0	0	0	0
207	110	109	3053	0	0	0	0
186	108	66	3050	0	0	0	0
9	3	4	3009	0	0	0	0
128	62	67	3034	0	0	0	0
105	42	39	3027	0	0	0	0
59	43	24	3019	0	0	0	0
24	12	17	3020	0	0	0	0
3	1	3	3010	0	0	0	0
169	102	59	3048	0	0	0	0
48	8	22	3027	0	0	0	0
248	91	119	3050	0	0	0	0
298	127	121	3077	0	0	0	0
119	47	38	3037	0	0	0	0
81	32	27	3031	0	0	0	0
34	10	11	3014	0	0	0	0
148	59	52	3057	0	0	0	0
250	130	74	3046	0	0	0	0
13	3	1	3013	0	0	0	0
158	74	72	3046	0	0	0	0
110	47	32	3041	0	0	0	0
94	39	35	3033	0	0	0	0
145	76	49	3041	0	0	0	0
48	33	16	3022	0	0	0	0
260	151	110	3053	0	0	0	0
299	106	100	3063	0	0	0	0
91	39	47	3035	0	0	0	0
122	60	45	3030	0	0	0	0
13	3	2	3010	0	0	0	0
171	60	56	3040	0	0	0	0
123	56	28	3046	0	0	0	0
38	12	10	3025	0	0	0	0
89	40	36	3030	0	0	0	0
187	81	76	3052	0	0	0	0
108	46	35	3019	0	0	0	0
25	6	3	3016	0	0	0	0
10	6	3	3010	0	0	0	0
26	5	11	3015	0	0	0	0
121	54	46	3034	0	0	0	0
211	113	81	3051	0	0	0	0
114	61	53	3025	0	0	0	0
31	10	10	3016	0	0	0	0
87	46	32	3020	0	0	0	0
115	81	56	3028	0	0	0	0
24	4	3	3016	0	0	0	0
149	76	66	3056	0	0	0	0
230	83	70	3043	0	0	0	0
30	28	22	3014	0	0	0	0
97	23	45	3036	0	0	0	0
65	21	30	3014	0	0	0	0
152	49	62	3040	0	0	0	0
342	146	145	3073	0	0	0	0
148	72	74	3043	0	0	0	0
9	4	9	3015	0	0	0	0
208	93	90	3056	0	0	0	0
52	23	20	3031	0	0	0	0
25	12	8	3014	0	0	0	0
82	27	28	3032	0	0	0	0
318	135	144	3067	0	0	0	0
37	21	13	3018	0	0	0	0
16	3	4	3013	0	0	0	0
96	47	36	3025	0	0	0	0
125	58	51	3028	0	0	0	0
101	34	38	3029	0	0	0	0
60	30	13	3032	0	0	0	0
72	42	36	3019	0	0	0	0
178	76	87	3037	0	0	0	0
105	62	45	3032	0	0	0	0
44	14	12	3009	0	0	0	0
148	80	67	3034	0	0	0	0
42	11	23	3018	0	0	0	0
86	28	61	3020	0	0	0	0
31	7	6	3013	0	0	0	0
42	26	22	3016	0	0	0	0
160	82	62	3047	0	0	0	0
33	16	19	3020	0	0	0	0
24	6	13	3012	0	0	0	0
10	0	1	3010	0	0	0	0
13	2	3	3017	0	0	0	0
137	48	41	3039	0	0	0	0
128	57	65	3031	0	0	0	0
27	14	13	3018	0	0	0	0
240	114	94	3064	0	0	0	0
59	13	21	3033	0	0	0	0
58	28	26	3027	0	0	0	0
50	20	21	3022	0	0	0	0
229	81	80	3040	0	0	0	0
36	16	21	3013	0	0	0	0
79	33	35	3026	0	0	0	0
155	75	58	3038	0	0	0	0
75	27	26	3024	0	0	0	0
26	9	11	3015	0	0	0	0
10	1	3	3013	0	0	0	0
199	105	95	3048	0	0	0	0
309	142	115	3075	0	0	0	0
43	19	27	3029	0	0	0	0
48	35	29	3025	0	0	0	0
65	22	30	3015	0	0	0	0
360	146	113	3072	0	0	0	0
22	7	5	3013	0	0	0	0
110	54	39	3061	0	0	0	0
248	123	95	3069	0	0	0	0
245	108	114	3057	0	0	0	0
247	119	86	3043	0	0	0	0
12	14	6	3020	0	0	0	0
279	98	109	3058	0	0	0	0
304	144	115	3066	0	0	0	0
68	26	29	3027	0	0	0	0
108	47	41	3038	0	0	0	0
182	85	58	3032	0	0	0	0
118	51	43	3037	0	0	0	0
234	97	111	3056	0	0	0	0
40	18	16	3020	0	0	0	0
127	68	55	3033	0	0	0	0
173	86	65	3047	0	0	0	0
57	31	23	3026	0	0	0	0
26	14	4	3027	0	0	0	0
254	136	105	3067	0	0	0	0
334	150	122	3072	0	0	0	0
30	7	13	3023	0	0	0	0
19	12	8	3016	0	0	0	0
139	59	45	3028	0	0	0	0
209	57	65	3049	0	0	0	0
12	13	7	3010	0	0	0	0
49	34	17	3016	0	0	0	0
204	89	82	3049	0	0	0	0
156	56	61	3038	0	0	0	0
11	4	6	3010	0	0	0	0
205	99	100	3047	0	0	0	0
37	22	10	3023	0	0	0	0
96	42	37	3026	0	0	0	0
139	93	60	3038	0	0	0	0
105	39	32	3031	0	0	0	0
107	50	45	3034	0	0	0	0
15	7	4	3010	0	0	0	0
207	88	96	3060	0	0	0	0
280	108	121	3052	0	0	0	0
149	41	45	3033	0	0	0	0
97	41	48	3024	0	0	0	0
26	9	3	3014	0	0	0	0
99	46	42	3034	0	0	0	0
149	85	74	3029	0	0	0	0
123	76	51	3044	0	0	0	0
47	35	31	3018	0	0	0	0
149	68	33	3046	0	0	0	0
206	83	74	3044	0	0	0	0
263	114	127	3057	0	0	0	0
81	56	40	3024	0	0	0	0
12	4	2	3012	0	0	0	0
94	43	32	3039	0	0	0	0
201	94	79	3056	0	0	0	0
104	38	38	3026	0	0	0	0
108	67	47	3039	0	0	0	0
42	14	22	3021	0	0	0	0
201	75	79	3065	0	0	0	0
64	32	22	3026	0	0	0	0
104	31	33	3025	0	0	0	0
89	25	28	3028	0	0	0	0
188	69	79	3050	0	0	0	0
190	75	68	3043	0	0	0	0
37	16	14	3016	0	0	0	0
108	46	48	3028	0	0	0	0
126	60	43	3050	0	0	0	0
82	25	21	3023	0	0	0	0
148	44	66	3040	0	0	0	0
368	179	143	3086	0	0	0	0
5	3	2	3010	0	0	0	0
135	66	53	3049	0	0	0	0
166	58	72	3040	0	0	0	0
183	89	94	3041	0	0	0	0
28	6	15	3015	0	0	0	0
199	86	98	3026	0	0	0	0
46	8	8	3025	0	0	0	0
218	89	58	3066	0	0	0	0
95	45	36	3038	0	0	0	0
3	1	4	3010	0	0	0	0
7	6	7	3019	0	0	0	0
108	51	35	3031	0	0	0	0
6	4	1	3011	0	0	0	0
82	43	36	3022	0	0	0	0
315	143	95	3085	0	0	0	0
15	5	3	3019	0	0	0	0
130	42	63	3027	0	0	0	0
86	38	35	3021	0	0	0	0
20	3	7	3013	0	0	0	0
24	12	11	3012	0	0	0	0
5	1	4	3013	0	0	0	0
27	5	8	3014	0	0	0	0
163	67	71	3054	0	0	0	0
291	169	118	3063	0	0	0	0
180	81	90	3040	0	0	0	0
150	64	59	3048	0	0	0	0
142	63	56	3048	0	0	0	0
97	44	37	3011	0	0	0	0
64	25	35	3017	0	0	0	0
23	11	13	3014	0	0	0	0
85	30	36	3030	0	0	0	0
13	4	2	3016	0	0	0	0
297	132	101	3066	0	0	0	0
261	114	103	3062	0	0	0	0
172	60	67	3047	0	0	0	0
119	56	55	3033	0	0	0	0
15	8	3	3016	0	0	0	0
214	92	78	3033	0	0	0	0
13	5	3	3012	0	0	0	0
262	98	99	3044	0	0	0	0
200	102	82	3039	0	0	0	0
206	88	85	3057	0	0	0	0
137	57	71	3042	0	0	0	0
51	11	12	3028	0	0	0	0
7	1	3	3013	0	0	0	0
202	99	64	3057	0	0	0	0
243	114	78	3056	0	0	0	0
373	136	125	3098	0	0	0	0
53	26	16	3028	0	0	0	0
28	19	7	3022	0	0	0	0
107	44	43	3032	0	0	0	0
179	110	78	3049	0	0	0	0
102	31	38	3030	0	0	0	0
160	63	66	3043	0	0	0	0
170	62	64	3031	0	0	0	0
60	21	36	3027	0	0	0	0
86	49	34	3030	0	0	0	0
8	1	4	3012	0	0	0	0
246	116	91	3057	0	0	0	0
71	20	31	3020	0	0	0	0
132	64	58	3034	0	0	0	0
170	84	64	3032	0	0	0	0
98	39	36	3026	0	0	0	0
160	80	77	3048	0	0	0	0
70	21	10	3024	0	0	0	0
25	13	13	3017	0	0	0	0
121	53	47	3043	0	0	0	0
23	9	9	3013	0	0	0	0
36	12	15	3023	0	0	0	0
33	13	13	3014	0	0	0	0
79	28	41	3021	0	0	0	0
222	117	93	3061	0	0	0	0
13	3	5	3012	0	0	0	0
59	26	25	3013	0	0	0	0
159	65	77	3051	0	0	0	0
130	58	39	3040	0	0	0	0
118	44	32	3038	0	0	0	0
270	129	97	3073	0	0	0	0
44	15	21	3015	0	0	0	0
51	30	26	3016	0	0	0	0
62	21	26	3018	0	0	0	0
145	76	74	3043	0	0	0	0
4	1	2	3012	0	0	0	0
74	23	25	3032	0	0	0	0
252	99	95	3067	0	0	0	0
42	9	13	3019	0	0	0	0
34	24	9	3019	0	0	0	0
220	93	104	3064	0	0	0	0
38	19	13	3013	0	0	0	0
66	7	29	3019	0	0	0	0
85	52	29	3034	0	0	0	0
35	8	17	3016	0	0	0	0
183	83	91	3037	0	0	0	0
7	6	0	3012	0	0	0	0
373	184	154	3088	0	0	0	0
179	93	62	3050	0	0	0	0
168	54	65	3044	0	0	0	0
95	62	52	3030	0	0	0	0
200	76	90	3053	0	0	0	0
230	110	100	3047	0	0	0	0
90	34	36	3025	0	0	0	0
153	50	73	3039	0	0	0	0
228	95	90	3046	0	0	0	0
85	41	36	3025	0	0	0	0
28	12	7	3021	0	0	0	0
4	0	1	3010	0	0	0	0
138	59	54	3041	0	0	0	0
14	3	4	3015	0	0	0	0
218	108	85	3059	0	0	0	0
221	95	84	3072	0	0	0	0
53	19	17	3017	0	0	0	0
12	8	10	3011	0	0	0	0
66	34	23	3020	0	0	0	0
4	1	1	3011	0	0	0	0
6	5	3	3014	0	0	0	0
280	129	85	3074	0	0	0	0
127	68	40	3028	0	0	0	0
168	57	52	3037	0	0	0	0
14	9	5	3017	0	0	0	0
9	1	5	3017	0	0	0	0
44	24	19	3020	0	0	0	0
3	2	3	3013	0	0	0	0
135	83	65	3052	0	0	0	0
174	52	62	3040	0	0	0	0
6	2	4	3014	0	0	0	0
74	19	18	3035	0	0	0	0
96	48	57	3038	0	0	0	0
81	35	34	3032	0	0	0	0
116	41	52	3032	0	0	0	0
35	24	9	3014	0	0	0	0
30	14	8	3016	0	0	0	0
7	1	3	3012	0	0	0	0
38	16	11	3033	0	0	0	0
122	46	42	3019	0	0	0	0
256	118	119	3058	0	0	0	0
266	131	107	3065	0	0	0	0
9	4	1	3013	0	0	0	0
33	13	14	3014	0	0	0	0
54	14	8	3019	0	0	0	0
257	109	91	3066	0	0	0	0
207	82	82	3037	0	0	0	0
12	2	4	3016	0	0	0	0
196	63	69	3036	0	0	0	0
51	23	26	3018	0	0	0	0
39	10	5	3022	0	0	0	0
199	116	71	3047	0	0	0	0
83	37	49	3029	0	0	0	0
111	64	61	3023	0	0	0	0
43	16	17	3024	0	0	0	0
149	86	58	3035	0	0	0	0
83	31	29	3028	0	0	0	0
33	30	8	3019	0	0	0	0
144	60	54	3035	0	0	0	0
18	7	3	3014	0	0	0	0
101	42	38	3032	0	0	0	0
61	33	21	3023	0	0	0	0
138	60	59	3042	0	0	0	0
94	52	30	3021	0	0	0	0
15	10	6	3014	0	0	0	0
20	5	6	3015	0	0	0	0
246	108	97	3065	0	0	0	0
175	107	79	3038	0	0	0	0
266	144	122	3063	0	0	0	0
13	4	4	3011	0	0	0	0
276	144	104	3064	0	0	0	0
141	59	65	3040	0	0	0	0
73	51	43	3037	0	0	0	0
66	39	20	3028	0	0	0	0
59	29	46	3026	0	0	0	0
51	24	10	3034	0	0	0	0
7	1	4	3012	0	0	0	0
346	152	131	3097	0	0	0	0
265	119	85	3065	0	0	0	0
29	1	4	3016	0	0	0	0
61	31	29	3036	0	0	0	0
5	1	4	3010	0	0	0	0
22	5	6	3012	0	0	0	0
77	26	19	3018	0	0	0	0
74	30	28	3026	0	0	0	0
64	40	23	3025	0	0	0	0
260	112	101	3045	0	0	0	0
36	4	15	3016	0	0	0	0
203	93	85	3052	0	0	0	0
75	34	45	3029	0	0	0	0
102	33	43	3027	0	0	0	0
139	71	49	3035	0	0	0	0
253	117	108	3064	0	0	0	0
146	82	66	3032	0	0	0	0
127	59	35	3031	0	0	0	0
37	23	13	3024	0	0	0	0
142	45	43	3033	0	0	0	0
108	48	40	3038	0	0	0	0
67	17	24	3023	0	0	0	0
77	51	24	3031	0	0	0	0
3	0	2	3011	0	0	0	0
253	102	84	3072	0	0	0	0
71	21	20	3026	0	0	0	0
14	4	5	3011	0	0	0	0
7	1	4	3011	0	0	0	0
264	141	92	3041	0	0	0	0
134	49	44	3032	0	0	0	0
46	19	13	3016	0	0	0	0
79	25	45	3029	0	0	0	0
136	40	62	3036	0	0	0	0
81	25	38	3025	0	0	0	0
158	70	60	3030	0	0	0	0
76	21	28	3029	0	0	0	0
157	61	70	3057	0	0	0	0
33	5	7	3016	0	0	0	0
129	62	50	3045	0	0	0	0
66	17	26	3020	0	0	0	0
224	90	82	3043	0	0	0	0
100	43	34	3042	0	0	0	0
104	33	33	3023	0	0	0	0
236	74	99	3050	0	0	0	0
92	59	47	3031	0	0	0	0
405	169	155	3076	0	0	0	0
126	50	65	3033	0	0	0	0
154	68	57	3044	0	0	0	0
108	48	50	3028	0	0	0	0
253	151	94	3071	0	0	0	0
27	6	16	3015	0	0	0	0
16	13	3	3011	0	0	0	0
90	36	30	3027	0	0	0	0
104	37	49	3025	0	0	0	0
100	39	61	3020	0	0	0	0
205	91	86	3054	0	0	0	0
284	169	112	3065	0	0	0	0
177	71	72	3033	0	0	0	0
185	48	80	3039	0	0	0	0
169	108	57	3037	0	0	0	0
35	11	9	3018	0	0	0	0
99	36	43	3040	0	0	0	0
102	63	49	3026	0	0	0	0
27	18	12	3019	0	0	0	0
35	9	6	3015	0	0	0	0
144	101	63	3049	0	0	0	0
83	46	28	3028	0	0	0	0
191	83	96	3055	0	0	0	0
45	7	13	3012	0	0	0	0
165	75	69	3056	0	0	0	0
58	46	11	3024	0	0	0	0
7	4	2	3013	0	0	0	0
280	135	117	3076	0	0	0	0
81	36	39	3015	0	0	0	0
179	88	71	3059	0	0	0	0
178	69	73	3058	0	0	0	0
91	31	28	3027	0	0	0	0
12	9	8	3015	0	0	0	0
49	18	19	3023	0	0	0	0
215	64	93	3071	0	0	0	0
21	8	11	3020	0	0	0	0
121	47	37	3031	0	0	0	0
358	190	160	3065	0	0	0	0
240	115	90	3062	0	0	0	0
66	20	28	3024	0	0	0	0
141	54	67	3034	0	0	0	0
73	39	30	3037	0	0	0	0
52	27	16	3022	0	0	0	0
188	76	90	3034	0	0	0	0
216	94	66	3052	0	0	0	0
92	56	45	3033	0	0	0	0
33	16	15	3022	0	0	0	0
148	105	73	3032	0	0	0	0
169	77	58	3059	0	0	0	0
153	65	47	3045	0	0	0	0
48	7	17	3027	0	0	0	0
50	30	25	3026	0	0	0	0
6	2	0	3014	0	0	0	0
160	90	72	3043	0	0	0	0
88	37	38	3031	0	0	0	0
86	48	40	3037	0	0	0	0
73	52	30	3023	0	0	0	0
14	6	7	3016	0	0	0	0
137	79	62	3026	0	0	0	0
187	68	78	3038	0	0	0	0
57	45	33	3032	0	0	0	0
20	8	7	3016	0	0	0	0
105	47	43	3042	0	0	0	0
37	18	15	3014	0	0	0	0
114	43	45	3024	0	0	0	0
143	52	65	3041	0	0	0	0
18	10	13	3019	0	0	0	0
136	50	64	3032	0	0	0	0
205	75	76	3062	0	0	0	0
115	52	41	3045	0	0	0	0
186	87	61	3038	0	0	0	0
131	65	37	3034	0	0	0	0
30	7	10	3019	0	0	0	0
47	28	23	3028	0	0	0	0
38	15	15	3016	0	0	0	0
19	4	4	3009	0	0	0	0
43	9	15	3015	0	0	0	0
16	3	5	3015	0	0	0	0
15	0	8	3013	0	0	0	0
340	144	121	3053	0	0	0	0
57	20	16	3019	0	0	0	0
