1.6666666666666667	0.0	0.0	0.0
1.6666666666666667	0.0	0.0	0.0
1.0	0.4	0.0	0.0
0.8333333333333334	0.0	0.0	0.0
1.3333333333333333	0.0	0.0	0.0
0.3333333333333333	0.0	0.0	0.0
1.6666666666666667	0.5	0.0	0.0
2.0	0.0	0.0	0.0
1.8333333333333333	1.0	0.0	0.0
0.3333333333333333	0.0	0.0	0.0
1.5	0.3333333333333333	0.0	0.0
1.1666666666666667	1.5	0.0	0.0
0.6666666666666666	0.2	0.0	0.0
1.3333333333333333	1.1428571428571428	0.0	0.0
1.5	0.0	0.0	0.0
1.3333333333333333	0.7777777777777778	0.0	0.0
1.1666666666666667	0.6666666666666666	0.0	0.0
0.8333333333333334	0.0	0.0	0.0
1.3333333333333333	0.8	0.0	0.0
1.1666666666666667	0.0	0.0	0.0
1.5	0.0	0.0	0.0
1.8333333333333333	0.0	0.0	0.0
0.8333333333333334	0.0	0.0	0.0
1.1666666666666667	0.0	0.0	0.0
0.6666666666666666	0.8333333333333334	0.0	0.0
0.6666666666666666	0.0	0.0	0.0
1.3333333333333333	0.0	0.0	0.0
1.5	0.0	0.0	0.0
1.8333333333333333	1.0	0.0	0.0
0.6666666666666666	0.0	0.0	0.0
1.6666666666666667	0.0	0.0	0.0
1.6666666666666667	0.0	0.0	0.0
1.3333333333333333	1.6666666666666667	0.0	0.0
1.1666666666666667	1.0	0.0	0.0
1.1666666666666667	1.0	0.0	0.0
2.0	2.0	0.0	0.0
1.6666666666666667	0.0	0.0	0.0
1.3333333333333333	0.0	1.0	0.0
1.0	1.1666666666666667	1.5	0.0
0.5	0.0	0.0	0.0
1.3333333333333333	0.0	0.0	0.0
2.1666666666666665	0.0	0.0	0.0
1.3333333333333333	0.0	0.0	0.0
1.0	0.0	0.0	0.0
1.8333333333333333	0.0	0.0	0.0
0.5	0.0	0.0	0.0
0.8333333333333334	2.0	0.0	0.0
1.8333333333333333	0.0	0.0	0.0
1.0	1.0	2.5	0.0
1.1666666666666667	0.75	0.0	0.0
1.1666666666666667	0.3333333333333333	0.0	0.0
2.1666666666666665	0.0	0.0	0.0
1.5	1.0	0.0	0.0
0.6666666666666666	0.0	0.0	0.0
0.8333333333333334	0.0	0.0	0.0
2.0	1.5	0.0	0.0
1.5	0.0	0.0	0.0
0.6666666666666666	0.0	0.0	0.0
1.3333333333333333	1.2	0.0	0.0
1.0	0.0	0.0	0.0
2.0	3.0	0.0	0.0
1.1666666666666667	0.5	0.0	0.0
1.5	0.0	0.0	0.0
1.1666666666666667	1.3333333333333333	0.0	0.0
0.8333333333333334	0.0	0.0	0.0
1.1666666666666667	0.0	0.0	0.0
1.8333333333333333	0.0	0.0	0.0
0.8333333333333334	0.0	0.0	0.0
1.5	1.25	0.0	0.0
0.8333333333333334	0.0	0.0	0.0
0.6666666666666666	0.0	0.0	0.0
0.8333333333333334	0.0	0.0	0.0
1.5	0.5	0.0	0.0
0.16666666666666666	0.0	0.0	0.0
2.1666666666666665	1.0	0.0	0.0
0.6666666666666666	0.0	0.0	0.0
0.8333333333333334	0.0	0.0	0.0
1.5	1.5	0.0	0.0
1.5	0.0	0.0	0.0
1.0	0.0	0.0	0.0
1.1666666666666667	0.0	0.0	0.0
2.1666666666666665	1.0	0.0	0.0
1.1666666666666667	2.0	0.0	0.0
2.0	0.0	0.0	0.0
1.8333333333333333	0.0	0.0	0.0
2.0	0.0	0.0	0.0
1.1666666666666667	1.5	0.0	0.0
1.3333333333333333	0.0	0.0	0.0
0.5	1.0	0.0	0.0
1.6666666666666667	3.0	0.0	0.0
1.0	5.0	0.0	0.0
1.6666666666666667	1.0	0.0	0.0
2.0	1.0	0.0	0.0
1.1666666666666667	0.0	0.0	0.0
1.0	0.0	0.0	0.0
0.5	0.0	0.0	0.0
0.5	1.0	1.0	0.0
0.6666666666666666	0.0	0.0	0.0
1.1666666666666667	0.0	0.0	0.0
0.5	0.0	0.0	0.0
0.16666666666666666	0.0	0.0	0.0
0.5	0.0	0.0	0.0
1.0	0.0	0.0	0.0
0.6666666666666666	0.0	0.0	0.0
1.1666666666666667	0.5	0.0	0.0
1.1666666666666667	0.0	0.0	0.0
0.8333333333333334	0.0	0.0	0.0
2.1666666666666665	2.0	0.0	0.0
1.8333333333333333	0.0	0.0	0.0
1.6666666666666667	1.75	0.0	0.0
1.5	1.5	0.0	0.0
2.5	1.0	0.0	0.0
1.3333333333333333	0.0	0.0	0.0
1.8333333333333333	0.5	0.0	0.0
1.6666666666666667	0.0	0.0	0.0
1.8333333333333333	1.0	0.0	0.0
1.0	1.0	0.0	0.0
0.5	1.3333333333333333	0.0	0.0
1.0	0.0	0.0	0.0
1.1666666666666667	0.0	0.0	0.0
0.6666666666666666	0.0	0.0	0.0
1.6666666666666667	0.0	0.0	0.0
0.6666666666666666	0.0	0.0	0.0
1.3333333333333333	0.0	0.0	0.0
1.1666666666666667	0.0	0.6666666666666666	0.0
1.1666666666666667	0.0	0.0	0.0
1.0	0.0	0.0	0.0
0.6666666666666666	1.0	0.0	0.0
1.3333333333333333	1.0	0.0	0.0
1.5	0.0	0.0	0.0
0.6666666666666666	0.0	0.0	0.0
1.5	0.0	1.0	0.0
1.0	0.75	3.0	0.0
2.3333333333333335	0.0	0.0	0.0
1.0	0.2857142857142857	0.0	0.0
1.5	0.4	0.0	0.0
1.8333333333333333	1.0	0.0	0.0
1.0	0.0	0.0	0.0
1.3333333333333333	0.2727272727272727	0.0	0.0
0.8333333333333334	0.0	0.0	0.0
1.3333333333333333	0.0	0.0	0.0
1.1666666666666667	0.0	0.0	0.0
1.6666666666666667	0.8	0.0	0.0
1.0	0.0	0.0	0.0
1.0	1.0	0.0	0.0
0.5	0.0	0.0	0.0
1.6666666666666667	1.0	0.0	0.0
2.0	0.0	0.0	0.0
2.3333333333333335	0.4	0.5	0.0
0.16666666666666666	0.0	0.0	0.0
2.0	0.0	0.0	0.0
1.5	0.0	0.0	0.0
1.1666666666666667	0.0	0.0	0.0
0.5	0.0	0.0	0.0
1.6666666666666667	0.0	0.0	0.0
1.1666666666666667	1.2	0.0	0.0
1.0	0.0	0.0	0.0
0.8333333333333334	0.0	0.0	0.0
0.5	1.0	0.0	0.0
1.1666666666666667	0.0	0.0	0.0
0.5	0.0	0.0	0.0
1.3333333333333333	0.0	0.0	0.0
0.5	0.0	0.0	0.0
1.1666666666666667	0.4	0.0	0.0
1.6666666666666667	0.0	0.0	0.0
2.0	1.0	0.0	0.0
1.6666666666666667	0.0	0.0	0.0
1.3333333333333333	1.0	0.0	0.0
1.6666666666666667	0.0	0.0	0.0
1.1666666666666667	1.3333333333333333	0.0	0.0
1.3333333333333333	0.0	0.0	0.0
2.3333333333333335	0.0	0.0	0.0
2.1666666666666665	2.0	1.5	0.0
2.1666666666666665	0.0	0.0	0.0
1.3333333333333333	0.0	0.0	0.0
0.6666666666666666	0.0	0.0	0.0
1.6666666666666667	0.0	0.0	0.0
1.0	0.0	0.0	0.0
1.1666666666666667	0.0	0.0	0.0
0.6666666666666666	0.0	0.0	0.0
1.1666666666666667	0.0	0.0	0.0
0.3333333333333333	0.0	0.0	0.0
1.5	0.7142857142857143	1.0	0.0
1.0	0.0	0.0	0.0
1.1666666666666667	0.0	0.0	0.0
0.6666666666666666	0.0	0.0	0.0
0.5	0.0	0.0	0.0
1.0	0.0	0.0	0.0
0.8333333333333334	0.0	0.0	0.0
1.5	0.0	0.0	0.0
1.6666666666666667	0.0	0.0	0.0
0.3333333333333333	0.0	0.0	0.0
2.0	1.4	0.0	0.0
1.3333333333333333	0.0	0.0	0.0
1.3333333333333333	0.0	0.0	0.0
1.0	0.0	0.0	0.0
0.6666666666666666	0.0	0.0	0.0
1.1666666666666667	0.0	0.0	0.0
1.0	0.0	0.0	0.0
1.1666666666666667	0.0	0.0	0.0
1.3333333333333333	1.25	0.0	0.0
1.6666666666666667	0.0	0.0	0.0
1.0	2.3333333333333335	0.0	0.0
1.1666666666666667	0.0	0.0	0.0
1.3333333333333333	0.0	0.0	0.0
1.8333333333333333	0.75	0.0	0.0
1.0	0.0	0.0	0.0
0.5	2.0	1.0	0.0
1.8333333333333333	0.5	0.5	0.0
0.3333333333333333	0.0	0.0	0.0
1.1666666666666667	0.0	0.0	0.0
1.1666666666666667	0.0	0.0	0.0
0.6666666666666666	0.0	0.0	0.0
2.6666666666666665	1.2	2.0	0.0
1.0	0.0	0.0	0.0
1.8333333333333333	0.6666666666666666	0.0	0.0
0.3333333333333333	0.0	0.0	0.0
2.0	1.0	0.0	0.0
0.6666666666666666	0.0	0.0	0.0
1.5	0.0	0.0	0.0
0.6666666666666666	0.3333333333333333	0.0	0.0
1.3333333333333333	0.0	0.0	0.0
1.0	1.0	0.0	0.0
1.6666666666666667	0.0	0.0	0.0
0.6666666666666666	0.0	0.0	0.0
0.6666666666666666	0.0	0.0	0.0
1.1666666666666667	0.0	0.0	0.0
1.5	0.0	0.0	0.0
1.3333333333333333	0.16666666666666666	0.0	0.0
1.0	1.5	0.0	0.0
1.5	0.9230769230769231	0.0	0.0
1.0	0.0	0.0	0.0
1.1666666666666667	3.0	0.0	0.0
1.6666666666666667	0.0	0.0	0.0
0.5	0.0	0.0	0.0
1.3333333333333333	0.0	0.0	0.0
0.6666666666666666	0.0	0.0	0.0
0.6666666666666666	0.0	0.0	0.0
1.3333333333333333	0.0	0.0	0.0
1.0	0.4	0.0	0.0
1.3333333333333333	0.0	0.0	0.0
1.5	0.0	0.0	0.0
1.5	0.0	0.0	0.0
0.6666666666666666	1.5	0.0	0.0
1.1666666666666667	1.0	0.0	0.0
1.1666666666666667	0.0	0.0	0.0
2.6666666666666665	0.16666666666666666	1.0	0.0
0.8333333333333334	0.0	0.0	0.0
2.0	0.0	0.0	0.0
0.6666666666666666	1.0	0.0	0.0
0.8333333333333334	0.0	0.0	0.0
1.1666666666666667	0.0	0.0	0.0
1.0	0.5	0.0	0.0
0.8333333333333334	0.0	0.0	0.0
1.5	1.1666666666666667	0.0	0.0
0.5	0.0	0.0	0.0
0.8333333333333334	0.0	0.0	0.0
0.8333333333333334	0.0	0.0	0.0
0.6666666666666666	0.0	0.0	0.0
1.0	0.0	0.0	0.0
1.0	1.0	0.0	0.0
1.6666666666666667	0.0	0.0	0.0
1.3333333333333333	1.0	0.0	0.0
1.5	2.0	0.0	0.0
0.6666666666666666	0.0	0.0	0.0
1.1666666666666667	0.0	0.6666666666666666	0.0
2.3333333333333335	1.625	0.0	0.0
1.0	0.0	0.0	0.0
1.5	1.3333333333333333	0.0	0.0
1.8333333333333333	1.0	0.0	0.0
1.1666666666666667	0.0	0.0	0.0
2.0	0.0	0.0	0.0
1.8333333333333333	0.0	0.0	0.0
1.1666666666666667	0.0	0.0	0.0
1.3333333333333333	0.0	0.0	0.0
2.0	0.0	0.0	0.0
1.3333333333333333	0.5	0.0	0.0
1.3333333333333333	0.45454545454545453	0.0	0.0
0.6666666666666666	0.5	0.0	0.0
1.5	1.0	0.0	0.0
0.6666666666666666	1.0	0.0	0.0
1.3333333333333333	0.0	0.0	0.0
1.3333333333333333	2.0	0.0	0.0
0.5	0.5	0.0	0.0
1.8333333333333333	0.75	0.0	0.0
1.8333333333333333	0.0	0.0	0.0
1.8333333333333333	1.25	0.0	0.0
1.5	2.0	0.0	0.0
0.8333333333333334	0.0	0.0	0.0
0.8333333333333334	0.0	0.0	0.0
0.8333333333333334	0.0	0.0	0.0
0.8333333333333334	0.0	0.0	0.0
1.1666666666666667	0.0	0.0	0.0
1.5	0.0	0.0	0.0
2.3333333333333335	2.0	0.0	0.0
1.0	0.0	0.0	0.0
0.8333333333333334	0.0	0.0	0.0
1.8333333333333333	0.4	0.0	0.0
1.1666666666666667	1.0	0.0	0.0
1.3333333333333333	0.0	0.0	0.0
0.6666666666666666	0.0	0.0	0.0
1.1666666666666667	0.0	0.0	0.0
0.6666666666666666	0.0	0.0	0.0
2.1666666666666665	1.0	0.0	0.0
1.3333333333333333	0.0	0.0	0.0
1.3333333333333333	0.5833333333333334	0.0	0.0
0.5	0.0	0.0	0.0
2.3333333333333335	1.5	0.0	0.0
1.5	0.0	0.0	0.0
1.0	1.0	0.0	0.0
2.0	2.0	0.0	0.0
1.0	0.0	0.0	0.0
0.8333333333333334	0.0	0.0	0.0
0.8333333333333334	0.0	0.0	0.0
1.6666666666666667	1.0	0.0	0.0
0.6666666666666666	0.0	0.0	0.0
1.1666666666666667	1.0	0.0	0.0
0.3333333333333333	0.0	0.0	0.0
1.1666666666666667	1.6666666666666667	0.0	0.0
0.16666666666666666	0.0	0.0	0.0
0.3333333333333333	0.0	0.0	0.0
0.16666666666666666	1.3333333333333333	0.0	0.0
1.0	0.0	0.6666666666666666	0.0
1.5	1.0	0.0	0.0
0.3333333333333333	0.0	0.0	0.0
0.8333333333333334	0.0	0.0	0.0
1.6666666666666667	0.75	0.0	0.0
1.8333333333333333	0.6363636363636364	0.0	0.0
1.5	0.0	0.0	0.0
1.3333333333333333	0.0	0.0	0.0
1.0	0.2	0.0	0.0
1.1666666666666667	0.0	0.0	0.0
1.8333333333333333	0.0	0.0	0.0
0.8333333333333334	0.0	0.0	0.0
1.6666666666666667	0.0	0.0	0.0
0.6666666666666666	0.0	0.0	0.0
1.0	0.0	0.0	0.0
1.0	0.0	0.0	0.0
2.0	0.0	0.0	0.0
0.8333333333333334	0.0	0.0	0.0
1.3333333333333333	1.0	0.0	0.0
1.5	0.0	0.0	0.0
2.1666666666666665	0.3333333333333333	0.0	0.0
1.3333333333333333	0.0	1.0	0.0
2.6666666666666665	1.6666666666666667	0.0	0.0
1.6666666666666667	1.3333333333333333	0.0	0.0
0.5	0.9166666666666666	0.0	0.0
1.1666666666666667	1.4	0.0	0.0
0.6666666666666666	0.0	0.0	0.0
2.6666666666666665	1.0	0.0	0.0
1.8333333333333333	0.6666666666666666	0.0	0.0
1.5	1.5	0.0	0.0
1.5	0.0	0.0	0.0
0.5	0.0	0.0	0.0
1.8333333333333333	0.0	0.0	0.0
1.1666666666666667	0.5	0.0	0.0
1.0	1.4545454545454546	1.0	0.0
1.5	0.0	0.0	0.0
1.1666666666666667	1.0	0.0	0.0
1.6666666666666667	0.4	0.0	0.0
0.5	0.0	0.0	0.0
1.1666666666666667	0.0	0.0	0.0
1.0	0.0	0.0	0.0
0.6666666666666666	0.0	1.4	0.0
0.8333333333333334	0.0	0.0	0.0
1.3333333333333333	0.0	0.0	0.0
0.8333333333333334	0.0	0.0	0.0
2.0	1.1333333333333333	0.0	0.0
1.6666666666666667	1.2	0.0	0.0
2.3333333333333335	1.5555555555555556	0.0	0.0
0.8333333333333334	1.0	0.0	0.0
1.1666666666666667	0.0	0.0	0.0
0.6666666666666666	0.0	0.0	0.0
1.0	6.0	1.0	0.0
1.3333333333333333	0.0	0.0	0.0
0.8333333333333334	1.5714285714285714	0.0	0.0
2.0	0.6666666666666666	0.0	0.0
1.6666666666666667	1.1666666666666667	0.0	0.0
1.0	0.0	0.0	0.0
1.1666666666666667	0.8	0.0	0.0
2.0	2.0	1.5	0.0
0.5	0.0	0.0	0.0
1.0	0.0	0.0	0.0
1.5	0.5	0.0	0.0
0.3333333333333333	0.0	0.0	0.0
1.8333333333333333	0.7	0.0	0.0
1.1666666666666667	0.0	0.0	0.0
1.5	0.0	0.0	0.0
1.5	0.6	1.0	0.0
1.3333333333333333	2.0	0.0	0.0
1.5	0.5	0.0	0.0
1.8333333333333333	1.5	0.0	0.0
1.0	1.0	0.0	0.0
0.6666666666666666	0.0	0.0	0.0
1.6666666666666667	0.0	0.0	0.0
1.1666666666666667	0.0	0.0	0.0
0.6666666666666666	0.0	0.0	0.0
1.6666666666666667	1.0	0.5	0.0
0.8333333333333334	1.5	0.0	0.0
0.8333333333333334	0.0	0.0	0.0
0.8333333333333334	0.0	0.0	0.0
1.8333333333333333	1.0	0.0	0.0
1.0	0.0	0.0	0.0
1.3333333333333333	0.6666666666666666	0.0	0.0
1.5	0.0	0.0	0.0
1.6666666666666667	0.5	0.0	0.0
1.5	0.3333333333333333	0.0	0.0
2.0	1.0	0.0	0.0
1.1666666666666667	0.0	0.0	0.0
2.0	0.0	0.0	0.0
1.3333333333333333	1.0	1.0	0.0
1.6666666666666667	0.0	0.0	0.0
0.8333333333333334	0.0	0.0	0.0
1.0	0.0	0.0	0.0
2.1666666666666665	0.0	0.0	0.0
2.0	0.0	0.0	0.0
1.1666666666666667	0.75	0.0	0.0
0.8333333333333334	0.0	0.0	0.0
1.3333333333333333	0.0	0.0	0.0
0.8333333333333334	0.0	0.0	0.0
0.6666666666666666	0.0	0.0	0.0
1.5	1.3333333333333333	0.0	0.0
1.1666666666666667	0.0	0.0	0.0
2.0	0.3333333333333333	0.0	0.0
2.1666666666666665	3.0	1.6666666666666667	0.0
2.0	0.0	0.0	0.0
1.8333333333333333	1.5	0.0	0.0
1.6666666666666667	1.0	0.0	0.0
2.1666666666666665	0.0	0.0	0.0
0.6666666666666666	0.0	0.0	0.0
1.6666666666666667	2.0	0.3333333333333333	0.0
0.8333333333333334	0.3	0.0	0.0
1.0	0.0	0.0	0.0
1.5	0.6666666666666666	0.0	0.0
0.5	0.0	0.0	0.0
1.3333333333333333	0.3333333333333333	0.0	0.0
1.1666666666666667	0.0	0.0	0.0
1.0	0.0	0.0	0.0
1.0	0.0	0.0	0.0
0.8333333333333334	2.0	0.5	0.0
0.6666666666666666	0.0	0.0	0.0
1.0	0.0	0.0	0.0
0.6666666666666666	0.0	0.0	0.0
0.16666666666666666	0.0	0.0	0.0
1.1666666666666667	0.0	0.0	0.0
0.6666666666666666	0.0	0.0	0.0
1.5	0.0	0.0	0.0
1.1666666666666667	0.0	0.0	0.0
1.3333333333333333	0.0	0.0	0.0
1.1666666666666667	0.0	0.0	0.0
1.8333333333333333	1.0	0.0	0.0
1.0	0.5555555555555556	0.0	0.0
1.3333333333333333	0.0	0.0	0.0
0.5	0.0	0.0	0.0
0.5	0.0	0.0	0.0
1.6666666666666667	0.6666666666666666	0.0	0.0
0.6666666666666666	0.0	0.0	0.0
1.1666666666666667	1.0	0.0	0.0
1.0	0.0	0.0	0.0
1.5	0.0	1.0	0.0
1.5	0.0	0.0	0.0
1.8333333333333333	3.0	0.0	0.0
1.5	0.0	0.0	0.0
0.16666666666666666	1.0	0.0	0.0
0.5	0.0	0.0	0.0
1.5	1.0	0.3333333333333333	0.0
1.3333333333333333	0.0	0.0	0.0
2.1666666666666665	1.5	0.0	0.0
2.0	0.0	0.0	0.0
0.8333333333333334	2.6	0.0	0.0
0.5	0.0	0.0	0.0
0.6666666666666666	0.0	0.0	0.0
1.8333333333333333	0.0	0.0	0.0
0.6666666666666666	0.0	0.0	0.0
0.8333333333333334	0.0	1.0	0.0
1.1666666666666667	0.0	0.0	0.0
0.5	0.0	0.0	0.0
0.8333333333333334	1.0	0.0	0.0
1.5	0.0	0.0	0.0
1.5	0.0	0.0	0.0
0.8333333333333334	1.1	0.0	0.0
1.6666666666666667	0.0	0.0	0.0
0.6666666666666666	0.0	0.0	0.0
0.8333333333333334	0.0	0.0	0.0
1.6666666666666667	0.0	0.0	0.0
1.3333333333333333	0.0	0.0	0.0
1.1666666666666667	0.5	0.0	0.0
0.6666666666666666	1.4	0.0	0.0
2.0	1.0	0.0	0.0
0.3333333333333333	0.0	0.0	0.0
1.1666666666666667	0.0	0.0	0.0
1.3333333333333333	0.4	0.0	0.0
1.6666666666666667	0.0	0.0	0.0
1.0	0.0	0.0	0.0
1.1666666666666667	1.625	1.0	0.0
1.1666666666666667	1.0	0.0	0.0
1.0	0.0	0.0	0.0
1.0	0.0	0.0	0.0
1.3333333333333333	0.0	0.0	0.0
1.5	0.0	0.0	0.0
0.6666666666666666	0.0	0.0	0.0
1.6666666666666667	0.0	0.0	0.0
1.1666666666666667	2.0	0.0	0.0
1.5	0.5	0.0	0.0
0.3333333333333333	0.0	0.0	0.0
1.0	0.0	0.0	0.0
1.5	1.5	0.0	0.0
1.0	0.0	0.0	0.0
1.6666666666666667	1.0	0.0	0.0
0.8333333333333334	0.0	0.0	0.0
1.8333333333333333	0.0	0.0	0.0
0.3333333333333333	0.0	0.0	0.0
1.1666666666666667	2.5	0.5	0.0
1.0	0.8333333333333334	0.0	0.0
0.5	1.5	0.0	0.0
1.0	0.0	0.0	0.0
1.3333333333333333	0.5	0.0	0.0
0.6666666666666666	1.0	0.0	0.0
1.0	0.0	0.0	0.0
0.8333333333333334	0.0	0.0	0.0
2.0	0.6666666666666666	0.0	0.0
0.8333333333333334	0.0	0.0	0.0
1.0	0.0	0.0	0.0
1.1666666666666667	0.0	0.0	0.0
1.0	0.6666666666666666	0.0	0.0
1.3333333333333333	0.3333333333333333	0.0	0.0
1.3333333333333333	0.5	0.0	0.0
1.0	0.0	0.0	0.0
1.5	1.0	0.0	0.0
0.6666666666666666	0.75	0.25	0.0
1.8333333333333333	0.0	0.0	0.0
1.0	1.25	0.0	0.0
0.6666666666666666	0.0	0.0	0.0
0.6666666666666666	0.0	0.0	0.0
0.8333333333333334	0.0	0.0	0.0
0.3333333333333333	0.0	0.0	0.0
1.5	0.5	0.0	0.0
1.0	0.0	0.0	0.0
2.1666666666666665	0.0	0.0	0.0
0.8333333333333334	0.0	0.0	0.0
0.6666666666666666	0.0	0.0	0.0
1.1666666666666667	0.0	0.0	0.0
1.6666666666666667	0.0	0.0	0.0
0.6666666666666666	0.0	0.0	0.0
0.8333333333333334	0.0	0.0	0.0
1.1666666666666667	0.0	0.0	0.0
1.0	1.5	0.0	0.0
0.5	0.0	0.0	0.0
0.5	0.0	0.0	0.0
1.5	1.2	0.0	0.0
0.0	0.0	0.0	0.0
1.1666666666666667	0.0	0.0	0.0
1.0	0.6666666666666666	0.0	0.0
2.3333333333333335	1.3333333333333333	0.0	0.0
1.3333333333333333	0.0	0.0	0.0
0.6666666666666666	1.5	0.0	0.0
1.1666666666666667	2.0	0.0	0.0
0.6666666666666666	0.0	0.0	0.0
1.3333333333333333	0.6666666666666666	0.0	0.0
0.8333333333333334	0.0	0.0	0.0
1.3333333333333333	0.7	0.0	0.0
1.0	0.0	0.0	0.0
1.1666666666666667	0.0	0.0	0.0
0.6666666666666666	0.0	0.0	0.0
1.1666666666666667	0.0	0.0	0.0
1.5	0.0	0.0	0.0
1.0	0.0	0.0	0.0
1.0	0.0	0.0	0.0
2.0	1.0	0.0	0.0
1.0	0.0	0.5	0.0
1.1666666666666667	0.5	0.0	0.0
0.3333333333333333	0.0	0.0	0.0
1.1666666666666667	0.0	0.0	0.0
1.0	0.0	0.0	0.0
0.8333333333333334	0.0	0.0	0.0
2.0	0.0	0.0	0.0
2.1666666666666665	2.0	0.0	0.0
1.0	0.0	0.0	0.0
1.3333333333333333	0.0	0.0	0.0
1.0	0.0	0.0	0.0
1.1666666666666667	0.0	0.0	0.0
0.8333333333333334	4.0	2.0	0.0
0.5	0.0	0.0	0.0
0.6666666666666666	0.0	0.0	0.0
1.6666666666666667	0.0	0.0	0.0
1.1666666666666667	0.0	0.0	0.0
0.5	0.0	0.0	0.0
1.6666666666666667	0.0	0.0	0.0
1.6666666666666667	0.0	0.0	0.0
1.6666666666666667	0.0	0.0	0.0
0.3333333333333333	0.0	0.0	0.0
1.0	0.6666666666666666	0.0	0.0
0.5	0.0	0.0	0.0
1.0	1.0	0.0	0.0
0.6666666666666666	0.0	0.0	0.0
0.8333333333333334	0.0	0.0	0.0
1.1666666666666667	0.0	0.0	0.0
0.6666666666666666	0.0	0.0	0.0
1.0	0.0	0.0	0.0
0.3333333333333333	0.0	0.0	0.0
0.6666666666666666	0.0	0.0	0.0
1.1666666666666667	1.0	0.0	0.0
1.8333333333333333	0.0	0.0	0.0
1.1666666666666667	0.0	0.0	0.0
1.1666666666666667	0.5	1.0	0.0
0.5	0.0	0.0	0.0
0.6666666666666666	0.0	0.0	0.0
1.3333333333333333	0.0	0.0	0.0
1.0	1.0	0.0	0.0
1.8333333333333333	0.0	0.0	0.0
1.3333333333333333	0.0	0.0	0.0
1.1666666666666667	1.0	0.0	0.0
0.8333333333333334	0.2	1.0	0.0
1.0	1.0	0.0	0.0
0.8333333333333334	0.0	0.0	0.0
1.3333333333333333	0.0	0.0	0.0
1.0	0.25	0.0	0.0
1.5	0.0	0.0	0.0
2.0	0.0	0.0	0.0
0.6666666666666666	0.0	0.0	0.0
2.1666666666666665	1.5	0.0	0.0
0.8333333333333334	0.0	0.0	0.0
1.6666666666666667	0.0	0.0	0.0
2.0	0.3333333333333333	0.0	0.0
1.5	0.0	0.0	0.0
1.1666666666666667	0.0	0.0	0.0
1.5	1.0	0.0	0.0
0.8333333333333334	0.0	0.0	0.0
0.5	1.1428571428571428	0.0	0.0
0.5	0.0	0.0	0.0
1.1666666666666667	0.0	0.0	0.0
0.6666666666666666	2.0	0.0	0.0
0.8333333333333334	0.0	0.0	0.0
1.5	0.0	0.0	0.0
0.3333333333333333	0.0	0.0	0.0
0.3333333333333333	0.0	0.0	0.0
1.3333333333333333	0.0	0.0	0.0
2.3333333333333335	1.0	0.0	0.0
1.1666666666666667	0.2857142857142857	0.0	0.0
2.5	1.0	0.0	0.0
0.3333333333333333	0.0	0.0	0.0
0.3333333333333333	0.0	0.0	0.0
1.5	0.0	0.0	0.0
1.0	0.0	0.0	0.0
1.3333333333333333	0.0	0.0	0.0
0.6666666666666666	0.0	0.0	0.0
2.3333333333333335	1.0	1.0	0.0
1.0	1.0	0.0	0.0
1.3333333333333333	0.0	0.0	0.0
1.3333333333333333	0.75	0.0	0.0
1.0	0.0	1.5	0.0
1.3333333333333333	0.0	0.0	0.0
0.3333333333333333	0.0	0.0	0.0
0.6666666666666666	0.0	0.0	0.0
1.0	0.0	0.0	0.0
1.1666666666666667	1.6666666666666667	0.0	0.0
0.3333333333333333	0.0	0.0	0.0
2.6666666666666665	0.0	0.0	0.0
1.3333333333333333	0.0	0.0	0.0
0.8333333333333334	0.0	0.0	0.0
1.8333333333333333	1.0	0.0	0.0
1.8333333333333333	1.0	0.0	0.0
0.3333333333333333	0.3333333333333333	0.0	0.0
0.8333333333333334	0.0	0.0	0.0
0.3333333333333333	2.0	0.0	0.0
1.0	0.0	0.0	0.0
1.0	0.0	0.0	0.0
0.3333333333333333	0.0	0.0	0.0
1.0	0.5555555555555556	0.0	0.0
1.0	0.0	0.0	0.0
2.0	0.0	0.0	0.0
0.6666666666666666	0.0	0.0	0.0
0.6666666666666666	0.0	0.0	0.0
0.5	0.0	0.0	0.0
1.3333333333333333	0.0	0.0	0.0
1.6666666666666667	0.0	0.5	0.0
0.5	2.5	1.0	0.0
1.0	0.0	0.0	0.0
1.8333333333333333	2.0	0.0	0.0
0.5	0.0	0.0	0.0
0.5	0.5	0.0	0.0
1.1666666666666667	0.875	1.0	0.0
1.0	0.0	0.0	0.0
0.8333333333333334	0.6666666666666666	0.0	0.0
2.0	1.3333333333333333	2.0	0.0
0.8333333333333334	0.0	0.0	0.0
0.8333333333333334	0.0	0.0	0.0
0.6666666666666666	0.0	0.4	0.0
1.3333333333333333	0.625	0.0	0.0
0.8333333333333334	0.0	0.0	0.0
1.5	0.0	0.0	0.0
1.6666666666666667	0.0	0.0	0.0
3.6666666666666665	1.5	0.0	0.0
1.8333333333333333	0.0	0.0	0.0
1.1666666666666667	1.0	0.0	0.0
1.0	1.0769230769230769	0.0	0.0
0.5	0.0	0.0	0.0
1.0	0.0	0.0	0.0
1.5	1.25	0.0	0.0
1.3333333333333333	0.0	0.0	0.0
0.16666666666666666	0.0	0.0	0.0
2.1666666666666665	1.0	0.0	0.0
0.8333333333333334	0.0	0.0	0.0
1.6666666666666667	0.0	0.0	0.0
1.1666666666666667	0.75	1.6666666666666667	0.0
0.6666666666666666	0.0	0.0	0.0
1.1666666666666667	0.0	0.0	0.0
2.0	0.5	0.0	0.0
1.3333333333333333	0.625	0.0	0.0
2.1666666666666665	4.0	0.0	0.0
0.5	0.0	0.0	0.0
1.1666666666666667	1.0	0.0	0.0
1.3333333333333333	1.0	0.0	0.0
0.8333333333333334	0.3333333333333333	0.0	0.0
1.5	0.0	0.0	0.0
0.3333333333333333	0.0	0.0	0.0
0.8333333333333334	0.0	0.0	0.0
1.6666666666666667	2.0	0.3333333333333333	0.0
2.3333333333333335	1.0	0.0	0.0
1.6666666666666667	0.0	0.0	0.0
0.6666666666666666	0.0	0.0	0.0
0.8333333333333334	1.0	0.0	0.0
0.8333333333333334	0.3333333333333333	0.0	0.0
0.8333333333333334	0.0	0.0	0.0
1.0	0.0	0.0	0.0
0.5	0.0	0.0	0.0
1.0	0.0	0.0	0.0
1.1666666666666667	1.0	0.5	0.0
1.0	0.0	0.0	0.0
1.3333333333333333	0.5	0.0	0.0
1.6666666666666667	0.0	2.0	0.0
1.3333333333333333	1.0	0.0	0.0
0.8333333333333334	0.0	0.0	0.0
0.8333333333333334	0.0	0.0	0.0
1.3333333333333333	1.5	0.0	0.0
1.1666666666666667	0.0	0.0	0.0
1.1666666666666667	0.75	0.0	0.0
1.5	0.5714285714285714	0.0	0.0
1.0	0.3333333333333333	0.0	0.0
0.6666666666666666	0.0	0.0	0.0
0.8333333333333334	0.0	0.0	0.0
1.5	1.0	0.0	0.0
0.8333333333333334	1.0	0.0	0.0
0.8333333333333334	0.0	0.0	0.0
1.8333333333333333	0.0	0.0	0.0
0.3333333333333333	0.0	0.0	0.0
2.0	0.0	0.0	0.0
1.0	0.0	0.0	0.0
1.5	1.1428571428571428	0.0	0.0
1.5	0.0	0.0	0.0
0.5	1.3333333333333333	0.0	0.0
1.8333333333333333	0.5	0.0	0.0
0.8333333333333334	1.0	0.0	0.0
0.8333333333333334	0.0	0.0	0.0
0.8333333333333334	0.0	0.0	0.0
0.8333333333333334	4.0	0.0	0.0
0.6666666666666666	0.0	0.0	0.0
1.5	1.5454545454545454	0.0	0.0
1.5	0.0	0.0	0.0
1.5	0.0	0.0	0.0
1.3333333333333333	0.0	0.0	0.0
1.8333333333333333	3.0	0.0	0.0
0.8333333333333334	0.8333333333333334	0.0	0.0
1.5	0.0	0.0	0.0
1.0	0.0	0.0	0.0
0.8333333333333334	0.5	0.0	0.0
1.5	0.5	0.0	0.0
0.8333333333333334	0.0	0.0	0.0
0.5	0.0	0.0	0.0
2.1666666666666665	0.0	0.0	0.0
1.3333333333333333	0.7142857142857143	0.0	0.0
1.5	1.0	0.0	0.0
1.1666666666666667	0.0	0.0	0.0
0.6666666666666666	0.0	0.0	0.0
1.1666666666666667	0.5	0.8	0.0
1.1666666666666667	0.6666666666666666	0.0	0.0
1.3333333333333333	0.0	0.0	0.0
1.5	0.0	0.0	0.0
2.1666666666666665	0.3333333333333333	0.5	0.0
0.8333333333333334	0.0	0.0	0.0
0.5	3.0	0.0	0.0
1.8333333333333333	0.0	0.0	0.0
0.5	1.6	0.0	0.0
0.5	0.5	0.0	0.0
1.3333333333333333	1.3333333333333333	1.0	0.0
1.0	0.0	0.0	0.0
1.5	1.0	0.0	0.0
1.3333333333333333	0.0	0.0	0.0
0.6666666666666666	0.0	0.0	0.0
1.6666666666666667	3.0	1.0	0.0
1.3333333333333333	0.875	0.0	0.0
1.6666666666666667	1.3333333333333333	0.0	0.0
0.6666666666666666	0.0	0.0	0.0
1.1666666666666667	0.0	0.0	0.0
1.1666666666666667	0.3333333333333333	0.0	0.0
1.8333333333333333	1.3333333333333333	0.0	0.0
0.6666666666666666	0.6666666666666666	0.0	0.0
1.6666666666666667	0.0	0.0	0.0
2.0	1.3333333333333333	0.6666666666666666	0.0
1.3333333333333333	2.0	1.0	0.0
1.6666666666666667	0.8333333333333334	0.0	0.0
2.0	0.5	0.5	0.0
1.3333333333333333	0.625	0.0	0.0
0.5	0.0	0.0	0.0
1.1666666666666667	0.0	0.0	0.0
0.5	0.0	0.0	0.0
1.1666666666666667	0.0	0.0	0.0
0.6666666666666666	0.0	0.0	0.0
1.5	1.0	0.0	0.0
0.5	0.0	0.0	0.0
1.0	0.0	0.0	0.0
0.8333333333333334	1.0	0.0	0.0
1.1666666666666667	0.0	0.0	0.0
1.5	0.0	0.0	0.0
1.0	0.75	1.0	0.0
0.16666666666666666	0.0	0.0	0.0
0.6666666666666666	1.0	0.0	0.0
0.6666666666666666	0.0	0.0	0.0
0.6666666666666666	1.0	0.0	0.0
0.8333333333333334	0.0	0.0	0.0
0.3333333333333333	0.0	0.0	0.0
0.8333333333333334	0.0	0.0	0.0
0.8333333333333334	0.0	0.0	0.0
1.3333333333333333	0.75	0.0	0.0
1.3333333333333333	0.6	0.0	0.0
0.5	0.0	1.0	0.0
0.6666666666666666	0.0	0.0	0.0
0.6666666666666666	1.0	0.0	0.0
1.5	0.0	0.0	0.0
1.8333333333333333	0.0	0.0	0.0
1.0	0.0	0.0	0.0
1.1666666666666667	0.0	0.0	0.0
1.0	1.0	0.0	0.0
1.3333333333333333	0.0	0.0	0.0
2.0	0.5555555555555556	1.0	0.0
1.6666666666666667	1.0	0.0	0.0
0.6666666666666666	1.5	0.0	0.0
1.0	1.0	0.0	0.0
1.5	0.0	0.0	0.0
2.1666666666666665	0.0	0.0	0.0
1.1666666666666667	0.0	0.0	0.0
1.1666666666666667	0.0	0.0	0.0
1.5	2.0	0.0	0.0
1.0	0.0	0.0	0.0
0.8333333333333334	2.5	0.0	0.0
0.3333333333333333	1.3846153846153846	0.0	0.0
1.0	1.0	0.0	0.0
1.0	0.0	0.0	0.0
1.5	0.0	0.0	0.0
1.1666666666666667	1.4444444444444444	0.0	0.0
0.6666666666666666	0.0	0.0	0.0
1.3333333333333333	0.47368421052631576	0.0	0.0
1.6666666666666667	0.0	0.0	0.0
1.1666666666666667	0.0	0.0	0.0
0.8333333333333334	1.6	0.0	0.0
1.0	0.75	0.0	0.0
1.6666666666666667	0.0	0.0	0.0
1.8333333333333333	0.0	0.0	0.0
1.0	3.0	0.0	0.0
1.0	0.6666666666666666	0.0	0.0
2.3333333333333335	0.0	0.0	0.0
1.3333333333333333	0.0	0.0	0.0
2.3333333333333335	0.5	0.0	0.0
2.0	1.5	0.6666666666666666	0.0
1.0	0.5	0.0	0.0
1.0	0.0	0.0	0.0
0.6666666666666666	0.0	0.0	0.0
1.8333333333333333	0.0	0.0	0.0
1.0	0.5714285714285714	1.3333333333333333	0.0
1.1666666666666667	0.3333333333333333	0.0	0.0
1.5	0.0	0.0	0.0
1.5	0.3333333333333333	0.0	0.0
2.0	1.0	0.0	0.0
1.8333333333333333	0.5	0.0	0.0
0.8333333333333334	1.1	0.0	0.0
1.3333333333333333	0.0	1.0	0.0
1.0	0.0	0.0	0.0
2.0	0.0	0.0	0.0
0.8333333333333334	0.5	0.0	0.0
0.8333333333333334	0.5	0.0	0.0
0.8333333333333334	1.0	0.0	0.0
0.5	0.0	0.0	0.0
0.16666666666666666	0.0	0.0	0.0
0.6666666666666666	0.0	0.0	0.0
0.0	0.0	0.0	0.0
0.5	0.0	0.0	0.0
1.1666666666666667	0.0	0.0	0.0
1.3333333333333333	0.0	0.0	0.0
0.8333333333333334	1.0	0.0	0.0
0.3333333333333333	0.0	0.0	0.0
1.6666666666666667	0.75	0.0	0.0
1.6666666666666667	0.6	0.0	0.0
1.5	0.0	0.0	0.0
0.5	0.0	0.0	0.0
0.8333333333333334	0.25	1.2	0.0
1.3333333333333333	0.3333333333333333	0.0	0.0
1.0	0.0	0.0	0.0
1.3333333333333333	1.5	0.0	0.0
1.0	0.8333333333333334	0.0	0.0
2.1666666666666665	0.0	0.0	0.0
0.8333333333333334	0.0	0.0	0.0
1.3333333333333333	0.0	0.0	0.0
2.0	0.0	0.0	0.0
1.0	0.0	0.0	0.0
0.5	0.0	0.0	0.0
1.5	1.0	1.0	0.0
1.1666666666666667	2.0	0.0	0.0
1.0	0.5555555555555556	0.0	0.0
0.6666666666666666	0.0	0.0	0.0
2.0	0.0	0.0	0.0
2.1666666666666665	0.25	0.0	0.0
0.5	0.0	0.0	0.0
1.6666666666666667	2.0	0.0	0.0
1.5	0.0	0.0	0.0
1.1666666666666667	0.0	0.0	0.0
2.0	1.2857142857142858	0.0	0.0
1.5	0.0	2.0	0.0
1.1666666666666667	0.5	0.0	0.0
1.6666666666666667	0.0	0.0	0.0
1.0	3.0	0.0	0.0
1.6666666666666667	0.0	0.0	0.0
2.0	0.0	0.0	0.0
0.8333333333333334	0.0	0.0	0.0
1.1666666666666667	0.0	0.0	0.0
1.5	0.7142857142857143	0.0	0.0
0.5	1.6666666666666667	0.0	0.0
0.6666666666666666	0.0	0.0	0.0
1.6666666666666667	0.6	0.0	0.0
1.5	0.8333333333333334	0.0	0.0
0.8333333333333334	0.0	0.0	0.0
1.5	0.0	1.5	0.0
2.5	0.6666666666666666	0.0	0.0
0.5	0.0	0.0	0.0
1.3333333333333333	0.0	0.0	0.0
1.0	5.0	0.0	0.0
1.6666666666666667	0.0	0.0	0.0
1.0	0.0	0.0	0.0
3.0	0.0	0.0	0.0
1.3333333333333333	0.6666666666666666	0.0	0.0
0.16666666666666666	0.0	0.0	0.0
1.3333333333333333	0.0	0.0	0.0
0.5	0.0	0.0	0.0
0.8333333333333334	0.6	0.0	0.0
0.8333333333333334	0.0	0.0	0.0
1.0	0.0	0.0	0.0
0.6666666666666666	0.0	0.0	0.0
1.5	1.0	0.0	0.0
1.6666666666666667	0.0	0.0	0.0
1.0	0.0	0.0	0.0
1.6666666666666667	0.0	0.0	0.0
0.5	0.0	0.0	0.0
0.6666666666666666	0.0	0.0	0.0
1.6666666666666667	0.3333333333333333	0.0	0.0
0.8333333333333334	0.0	0.0	0.0
0.5	0.0	0.0	0.0
1.5	1.0	0.0	0.0
1.5	0.0	0.0	0.0
1.0	0.3333333333333333	0.0	0.0
1.0	0.0	0.0	0.0
0.0	0.0	0.0	0.0
0.6666666666666666	0.0	0.0	0.0
0.8333333333333334	0.0	0.0	0.0
1.0	0.8	2.0	0.0
1.8333333333333333	0.0	0.0	0.0
1.0	2.0	0.0	0.0
1.6666666666666667	0.0	0.0	0.0
1.5	1.0	0.0	0.0
1.6666666666666667	0.0	0.0	0.0
1.0	0.0	0.0	0.0
1.0	0.0	0.0	0.0
0.8333333333333334	0.0	0.0	0.0
0.3333333333333333	0.0	0.0	0.0
1.0	0.0	0.0	0.0
1.8333333333333333	0.0	0.0	0.0
1.3333333333333333	0.0	0.0	0.0
0.5	2.6666666666666665	0.0	1.0
1.1666666666666667	0.0	0.0	0.0
2.0	0.8	0.0	0.0
1.1666666666666667	0.75	0.0	0.0
0.8333333333333334	0.0	0.0	0.0
1.0	0.5	2.0	0.0
2.1666666666666665	1.0	0.0	0.0
1.5	1.4	0.5	0.0
1.8333333333333333	0.0	0.0	0.0
1.5	0.0	0.0	0.0
1.3333333333333333	0.0	0.0	0.0
0.6666666666666666	0.0	0.0	0.0
0.5	0.0	0.0	0.0
1.6666666666666667	1.25	0.0	0.0
0.8333333333333334	0.0	0.0	0.0
1.0	0.0	0.0	0.0
1.1666666666666667	2.0	0.0	0.0
0.5	1.3333333333333333	1.5	0.0
0.6666666666666666	1.0	0.0	0.0
1.1666666666666667	0.0	0.0	0.0
2.6666666666666665	1.1666666666666667	0.0	0.0
0.8333333333333334	0.25	0.0	0.0
1.3333333333333333	0.6666666666666666	0.0	0.0
0.8333333333333334	0.0	0.0	0.0
0.6666666666666666	0.0	0.0	0.0
