60	37	26	3025	0	0	0	0
14	7	13	3013	0	0	0	0
69	32	33	3020	0	0	0	0
61	26	21	3024	0	0	0	0
18	8	10	3016	0	0	0	0
55	25	13	3016	0	0	0	0
10	1	8	3010	0	0	0	0
103	52	22	3035	0	0	0	0
9	10	4	3014	0	0	0	0
241	69	66	3059	0	0	0	0
191	69	71	3070	0	0	0	0
100	38	38	3035	0	0	0	0
84	25	42	3035	0	0	0	0
109	55	61	3043	0	0	0	0
191	98	82	3034	0	0	0	0
341	169	134	3071	0	0	0	0
4	1	1	3010	0	0	0	0
336	144	117	3056	0	0	0	0
76	40	29	3026	0	0	0	0
111	50	43	3030	0	0	0	0
130	55	65	3041	0	0	0	0
119	41	45	3037	0	0	0	0
172	89	80	3059	0	0	0	0
104	48	43	3028	0	0	0	0
127	53	53	3028	0	0	0	0
11	5	4	3013	0	0	0	0
4	0	0	3009	0	0	0	0
113	37	31	3031	0	0	0	0
147	53	44	3051	0	0	0	0
76	46	47	3026	0	0	0	0
24	4	5	3019	0	0	0	0
62	30	14	3029	0	0	0	0
198	83	79	3050	0	0	0	0
9	1	4	3014	0	0	0	0
220	101	77	3037	0	0	0	0
180	64	63	3048	0	0	0	0
98	37	48	3040	0	0	0	0
298	133	116	3077	0	0	0	0
44	16	9	3023	0	0	0	0
149	60	46	3021	0	0	0	0
33	6	10	3021	0	0	0	0
50	22	31	3040	0	0	0	0
117	38	28	3041	0	0	0	0
141	63	53	3035	0	0	0	0
170	98	92	3051	0	0	0	0
183	77	77	3057	0	0	0	0
282	97	92	3059	0	0	0	0
5	0	2	3010	0	0	0	0
59	31	30	3027	0	0	0	0
15	3	8	3009	0	0	0	0
311	162	141	3100	0	0	0	0
39	23	20	3020	0	0	0	0
13	13	7	3016	0	0	0	0
41	19	18	3013	0	0	0	0
86	23	31	3026	0	0	0	0
107	54	28	3039	0	0	0	0
105	65	48	3038	0	0	0	0
161	63	60	3048	0	0	0	0
174	51	55	3037	0	0	0	0
106	45	48	3034	0	0	0	0
174	95	81	3040	0	0	0	0
337	182	128	3075	0	0	0	0
43	12	20	3016	0	0	0	0
168	101	68	3062	0	0	0	0
89	24	35	3024	0	0	0	0
80	28	36	3028	0	0	0	0
3	3	2	3011	0	0	0	0
226	100	113	3045	0	0	0	0
126	68	57	3048	0	0	0	0
35	11	17	3014	0	0	0	0
109	61	32	3029	0	0	0	0
46	31	25	3021	0	0	0	0
1	0	1	3010	0	0	0	0
52	7	15	3027	0	0	0	0
8	10	3	3015	0	0	0	0
91	35	32	3011	0	0	0	0
26	2	5	3018	0	0	0	0
400	176	170	3067	0	0	0	0
361	129	137	3075	0	0	0	0
10	6	7	3017	0	0	0	0
149	74	72	3029	0	0	0	0
2	3	1	3010	0	0	0	0
4	1	3	3010	0	0	0	0
170	69	67	3048	0	0	0	0
319	114	140	3063	0	0	0	0
223	91	111	3044	0	0	0	0
37	8	15	3022	0	0	0	0
35	19	14	3018	0	0	0	0
205	74	79	3044	0	0	0	0
167	77	68	3049	0	0	0	0
250	134	90	3062	0	0	0	0
12	7	10	3011	0	0	0	0
49	19	10	3024	0	0	0	0
20	0	11	3018	0	0	0	0
18	7	8	3017	0	0	0	0
21	10	10	3013	0	0	0	0
31	9	13	3017	0	0	0	0
16	4	4	3015	0	0	0	0
264	109	121	3062	0	0	0	0
4	4	2	3009	0	0	0	0
170	51	59	3039	0	0	0	0
21	8	15	3013	0	0	0	0
57	18	19	3031	0	0	0	0
195	107	94	3061	0	0	0	0
118	60	40	3026	0	0	0	0
203	115	68	3060	0	0	0	0
150	67	57	3045	0	0	0	0
16	6	4	3010	0	0	0	0
11	2	5	3013	0	0	0	0
127	58	55	3034	0	0	0	0
95	24	33	3027	0	0	0	0
25	6	16	3019	0	0	0	0
122	37	51	3047	0	0	0	0
340	156	146	3070	0	0	0	0
115	48	39	3042	0	0	0	0
150	54	59	3037	0	0	0	0
14	6	4	3015	0	0	0	0
94	42	53	3027	0	0	0	0
159	72	76	3036	0	0	0	0
47	15	16	3018	0	0	0	0
251	82	88	3046	0	0	0	0
299	106	105	3053	0	0	0	0
128	48	54	3035	0	0	0	0
92	44	64	3038	0	0	0	0
187	106	73	3043	0	0	0	0
173	71	62	3040	0	0	0	0
45	18	20	3018	0	0	0	0
379	145	175	3090	0	0	0	0
168	62	71	3050	0	0	0	0
83	32	30	3030	0	0	0	0
12	2	5	3011	0	0	0	0
47	17	16	3022	0	0	0	0
178	106	60	3058	0	0	0	0
21	5	8	3014	0	0	0	0
23	19	11	3022	0	0	0	0
62	28	30	3019	0	0	0	0
298	120	133	3087	0	0	0	0
64	15	25	3018	0	0	0	0
48	29	29	3019	0	0	0	0
81	39	39	3036	0	0	0	0
121	46	40	3038	0	0	0	0
139	55	61	3025	0	0	0	0
64	38	36	3038	0	0	0	0
216	96	86	3043	0	0	0	0
228	123	81	3049	0	0	0	0
241	134	85	3058	0	0	0	0
227	95	90	3053	0	0	0	0
99	44	33	3023	0	0	0	0
22	7	5	3010	0	0	0	0
58	16	27	3016	0	0	0	0
204	88	70	3043	0	0	0	0
14	5	5	3009	0	0	0	0
89	45	22	3026	0	0	0	0
85	25	31	3020	0	0	0	0
166	56	51	3041	0	0	0	0
304	149	102	3060	0	0	0	0
69	39	29	3027	0	0	0	0
215	87	100	3047	0	0	0	0
91	17	32	3033	0	0	0	0
23	6	5	3017	0	0	0	0
140	63	40	3041	0	0	0	0
31	16	17	3012	0	0	0	0
254	101	113	3045	0	0	0	0
294	151	104	3071	0	0	0	0
189	96	60	3029	0	0	0	0
50	25	13	3022	0	0	0	0
9	1	2	3009	0	0	0	0
222	95	70	3063	0	0	0	0
5	2	2	3015	0	0	0	0
80	37	27	3035	0	0	0	0
168	68	73	3047	0	0	0	0
160	85	60	3040	0	0	0	0
292	108	123	3069	0	0	0	0
63	17	27	3031	0	0	0	0
7	3	3	3014	0	0	0	0
84	48	52	3030	0	0	0	0
161	74	49	3037	0	0	0	0
90	40	34	3022	0	0	0	0
154	81	74	3032	0	0	0	0
23	13	9	3018	0	0	0	0
61	21	14	3017	0	0	0	0
159	87	78	3038	0	0	0	0
92	58	54	3031	0	0	0	0
102	45	42	3033	0	0	0	0
24	9	9	3017	0	0	0	0
45	13	16	3015	0	0	0	0
77	22	30	3023	0	0	0	0
189	98	66	3039	0	0	0	0
49	14	19	3019	0	0	0	0
50	18	14	3017	0	0	0	0
196	82	75	3039	0	0	0	0
7	0	2	3010	0	0	0	0
120	34	38	3028	0	0	0	0
102	53	42	3039	0	0	0	0
44	19	18	3025	0	0	0	0
40	22	14	3015	0	0	0	0
16	6	5	3013	0	0	0	0
150	63	57	3060	0	0	0	0
127	47	47	3031	0	0	0	0
14	4	2	3010	0	0	0	0
252	131	108	3061	0	0	0	0
54	23	19	3024	0	0	0	0
27	5	11	3013	0	0	0	0
165	78	56	3047	0	0	0	0
94	49	38	3037	0	0	0	0
18	0	4	3017	0	0	0	0
56	17	12	3028	0	0	0	0
107	49	38	3024	0	0	0	0
15	1	8	3012	0	0	0	0
286	105	119	3078	0	0	0	0
148	45	61	3045	0	0	0	0
112	28	57	3038	0	0	0	0
55	23	29	3020	0	0	0	0
289	108	118	3099	0	0	0	0
20	12	5	3015	0	0	0	0
6	4	1	3010	0	0	0	0
249	99	79	3064	0	0	0	0
31	21	15	3018	0	0	0	0
255	109	99	3046	0	0	0	0
111	37	35	3024	0	0	0	0
42	13	20	3024	0	0	0	0
26	8	10	3014	0	0	0	0
42	18	23	3024	0	0	0	0
23	12	8	3014	0	0	0	0
123	49	59	3021	0	0	0	0
195	73	79	3049	0	0	0	0
63	22	24	3026	0	0	0	0
93	28	34	3030	0	0	0	0
238	116	119	3062	0	0	0	0
76	49	32	3026	0	0	0	0
238	116	109	3052	0	0	0	0
309	116	105	3079	0	0	0	0
354	205	132	3074	0	0	0	0
98	51	24	3031	0	0	0	0
137	46	53	3056	0	0	0	0
82	27	31	3031	0	0	0	0
133	59	50	3042	0	0	0	0
109	42	46	3042	0	0	0	0
40	23	27	3024	0	0	0	0
81	53	34	3023	0	0	0	0
279	151	104	3086	0	0	0	0
159	71	65	3045	0	0	0	0
138	63	54	3041	0	0	0	0
5	0	0	3012	0	0	0	0
130	47	64	3044	0	0	0	0
53	26	20	3027	0	0	0	0
31	16	8	3017	0	0	0	0
311	127	129	3067	0	0	0	0
208	88	101	3065	0	0	0	0
117	68	44	3033	0	0	0	0
8	3	8	3014	0	0	0	0
334	138	144	3075	0	0	0	0
3	1	3	3012	0	0	0	0
145	73	67	3050	0	0	0	0
108	66	46	3034	0	0	0	0
181	71	66	3040	0	0	0	0
150	60	65	3029	0	0	0	0
243	123	118	3060	0	0	0	0
140	70	56	3042	0	0	0	0
236	108	89	3059	0	0	0	0
25	12	2	3017	0	0	0	0
215	103	101	3048	0	0	0	0
25	12	15	3014	0	0	0	0
239	108	99	3052	0	0	0	0
19	7	4	3014	0	0	0	0
244	104	105	3060	0	0	0	0
45	9	15	3020	0	0	0	0
292	145	98	3075	0	0	0	0
79	46	34	3035	0	0	0	0
189	108	60	3047	0	0	0	0
185	108	76	3048	0	0	0	0
174	75	64	3045	0	0	0	0
116	76	40	3029	0	0	0	0
146	65	53	3041	0	0	0	0
8	9	7	3012	0	0	0	0
8	4	3	3010	0	0	0	0
254	121	81	3059	0	0	0	0
135	62	53	3036	0	0	0	0
60	14	25	3024	0	0	0	0
260	125	93	3073	0	0	0	0
17	5	1	3015	0	0	0	0
86	33	45	3021	0	0	0	0
215	64	69	3035	0	0	0	0
300	93	117	3048	0	0	0	0
12	2	4	3009	0	0	0	0
206	81	69	3047	0	0	0	0
17	5	5	3014	0	0	0	0
7	1	2	3009	0	0	0	0
34	11	14	3016	0	0	0	0
130	72	55	3044	0	0	0	0
22	4	10	3018	0	0	0	0
90	49	45	3029	0	0	0	0
97	48	33	3032	0	0	0	0
68	24	19	3022	0	0	0	0
44	28	23	3025	0	0	0	0
153	72	55	3039	0	0	0	0
66	17	25	3019	0	0	0	0
41	24	14	3026	0	0	0	0
159	48	46	3035	0	0	0	0
182	82	70	3049	0	0	0	0
177	84	60	3037	0	0	0	0
94	40	40	3029	0	0	0	0
8	2	8	3015	0	0	0	0
227	128	96	3078	0	0	0	0
222	101	93	3062	0	0	0	0
235	109	108	3066	0	0	0	0
7	6	3	3015	0	0	0	0
40	12	23	3021	0	0	0	0
174	81	68	3056	0	0	0	0
127	59	60	3037	0	0	0	0
31	12	19	3021	0	0	0	0
94	40	36	3031	0	0	0	0
107	54	33	3040	0	0	0	0
240	117	95	3072	0	0	0	0
203	76	64	3059	0	0	0	0
50	29	22	3028	0	0	0	0
158	82	68	3033	0	0	0	0
1	0	0	3012	0	0	0	0
61	35	25	3026	0	0	0	0
130	52	48	3036	0	0	0	0
43	20	22	3025	0	0	0	0
33	10	9	3018	0	0	0	0
111	35	49	3026	0	0	0	0
272	127	104	3074	0	0	0	0
213	93	77	3047	0	0	0	0
109	52	42	3031	0	0	0	0
19	7	7	3012	0	0	0	0
51	11	9	3018	0	0	0	0
101	48	44	3051	0	0	0	0
34	6	10	3018	0	0	0	0
112	43	43	3034	0	0	0	0
13	9	3	3016	0	0	0	0
121	50	38	3032	0	0	0	0
204	99	69	3062	0	0	0	0
131	51	50	3036	0	0	0	0
167	83	71	3047	0	0	0	0
217	87	55	3053	0	0	0	0
150	54	55	3032	0	0	0	0
94	41	55	3025	0	0	0	0
93	34	23	3038	0	0	0	0
35	15	14	3022	0	0	0	0
227	82	83	3056	0	0	0	0
125	64	54	3047	0	0	0	0
143	56	66	3046	0	0	0	0
154	68	61	3031	0	0	0	0
392	133	141	3107	0	0	0	0
33	13	13	3019	0	0	0	0
174	77	73	3043	0	0	0	0
55	28	32	3029	0	0	0	0
87	33	35	3026	0	0	0	0
192	83	89	3050	0	0	0	0
2	2	3	3011	0	0	0	0
17	4	8	3015	0	0	0	0
43	28	17	3023	0	0	0	0
110	53	54	3039	0	0	0	0
25	6	7	3016	0	0	0	0
78	46	35	3029	0	0	0	0
334	187	118	3075	0	0	0	0
81	33	30	3025	0	0	0	0
173	46	65	3053	0	0	0	0
160	82	52	3041	0	0	0	0
414	190	157	3086	0	0	0	0
154	69	61	3057	0	0	0	0
173	111	78	3047	0	0	0	0
2	0	0	3009	0	0	0	0
108	62	61	3029	0	0	0	0
200	95	99	3052	0	0	0	0
255	116	91	3086	0	0	0	0
42	26	19	3024	0	0	0	0
158	74	76	3037	0	0	0	0
210	102	81	3040	0	0	0	0
225	117	94	3061	0	0	0	0
256	112	88	3042	0	0	0	0
6	0	1	3014	0	0	0	0
51	24	20	3021	0	0	0	0
43	26	18	3019	0	0	0	0
13	2	6	3013	0	0	0	0
275	121	120	3064	0	0	0	0
46	12	19	3033	0	0	0	0
172	56	55	3033	0	0	0	0
73	44	37	3041	0	0	0	0
26	18	8	3023	0	0	0	0
173	74	76	3054	0	0	0	0
199	94	79	3036	0	0	0	0
63	17	20	3020	0	0	0	0
184	105	69	3046	0	0	0	0
155	64	52	3038	0	0	0	0
116	57	50	3040	0	0	0	0
106	38	63	3027	0	0	0	0
22	11	6	3011	0	0	0	0
106	55	53	3029	0	0	0	0
33	9	12	3023	0	0	0	0
72	20	35	3027	0	0	0	0
7	2	2	3018	0	0	0	0
38	6	11	3015	0	0	0	0
204	90	78	3051	0	0	0	0
193	81	91	3050	0	0	0	0
74	25	29	3036	0	0	0	0
10	2	1	3009	0	0	0	0
24	8	7	3015	0	0	0	0
160	83	60	3052	0	0	0	0
299	123	122	3062	0	0	0	0
11	7	5	3010	0	0	0	0
14	9	8	3020	0	0	0	0
111	59	38	3033	0	0	0	0
73	49	16	3037	0	0	0	0
34	11	13	3020	0	0	0	0
17	1	6	3018	0	0	0	0
233	107	114	3051	0	0	0	0
200	100	69	3043	0	0	0	0
94	37	38	3031	0	0	0	0
293	101	102	3070	0	0	0	0
25	5	13	3012	0	0	0	0
325	120	94	3066	0	0	0	0
11	2	4	3009	0	0	0	0
62	22	18	3017	0	0	0	0
165	73	67	3036	0	0	0	0
42	32	15	3020	0	0	0	0
26	5	8	3014	0	0	0	0
17	8	5	3016	0	0	0	0
3	1	5	3010	0	0	0	0
39	7	19	3028	0	0	0	0
210	98	88	3063	0	0	0	0
136	48	41	3052	0	0	0	0
64	25	23	3016	0	0	0	0
6	1	3	3011	0	0	0	0
163	76	71	3041	0	0	0	0
347	180	130	3086	0	0	0	0
119	41	55	3041	0	0	0	0
95	30	44	3047	0	0	0	0
2	3	2	3009	0	0	0	0
80	20	31	3025	0	0	0	0
79	39	45	3023	0	0	0	0
189	73	70	3041	0	0	0	0
269	136	103	3070	0	0	0	0
17	10	17	3017	0	0	0	0
144	56	60	3039	0	0	0	0
97	41	31	3020	0	0	0	0
14	6	3	3018	0	0	0	0
166	80	71	3032	0	0	0	0
310	125	118	3063	0	0	0	0
2	1	0	3009	0	0	0	0
7	2	0	3013	0	0	0	0
15	5	4	3017	0	0	0	0
151	41	54	3046	0	0	0	0
150	59	70	3047	0	0	0	0
48	18	17	3019	0	0	0	0
212	106	86	3059	0	0	0	0
66	21	18	3021	0	0	0	0
330	134	109	3071	0	0	0	0
79	24	41	3025	0	0	0	0
8	3	0	3017	0	0	0	0
220	95	86	3071	0	0	0	0
22	4	13	3012	0	0	0	0
222	95	93	3044	0	0	0	0
99	53	39	3042	0	0	0	0
59	34	24	3035	0	0	0	0
40	13	16	3019	0	0	0	0
31	9	18	3013	0	0	0	0
62	24	23	3017	0	0	0	0
193	107	87	3048	0	0	0	0
63	47	24	3023	0	0	0	0
101	47	48	3031	0	0	0	0
274	126	101	3075	0	0	0	0
38	15	7	3013	0	0	0	0
96	41	29	3034	0	0	0	0
47	21	16	3031	0	0	0	0
174	69	59	3040	0	0	0	0
94	36	34	3028	0	0	0	0
29	9	7	3021	0	0	0	0
13	2	12	3013	0	0	0	0
29	16	16	3019	0	0	0	0
158	60	67	3050	0	0	0	0
71	21	32	3019	0	0	0	0
318	108	132	3064	0	0	0	0
19	3	4	3015	0	0	0	0
259	100	109	3072	0	0	0	0
110	47	48	3033	0	0	0	0
341	195	138	3075	0	0	0	0
21	6	7	3015	0	0	0	0
244	98	90	3044	0	0	0	0
220	131	75	3033	0	0	0	0
54	24	16	3017	0	0	0	0
36	19	12	3019	0	0	0	0
289	100	95	3078	0	0	0	0
214	118	77	3059	0	0	0	0
27	6	8	3014	0	0	0	0
117	62	63	3039	0	0	0	0
23	10	10	3018	0	0	0	0
232	104	83	3048	0	0	0	0
14	7	8	3018	0	0	0	0
40	17	23	3017	0	0	0	0
31	13	6	3015	0	0	0	0
178	82	77	3028	0	0	0	0
22	9	8	3020	0	0	0	0
93	36	19	3032	0	0	0	0
15	5	4	3013	0	0	0	0
3	0	5	3009	0	0	0	0
216	74	83	3043	0	0	0	0
203	107	91	3070	0	0	0	0
65	32	26	3025	0	0	0	0
53	17	22	3022	0	0	0	0
46	19	16	3023	0	0	0	0
136	67	46	3049	0	0	0	0
59	31	27	3025	0	0	0	0
204	73	85	3045	0	0	0	0
54	18	26	3027	0	0	0	0
194	93	79	3038	0	0	0	0
205	105	84	3046	0	0	0	0
80	32	20	3029	0	0	0	0
236	104	81	3041	0	0	0	0
371	144	158	3062	0	0	0	0
19	4	4	3019	0	0	0	0
15	15	5	3016	0	0	0	0
23	11	12	3010	0	0	0	0
71	26	18	3027	0	0	0	0
141	79	61	3042	0	0	0	0
42	18	15	3026	0	0	0	0
46	18	13	3025	0	0	0	0
299	117	114	3089	0	0	0	0
205	95	73	3068	0	0	0	0
114	53	58	3034	0	0	0	0
33	18	18	3026	0	0	0	0
39	20	22	3023	0	0	0	0
93	43	43	3027	0	0	0	0
48	11	23	3020	0	0	0	0
18	2	6	3012	0	0	0	0
92	69	38	3023	0	0	0	0
37	11	20	3024	0	0	0	0
35	24	13	3028	0	0	0	0
23	9	14	3014	0	0	0	0
55	16	19	3018	0	0	0	0
17	8	6	3011	0	0	0	0
68	42	27	3027	0	0	0	0
32	6	12	3020	0	0	0	0
213	104	104	3049	0	0	0	0
47	12	23	3021	0	0	0	0
119	55	33	3038	0	0	0	0
84	36	31	3025	0	0	0	0
176	65	57	3050	0	0	0	0
9	3	4	3009	0	0	0	0
41	11	16	3022	0	0	0	0
103	57	50	3033	0	0	0	0
71	45	30	3023	0	0	0	0
62	38	32	3031	0	0	0	0
3	1	3	3010	0	0	0	0
158	76	74	3050	0	0	0	0
43	33	25	3019	0	0	0	0
93	36	35	3020	0	0	0	0
203	77	56	3062	0	0	0	0
139	63	63	3028	0	0	0	0
166	79	57	3046	0	0	0	0
34	10	11	3014	0	0	0	0
248	108	105	3052	0	0	0	0
152	49	37	3048	0	0	0	0
192	82	97	3063	0	0	0	0
276	162	107	3069	0	0	0	0
114	39	41	3045	0	0	0	0
52	31	22	3027	0	0	0	0
41	19	21	3027	0	0	0	0
40	23	13	3020	0	0	0	0
347	132	114	3072	0	0	0	0
223	115	96	3056	0	0	0	0
395	142	144	3095	0	0	0	0
45	9	22	3022	0	0	0	0
13	3	2	3010	0	0	0	0
197	87	79	3035	0	0	0	0
262	133	91	3092	0	0	0	0
51	10	14	3026	0	0	0	0
32	16	11	3010	0	0	0	0
319	135	124	3065	0	0	0	0
38	16	8	3012	0	0	0	0
54	28	21	3024	0	0	0	0
10	6	3	3010	0	0	0	0
26	5	11	3015	0	0	0	0
128	38	38	3036	0	0	0	0
168	55	75	3037	0	0	0	0
120	35	51	3032	0	0	0	0
23	8	9	3014	0	0	0	0
71	32	35	3023	0	0	0	0
83	39	32	3022	0	0	0	0
14	6	9	3015	0	0	0	0
33	13	15	3022	0	0	0	0
129	79	55	3030	0	0	0	0
35	14	9	3014	0	0	0	0
67	17	28	3022	0	0	0	0
15	1	14	3009	0	0	0	0
175	77	74	3036	0	0	0	0
205	96	70	3081	0	0	0	0
156	58	63	3041	0	0	0	0
9	4	9	3015	0	0	0	0
240	84	96	3052	0	0	0	0
232	105	78	3054	0	0	0	0
20	13	4	3014	0	0	0	0
35	12	14	3020	0	0	0	0
192	89	76	3048	0	0	0	0
37	21	13	3018	0	0	0	0
263	123	109	3079	0	0	0	0
185	112	84	3045	0	0	0	0
113	46	35	3032	0	0	0	0
228	111	84	3059	0	0	0	0
153	66	66	3045	0	0	0	0
38	18	18	3018	0	0	0	0
73	38	31	3044	0	0	0	0
37	7	13	3022	0	0	0	0
221	110	92	3045	0	0	0	0
12	2	9	3010	0	0	0	0
367	163	170	3072	0	0	0	0
33	8	14	3016	0	0	0	0
98	43	32	3037	0	0	0	0
126	50	52	3033	0	0	0	0
135	65	60	3053	0	0	0	0
40	17	22	3024	0	0	0	0
24	6	13	3012	0	0	0	0
47	24	23	3019	0	0	0	0
13	2	3	3017	0	0	0	0
205	89	67	3059	0	0	0	0
246	119	114	3050	0	0	0	0
23	5	12	3013	0	0	0	0
348	162	142	3098	0	0	0	0
57	24	22	3029	0	0	0	0
104	38	39	3033	0	0	0	0
120	49	47	3035	0	0	0	0
71	25	19	3022	0	0	0	0
36	20	18	3015	0	0	0	0
134	54	74	3030	0	0	0	0
103	47	40	3041	0	0	0	0
133	59	45	3040	0	0	0	0
32	11	12	3016	0	0	0	0
41	13	15	3013	0	0	0	0
104	69	23	3027	0	0	0	0
311	105	95	3084	0	0	0	0
223	112	88	3069	0	0	0	0
200	78	75	3032	0	0	0	0
42	28	21	3018	0	0	0	0
319	124	112	3059	0	0	0	0
22	7	5	3013	0	0	0	0
184	86	78	3066	0	0	0	0
176	83	57	3061	0	0	0	0
166	76	69	3043	0	0	0	0
93	34	22	3025	0	0	0	0
42	10	17	3036	0	0	0	0
186	84	79	3053	0	0	0	0
112	48	54	3034	0	0	0	0
112	44	39	3028	0	0	0	0
12	3	3	3012	0	0	0	0
108	60	37	3027	0	0	0	0
168	88	71	3051	0	0	0	0
239	113	81	3058	0	0	0	0
43	25	24	3020	0	0	0	0
296	117	102	3070	0	0	0	0
411	149	176	3093	0	0	0	0
157	63	49	3041	0	0	0	0
25	14	4	3027	0	0	0	0
179	90	72	3052	0	0	0	0
92	53	49	3040	0	0	0	0
294	156	137	3056	0	0	0	0
163	107	79	3035	0	0	0	0
190	85	77	3035	0	0	0	0
364	117	133	3065	0	0	0	0
20	14	8	3010	0	0	0	0
56	34	30	3018	0	0	0	0
47	22	20	3029	0	0	0	0
311	134	138	3089	0	0	0	0
11	4	6	3010	0	0	0	0
172	91	66	3056	0	0	0	0
10	3	5	3016	0	0	0	0
116	68	53	3037	0	0	0	0
197	107	93	3033	0	0	0	0
77	30	25	3021	0	0	0	0
85	36	38	3030	0	0	0	0
15	7	5	3010	0	0	0	0
88	31	28	3036	0	0	0	0
124	49	41	3031	0	0	0	0
346	150	134	3074	0	0	0	0
128	53	68	3032	0	0	0	0
25	9	3	3014	0	0	0	0
19	11	5	3019	0	0	0	0
168	71	52	3042	0	0	0	0
49	21	20	3025	0	0	0	0
118	52	56	3024	0	0	0	0
258	114	108	3061	0	0	0	0
153	90	78	3035	0	0	0	0
204	87	85	3043	0	0	0	0
203	60	73	3062	0	0	0	0
82	34	30	3020	0	0	0	0
52	14	13	3027	0	0	0	0
278	132	108	3056	0	0	0	0
90	31	29	3037	0	0	0	0
245	168	109	3057	0	0	0	0
65	30	24	3023	0	0	0	0
50	14	18	3029	0	0	0	0
72	28	23	3023	0	0	0	0
95	24	29	3020	0	0	0	0
32	18	20	3013	0	0	0	0
193	84	75	3049	0	0	0	0
97	40	37	3033	0	0	0	0
20	5	13	3014	0	0	0	0
54	26	15	3020	0	0	0	0
357	111	112	3103	0	0	0	0
183	75	68	3043	0	0	0	0
150	60	69	3053	0	0	0	0
307	125	97	3076	0	0	0	0
5	3	2	3010	0	0	0	0
114	38	46	3045	0	0	0	0
43	25	15	3018	0	0	0	0
177	74	68	3031	0	0	0	0
132	65	71	3024	0	0	0	0
80	55	43	3039	0	0	0	0
52	15	18	3024	0	0	0	0
311	123	119	3077	0	0	0	0
172	69	65	3041	0	0	0	0
3	1	4	3010	0	0	0	0
5	2	7	3016	0	0	0	0
42	25	13	3019	0	0	0	0
6	2	3	3011	0	0	0	0
109	59	45	3027	0	0	0	0
261	122	96	3057	0	0	0	0
151	88	80	3055	0	0	0	0
74	35	35	3023	0	0	0	0
103	35	42	3025	0	0	0	0
12	1	4	3013	0	0	0	0
81	32	34	3026	0	0	0	0
5	1	4	3013	0	0	0	0
284	121	119	3047	0	0	0	0
256	124	107	3060	0	0	0	0
188	113	73	3041	0	0	0	0
20	4	10	3011	0	0	0	0
199	90	75	3074	0	0	0	0
242	88	114	3056	0	0	0	0
8	4	4	3010	0	0	0	0
103	28	38	3022	0	0	0	0
57	18	23	3019	0	0	0	0
62	25	25	3020	0	0	0	0
9	2	2	3016	0	0	0	0
296	83	130	3062	0	0	0	0
274	117	107	3065	0	0	0	0
80	31	31	3027	0	0	0	0
64	32	16	3018	0	0	0	0
15	8	3	3016	0	0	0	0
174	61	63	3042	0	0	0	0
152	93	57	3032	0	0	0	0
201	76	79	3043	0	0	0	0
54	36	30	3018	0	0	0	0
84	18	20	3033	0	0	0	0
146	37	56	3036	0	0	0	0
51	11	12	3028	0	0	0	0
7	1	3	3013	0	0	0	0
240	113	98	3061	0	0	0	0
326	133	166	3095	0	0	0	0
157	62	58	3061	0	0	0	0
19	11	7	3016	0	0	0	0
22	10	5	3019	0	0	0	0
58	10	30	3020	0	0	0	0
114	67	57	3024	0	0	0	0
91	39	48	3029	0	0	0	0
111	43	36	3041	0	0	0	0
308	120	114	3050	0	0	0	0
64	36	40	3032	0	0	0	0
63	36	23	3029	0	0	0	0
8	1	4	3012	0	0	0	0
129	48	55	3037	0	0	0	0
47	15	19	3011	0	0	0	0
35	19	16	3013	0	0	0	0
258	92	79	3050	0	0	0	0
67	24	22	3023	0	0	0	0
15	0	2	3014	0	0	0	0
139	53	51	3037	0	0	0	0
25	13	13	3017	0	0	0	0
165	66	70	3046	0	0	0	0
23	9	9	3013	0	0	0	0
238	115	97	3063	0	0	0	0
31	13	13	3013	0	0	0	0
72	25	27	3022	0	0	0	0
229	85	97	3064	0	0	0	0
12	4	4	3010	0	0	0	0
189	83	74	3054	0	0	0	0
242	94	75	3057	0	0	0	0
143	69	58	3037	0	0	0	0
164	110	82	3033	0	0	0	0
184	78	86	3045	0	0	0	0
74	22	32	3030	0	0	0	0
29	13	16	3016	0	0	0	0
94	40	30	3027	0	0	0	0
174	79	79	3041	0	0	0	0
4	1	2	3012	0	0	0	0
129	86	65	3025	0	0	0	0
64	32	29	3029	0	0	0	0
75	22	31	3024	0	0	0	0
134	71	60	3033	0	0	0	0
68	33	21	3030	0	0	0	0
38	19	13	3013	0	0	0	0
14	1	5	3017	0	0	0	0
67	46	25	3023	0	0	0	0
48	10	21	3017	0	0	0	0
119	52	64	3055	0	0	0	0
7	6	0	3012	0	0	0	0
345	132	139	3074	0	0	0	0
333	162	120	3092	0	0	0	0
310	137	132	3087	0	0	0	0
180	75	79	3052	0	0	0	0
73	39	30	3032	0	0	0	0
230	90	117	3039	0	0	0	0
65	26	24	3021	0	0	0	0
210	97	108	3062	0	0	0	0
194	94	86	3063	0	0	0	0
81	41	41	3025	0	0	0	0
25	11	8	3022	0	0	0	0
4	0	1	3010	0	0	0	0
26	17	14	3020	0	0	0	0
15	3	4	3015	0	0	0	0
241	134	108	3082	0	0	0	0
293	139	116	3073	0	0	0	0
38	9	13	3015	0	0	0	0
143	41	64	3032	0	0	0	0
62	41	29	3029	0	0	0	0
4	1	1	3011	0	0	0	0
6	5	3	3014	0	0	0	0
261	123	92	3076	0	0	0	0
76	38	35	3043	0	0	0	0
179	109	67	3058	0	0	0	0
14	9	5	3017	0	0	0	0
169	74	76	3041	0	0	0	0
29	17	10	3019	0	0	0	0
24	5	7	3014	0	0	0	0
347	160	146	3078	0	0	0	0
128	41	52	3031	0	0	0	0
6	2	4	3014	0	0	0	0
68	23	22	3031	0	0	0	0
307	149	117	3081	0	0	0	0
152	60	59	3038	0	0	0	0
133	59	51	3045	0	0	0	0
36	29	12	3014	0	0	0	0
33	15	10	3017	0	0	0	0
7	1	3	3012	0	0	0	0
53	22	17	3034	0	0	0	0
102	40	41	3023	0	0	0	0
150	84	61	3037	0	0	0	0
167	60	55	3035	0	0	0	0
11	3	1	3013	0	0	0	0
74	60	32	3027	0	0	0	0
50	14	11	3014	0	0	0	0
152	66	56	3049	0	0	0	0
71	30	24	3021	0	0	0	0
262	108	97	3070	0	0	0	0
167	55	70	3040	0	0	0	0
112	45	49	3025	0	0	0	0
121	62	47	3028	0	0	0	0
205	110	78	3041	0	0	0	0
34	11	20	3019	0	0	0	0
150	64	58	3037	0	0	0	0
25	5	15	3018	0	0	0	0
90	70	47	3026	0	0	0	0
93	49	26	3033	0	0	0	0
25	21	5	3021	0	0	0	0
37	12	10	3017	0	0	0	0
13	6	2	3013	0	0	0	0
57	28	22	3026	0	0	0	0
190	91	99	3039	0	0	0	0
67	19	39	3022	0	0	0	0
71	39	35	3024	0	0	0	0
16	10	9	3014	0	0	0	0
74	25	34	3023	0	0	0	0
159	90	77	3067	0	0	0	0
170	85	70	3066	0	0	0	0
217	99	89	3044	0	0	0	0
208	100	74	3052	0	0	0	0
87	44	39	3038	0	0	0	0
259	104	115	3053	0	0	0	0
162	65	88	3050	0	0	0	0
60	30	23	3015	0	0	0	0
243	104	116	3066	0	0	0	0
202	104	87	3067	0	0	0	0
6	1	4	3012	0	0	0	0
86	50	38	3042	0	0	0	0
231	74	75	3042	0	0	0	0
74	24	25	3020	0	0	0	0
45	10	20	3023	0	0	0	0
5	1	4	3010	0	0	0	0
22	5	6	3012	0	0	0	0
170	61	46	3044	0	0	0	0
278	110	92	3069	0	0	0	0
88	33	38	3023	0	0	0	0
269	107	100	3067	0	0	0	0
54	12	24	3016	0	0	0	0
240	106	92	3057	0	0	0	0
202	78	78	3052	0	0	0	0
167	83	66	3034	0	0	0	0
148	79	53	3028	0	0	0	0
67	22	37	3029	0	0	0	0
57	22	20	3017	0	0	0	0
83	40	23	3027	0	0	0	0
84	32	43	3031	0	0	0	0
214	92	91	3048	0	0	0	0
52	17	25	3018	0	0	0	0
153	50	49	3049	0	0	0	0
122	63	38	3045	0	0	0	0
3	0	2	3011	0	0	0	0
220	122	95	3058	0	0	0	0
417	167	162	3108	0	0	0	0
18	7	7	3012	0	0	0	0
7	1	4	3011	0	0	0	0
72	27	34	3024	0	0	0	0
28	5	14	3011	0	0	0	0
16	7	6	3012	0	0	0	0
49	22	28	3020	0	0	0	0
50	24	15	3024	0	0	0	0
111	45	52	3028	0	0	0	0
154	68	59	3029	0	0	0	0
175	63	62	3039	0	0	0	0
89	31	34	3037	0	0	0	0
33	5	9	3016	0	0	0	0
207	91	83	3064	0	0	0	0
40	14	11	3014	0	0	0	0
212	76	75	3039	0	0	0	0
72	30	34	3029	0	0	0	0
133	42	50	3030	0	0	0	0
214	98	79	3045	0	0	0	0
199	86	75	3057	0	0	0	0
115	42	45	3031	0	0	0	0
48	11	34	3021	0	0	0	0
178	58	59	3038	0	0	0	0
149	60	62	3037	0	0	0	0
65	27	17	3025	0	0	0	0
140	61	53	3043	0	0	0	0
18	12	5	3011	0	0	0	0
201	112	93	3033	0	0	0	0
215	94	99	3045	0	0	0	0
224	121	88	3055	0	0	0	0
124	36	43	3041	0	0	0	0
236	79	107	3051	0	0	0	0
71	42	33	3024	0	0	0	0
313	147	153	3068	0	0	0	0
50	34	27	3016	0	0	0	0
35	11	9	3018	0	0	0	0
317	139	113	3092	0	0	0	0
77	53	44	3016	0	0	0	0
37	26	14	3021	0	0	0	0
35	8	6	3015	0	0	0	0
123	60	42	3048	0	0	0	0
111	48	55	3037	0	0	0	0
217	124	77	3084	0	0	0	0
17	1	6	3010	0	0	0	0
68	30	26	3044	0	0	0	0
107	32	31	3032	0	0	0	0
7	4	2	3013	0	0	0	0
206	96	80	3060	0	0	0	0
32	9	10	3013	0	0	0	0
169	63	61	3047	0	0	0	0
61	24	16	3039	0	0	0	0
12	3	8	3017	0	0	0	0
12	9	8	3015	0	0	0	0
133	48	54	3046	0	0	0	0
240	104	98	3048	0	0	0	0
98	50	39	3037	0	0	0	0
244	119	87	3052	0	0	0	0
215	78	71	3040	0	0	0	0
279	122	124	3062	0	0	0	0
28	17	15	3022	0	0	0	0
150	72	70	3038	0	0	0	0
178	105	81	3069	0	0	0	0
38	15	19	3020	0	0	0	0
111	52	54	3035	0	0	0	0
316	140	147	3075	0	0	0	0
71	41	31	3033	0	0	0	0
35	19	14	3022	0	0	0	0
114	66	41	3027	0	0	0	0
150	58	54	3052	0	0	0	0
179	82	93	3062	0	0	0	0
190	81	83	3045	0	0	0	0
215	114	88	3052	0	0	0	0
6	2	0	3014	0	0	0	0
46	5	15	3022	0	0	0	0
28	5	10	3016	0	0	0	0
95	50	39	3017	0	0	0	0
27	8	6	3019	0	0	0	0
14	6	7	3016	0	0	0	0
106	43	51	3021	0	0	0	0
270	112	119	3065	0	0	0	0
114	35	38	3036	0	0	0	0
20	8	7	3016	0	0	0	0
76	49	27	3030	0	0	0	0
157	63	56	3032	0	0	0	0
241	112	90	3057	0	0	0	0
99	54	58	3041	0	0	0	0
18	10	13	3019	0	0	0	0
244	133	107	3047	0	0	0	0
168	95	73	3044	0	0	0	0
45	12	6	3022	0	0	0	0
58	16	19	3028	0	0	0	0
21	5	6	3017	0	0	0	0
55	25	28	3025	0	0	0	0
71	41	33	3035	0	0	0	0
248	115	76	3036	0	0	0	0
19	4	4	3009	0	0	0	0
51	9	20	3017	0	0	0	0
76	38	34	3029	0	0	0	0
64	20	23	3021	0	0	0	0
329	152	139	3081	0	0	0	0
46	21	15	3017	0	0	0	0
