68	43	29	3024	0	0	0	0
14	7	13	3013	0	0	0	0
116	52	41	3032	0	0	0	0
59	29	20	3025	0	0	0	0
18	8	10	3016	0	0	0	0
48	20	25	3023	0	0	0	0
10	1	8	3010	0	0	0	0
144	82	42	3034	0	0	0	0
9	10	4	3014	0	0	0	0
359	124	144	3088	0	0	0	0
123	67	58	3056	0	0	0	0
121	67	64	3037	0	0	0	0
59	23	28	3031	0	0	0	0
137	48	67	3038	0	0	0	0
233	111	90	3063	0	0	0	0
117	35	52	3022	0	0	0	0
4	1	1	3010	0	0	0	0
302	157	111	3058	0	0	0	0
74	36	33	3036	0	0	0	0
46	22	21	3019	0	0	0	0
39	19	17	3015	0	0	0	0
105	33	33	3044	0	0	0	0
206	89	95	3043	0	0	0	0
335	124	123	3084	0	0	0	0
112	35	43	3029	0	0	0	0
11	5	4	3013	0	0	0	0
4	0	0	3009	0	0	0	0
89	31	25	3027	0	0	0	0
232	97	71	3067	0	0	0	0
58	31	32	3020	0	0	0	0
24	4	5	3019	0	0	0	0
208	75	75	3045	0	0	0	0
243	112	77	3066	0	0	0	0
9	1	4	3014	0	0	0	0
159	72	65	3056	0	0	0	0
241	103	87	3068	0	0	0	0
69	32	35	3033	0	0	0	0
237	114	79	3056	0	0	0	0
65	28	14	3026	0	0	0	0
109	44	37	3025	0	0	0	0
33	6	10	3021	0	0	0	0
82	49	39	3041	0	0	0	0
171	72	46	3047	0	0	0	0
127	47	45	3039	0	0	0	0
30	10	22	3015	0	0	0	0
309	130	145	3074	0	0	0	0
483	208	184	3101	0	0	0	0
5	0	2	3010	0	0	0	0
272	128	137	3061	0	0	0	0
15	3	8	3009	0	0	0	0
125	61	52	3053	0	0	0	0
52	26	20	3020	0	0	0	0
13	13	7	3016	0	0	0	0
200	91	93	3033	0	0	0	0
83	18	22	3030	0	0	0	0
137	72	45	3056	0	0	0	0
149	66	49	3055	0	0	0	0
109	37	43	3027	0	0	0	0
115	42	43	3025	0	0	0	0
288	133	103	3061	0	0	0	0
24	10	13	3016	0	0	0	0
223	91	76	3060	0	0	0	0
167	73	79	3040	0	0	0	0
152	66	48	3054	0	0	0	0
89	24	35	3024	0	0	0	0
175	74	72	3038	0	0	0	0
3	3	2	3011	0	0	0	0
92	52	54	3033	0	0	0	0
114	66	44	3036	0	0	0	0
37	12	17	3014	0	0	0	0
121	76	37	3026	0	0	0	0
127	60	52	3044	0	0	0	0
1	0	1	3010	0	0	0	0
77	30	26	3032	0	0	0	0
8	10	3	3015	0	0	0	0
64	22	22	3011	0	0	0	0
26	2	5	3018	0	0	0	0
360	133	123	3060	0	0	0	0
426	188	145	3075	0	0	0	0
10	6	7	3017	0	0	0	0
156	84	80	3048	0	0	0	0
2	3	1	3010	0	0	0	0
4	1	3	3010	0	0	0	0
143	55	55	3048	0	0	0	0
185	68	68	3056	0	0	0	0
65	28	21	3021	0	0	0	0
37	8	15	3022	0	0	0	0
38	18	13	3018	0	0	0	0
286	147	115	3053	0	0	0	0
294	109	117	3075	0	0	0	0
224	101	90	3047	0	0	0	0
12	7	10	3011	0	0	0	0
51	24	10	3028	0	0	0	0
20	0	11	3018	0	0	0	0
17	7	9	3017	0	0	0	0
21	9	10	3013	0	0	0	0
31	9	13	3017	0	0	0	0
16	4	4	3015	0	0	0	0
272	146	111	3063	0	0	0	0
4	4	2	3009	0	0	0	0
287	111	133	3074	0	0	0	0
22	12	18	3014	0	0	0	0
135	54	52	3041	0	0	0	0
66	19	22	3032	0	0	0	0
160	69	50	3037	0	0	0	0
229	102	78	3060	0	0	0	0
49	22	30	3019	0	0	0	0
16	6	4	3010	0	0	0	0
11	2	5	3013	0	0	0	0
241	90	100	3049	0	0	0	0
182	84	97	3058	0	0	0	0
25	6	16	3019	0	0	0	0
125	50	48	3032	0	0	0	0
457	231	173	3093	0	0	0	0
86	38	26	3027	0	0	0	0
150	55	65	3040	0	0	0	0
14	6	4	3015	0	0	0	0
52	15	22	3021	0	0	0	0
81	44	49	3025	0	0	0	0
106	53	41	3037	0	0	0	0
232	85	83	3039	0	0	0	0
259	140	86	3066	0	0	0	0
30	14	11	3027	0	0	0	0
97	44	35	3037	0	0	0	0
288	136	101	3045	0	0	0	0
209	89	98	3043	0	0	0	0
40	17	17	3022	0	0	0	0
419	147	175	3099	0	0	0	0
186	107	91	3060	0	0	0	0
198	79	82	3050	0	0	0	0
12	2	5	3011	0	0	0	0
445	176	148	3112	0	0	0	0
168	109	72	3039	0	0	0	0
40	12	12	3019	0	0	0	0
63	33	24	3030	0	0	0	0
45	18	21	3021	0	0	0	0
302	148	108	3082	0	0	0	0
51	13	18	3018	0	0	0	0
89	35	42	3025	0	0	0	0
128	42	47	3038	0	0	0	0
198	91	92	3044	0	0	0	0
120	42	49	3035	0	0	0	0
139	57	81	3049	0	0	0	0
202	93	84	3043	0	0	0	0
130	67	57	3034	0	0	0	0
206	108	76	3065	0	0	0	0
223	115	74	3041	0	0	0	0
108	33	37	3024	0	0	0	0
22	7	5	3010	0	0	0	0
123	37	55	3031	0	0	0	0
234	97	89	3042	0	0	0	0
14	5	5	3009	0	0	0	0
117	65	36	3032	0	0	0	0
216	102	99	3043	0	0	0	0
338	132	125	3068	0	0	0	0
323	166	124	3060	0	0	0	0
200	89	70	3053	0	0	0	0
162	80	83	3034	0	0	0	0
88	19	28	3034	0	0	0	0
23	6	5	3017	0	0	0	0
35	9	16	3020	0	0	0	0
94	39	40	3030	0	0	0	0
351	129	155	3070	0	0	0	0
164	58	69	3045	0	0	0	0
120	68	44	3033	0	0	0	0
215	109	83	3061	0	0	0	0
9	1	2	3009	0	0	0	0
318	133	99	3073	0	0	0	0
5	2	2	3015	0	0	0	0
90	54	30	3030	0	0	0	0
68	12	16	3025	0	0	0	0
73	27	34	3027	0	0	0	0
237	84	76	3062	0	0	0	0
68	28	25	3035	0	0	0	0
7	3	3	3014	0	0	0	0
67	29	35	3017	0	0	0	0
180	99	67	3049	0	0	0	0
63	28	26	3017	0	0	0	0
271	115	86	3050	0	0	0	0
23	13	9	3018	0	0	0	0
68	28	15	3018	0	0	0	0
66	38	25	3025	0	0	0	0
175	78	85	3038	0	0	0	0
235	104	88	3070	0	0	0	0
303	173	120	3070	0	0	0	0
45	14	17	3015	0	0	0	0
144	52	54	3032	0	0	0	0
219	102	98	3046	0	0	0	0
163	76	78	3040	0	0	0	0
50	18	14	3017	0	0	0	0
244	108	119	3039	0	0	0	0
7	0	2	3010	0	0	0	0
182	74	66	3041	0	0	0	0
52	15	20	3035	0	0	0	0
140	65	49	3043	0	0	0	0
71	31	23	3017	0	0	0	0
16	4	4	3014	0	0	0	0
127	70	56	3061	0	0	0	0
199	94	93	3037	0	0	0	0
14	4	2	3010	0	0	0	0
165	77	52	3033	0	0	0	0
302	138	119	3058	0	0	0	0
27	5	11	3013	0	0	0	0
269	119	101	3065	0	0	0	0
65	23	25	3027	0	0	0	0
18	0	4	3017	0	0	0	0
56	17	12	3028	0	0	0	0
60	33	20	3019	0	0	0	0
15	1	8	3012	0	0	0	0
214	103	88	3048	0	0	0	0
140	40	62	3047	0	0	0	0
122	33	55	3038	0	0	0	0
24	7	16	3011	0	0	0	0
370	185	152	3095	0	0	0	0
20	12	5	3015	0	0	0	0
6	4	1	3010	0	0	0	0
254	105	99	3079	0	0	0	0
34	29	17	3020	0	0	0	0
238	113	103	3045	0	0	0	0
94	30	34	3022	0	0	0	0
69	25	26	3027	0	0	0	0
26	8	10	3014	0	0	0	0
39	19	23	3024	0	0	0	0
23	12	8	3014	0	0	0	0
30	9	18	3012	0	0	0	0
74	31	39	3023	0	0	0	0
79	39	20	3031	0	0	0	0
167	58	60	3040	0	0	0	0
146	68	57	3043	0	0	0	0
272	106	105	3056	0	0	0	0
130	67	49	3039	0	0	0	0
270	109	98	3059	0	0	0	0
271	130	121	3060	0	0	0	0
79	40	19	3025	0	0	0	0
117	31	44	3043	0	0	0	0
69	22	24	3026	0	0	0	0
237	121	99	3058	0	0	0	0
122	71	64	3039	0	0	0	0
30	17	21	3023	0	0	0	0
72	30	28	3019	0	0	0	0
274	113	107	3076	0	0	0	0
204	79	85	3057	0	0	0	0
204	91	80	3050	0	0	0	0
5	0	0	3012	0	0	0	0
169	53	62	3045	0	0	0	0
45	13	15	3024	0	0	0	0
62	32	14	3027	0	0	0	0
296	118	96	3059	0	0	0	0
371	144	136	3069	0	0	0	0
183	78	69	3048	0	0	0	0
8	3	9	3014	0	0	0	0
286	153	121	3066	0	0	0	0
3	1	3	3012	0	0	0	0
256	102	89	3053	0	0	0	0
254	120	102	3081	0	0	0	0
216	128	114	3042	0	0	0	0
273	121	105	3067	0	0	0	0
211	83	68	3030	0	0	0	0
94	36	43	3029	0	0	0	0
255	122	103	3083	0	0	0	0
23	9	2	3016	0	0	0	0
71	50	25	3024	0	0	0	0
25	12	15	3014	0	0	0	0
33	13	23	3013	0	0	0	0
19	7	4	3014	0	0	0	0
171	73	72	3053	0	0	0	0
45	9	15	3020	0	0	0	0
165	61	62	3055	0	0	0	0
85	49	40	3037	0	0	0	0
169	63	73	3054	0	0	0	0
99	60	45	3037	0	0	0	0
138	66	67	3058	0	0	0	0
124	61	44	3036	0	0	0	0
124	70	48	3026	0	0	0	0
8	9	7	3012	0	0	0	0
28	17	15	3015	0	0	0	0
119	60	53	3040	0	0	0	0
248	121	98	3065	0	0	0	0
171	91	76	3044	0	0	0	0
280	138	88	3079	0	0	0	0
17	5	1	3015	0	0	0	0
85	31	40	3027	0	0	0	0
311	98	104	3047	0	0	0	0
286	146	101	3081	0	0	0	0
12	2	4	3009	0	0	0	0
215	92	76	3050	0	0	0	0
17	5	5	3014	0	0	0	0
7	1	2	3009	0	0	0	0
34	11	14	3016	0	0	0	0
69	33	37	3023	0	0	0	0
24	6	16	3018	0	0	0	0
108	50	51	3037	0	0	0	0
16	9	9	3022	0	0	0	0
104	39	33	3030	0	0	0	0
61	18	22	3021	0	0	0	0
123	68	47	3038	0	0	0	0
23	9	7	3014	0	0	0	0
45	26	13	3025	0	0	0	0
108	49	35	3030	0	0	0	0
286	113	104	3063	0	0	0	0
247	110	107	3058	0	0	0	0
234	95	95	3059	0	0	0	0
8	2	8	3015	0	0	0	0
205	127	76	3054	0	0	0	0
207	96	87	3053	0	0	0	0
321	171	135	3063	0	0	0	0
7	6	3	3015	0	0	0	0
61	21	27	3022	0	0	0	0
99	45	49	3032	0	0	0	0
36	20	21	3018	0	0	0	0
12	5	11	3016	0	0	0	0
92	41	36	3031	0	0	0	0
82	34	29	3037	0	0	0	0
170	89	79	3040	0	0	0	0
149	72	57	3050	0	0	0	0
74	55	23	3033	0	0	0	0
182	78	64	3050	0	0	0	0
1	0	0	3012	0	0	0	0
64	35	37	3025	0	0	0	0
97	41	41	3028	0	0	0	0
48	20	23	3025	0	0	0	0
114	42	42	3039	0	0	0	0
312	130	123	3055	0	0	0	0
198	116	77	3058	0	0	0	0
197	87	55	3052	0	0	0	0
279	148	111	3059	0	0	0	0
19	7	7	3012	0	0	0	0
139	53	51	3023	0	0	0	0
65	22	31	3034	0	0	0	0
217	98	70	3048	0	0	0	0
207	77	88	3056	0	0	0	0
13	9	3	3016	0	0	0	0
248	78	121	3043	0	0	0	0
106	62	46	3030	0	0	0	0
141	69	46	3032	0	0	0	0
161	61	56	3037	0	0	0	0
302	110	106	3061	0	0	0	0
235	101	94	3071	0	0	0	0
217	118	86	3053	0	0	0	0
97	35	28	3042	0	0	0	0
78	36	27	3039	0	0	0	0
60	29	22	3023	0	0	0	0
212	116	79	3071	0	0	0	0
308	158	127	3081	0	0	0	0
69	44	25	3015	0	0	0	0
403	172	151	3088	0	0	0	0
33	13	13	3019	0	0	0	0
230	90	90	3069	0	0	0	0
69	39	27	3030	0	0	0	0
87	30	35	3026	0	0	0	0
152	86	60	3037	0	0	0	0
2	2	3	3011	0	0	0	0
17	4	8	3015	0	0	0	0
40	23	17	3019	0	0	0	0
85	57	39	3048	0	0	0	0
25	5	7	3016	0	0	0	0
121	62	41	3034	0	0	0	0
291	113	110	3094	0	0	0	0
160	88	60	3046	0	0	0	0
248	94	83	3061	0	0	0	0
236	113	88	3058	0	0	0	0
397	170	150	3062	0	0	0	0
258	107	103	3058	0	0	0	0
22	6	5	3012	0	0	0	0
2	0	0	3009	0	0	0	0
41	14	28	3022	0	0	0	0
289	103	127	3062	0	0	0	0
176	65	77	3055	0	0	0	0
17	8	7	3020	0	0	0	0
196	110	95	3051	0	0	0	0
148	81	52	3033	0	0	0	0
235	94	86	3049	0	0	0	0
274	135	102	3060	0	0	0	0
6	0	1	3014	0	0	0	0
39	14	16	3019	0	0	0	0
43	26	18	3019	0	0	0	0
13	2	6	3013	0	0	0	0
120	81	49	3045	0	0	0	0
125	54	53	3052	0	0	0	0
359	148	109	3052	0	0	0	0
65	43	24	3039	0	0	0	0
60	28	24	3028	0	0	0	0
179	77	74	3069	0	0	0	0
74	37	26	3030	0	0	0	0
63	17	20	3020	0	0	0	0
50	25	21	3019	0	0	0	0
85	37	32	3030	0	0	0	0
114	46	50	3035	0	0	0	0
66	36	38	3022	0	0	0	0
19	14	6	3011	0	0	0	0
129	58	52	3044	0	0	0	0
37	21	14	3023	0	0	0	0
63	10	33	3024	0	0	0	0
7	2	2	3018	0	0	0	0
38	6	11	3015	0	0	0	0
197	88	74	3038	0	0	0	0
117	57	48	3034	0	0	0	0
100	40	49	3040	0	0	0	0
10	2	1	3009	0	0	0	0
209	122	98	3056	0	0	0	0
248	113	105	3059	0	0	0	0
289	117	114	3055	0	0	0	0
11	7	5	3010	0	0	0	0
15	10	8	3020	0	0	0	0
66	37	28	3024	0	0	0	0
295	118	103	3067	0	0	0	0
36	12	16	3020	0	0	0	0
17	1	6	3018	0	0	0	0
216	99	113	3053	0	0	0	0
263	147	109	3054	0	0	0	0
190	74	92	3040	0	0	0	0
335	177	147	3083	0	0	0	0
25	5	13	3012	0	0	0	0
268	93	85	3057	0	0	0	0
11	2	4	3009	0	0	0	0
47	16	11	3015	0	0	0	0
180	89	73	3045	0	0	0	0
42	32	15	3020	0	0	0	0
27	8	8	3014	0	0	0	0
17	8	5	3016	0	0	0	0
3	1	5	3010	0	0	0	0
57	19	22	3022	0	0	0	0
41	21	25	3029	0	0	0	0
201	98	64	3062	0	0	0	0
71	26	28	3014	0	0	0	0
6	1	3	3011	0	0	0	0
129	63	66	3035	0	0	0	0
611	272	232	3131	0	0	0	0
200	81	81	3052	0	0	0	0
518	228	196	3105	0	0	0	0
2	3	2	3009	0	0	0	0
80	20	31	3025	0	0	0	0
53	24	24	3022	0	0	0	0
282	128	121	3067	0	0	0	0
388	192	155	3113	0	0	0	0
17	10	17	3017	0	0	0	0
264	108	97	3058	0	0	0	0
76	45	23	3025	0	0	0	0
233	130	80	3055	0	0	0	0
189	65	84	3036	0	0	0	0
104	50	35	3025	0	0	0	0
2	1	0	3009	0	0	0	0
7	2	0	3013	0	0	0	0
15	5	4	3017	0	0	0	0
127	41	48	3034	0	0	0	0
100	32	29	3035	0	0	0	0
62	25	17	3020	0	0	0	0
361	153	116	3083	0	0	0	0
27	7	6	3015	0	0	0	0
301	120	114	3085	0	0	0	0
129	60	70	3038	0	0	0	0
8	3	0	3017	0	0	0	0
267	100	83	3065	0	0	0	0
33	15	17	3015	0	0	0	0
53	36	28	3017	0	0	0	0
142	39	65	3045	0	0	0	0
109	50	25	3046	0	0	0	0
42	13	16	3019	0	0	0	0
101	61	57	3026	0	0	0	0
144	74	45	3027	0	0	0	0
48	24	21	3028	0	0	0	0
72	47	21	3035	0	0	0	0
106	30	42	3044	0	0	0	0
401	156	163	3070	0	0	0	0
38	17	8	3013	0	0	0	0
256	144	98	3059	0	0	0	0
177	98	75	3054	0	0	0	0
197	68	75	3042	0	0	0	0
141	58	57	3040	0	0	0	0
29	9	7	3021	0	0	0	0
15	3	13	3010	0	0	0	0
49	33	23	3022	0	0	0	0
219	94	92	3054	0	0	0	0
71	22	38	3020	0	0	0	0
457	161	151	3087	0	0	0	0
19	3	4	3015	0	0	0	0
222	100	105	3069	0	0	0	0
82	27	35	3025	0	0	0	0
429	213	164	3097	0	0	0	0
21	6	7	3015	0	0	0	0
384	149	150	3065	0	0	0	0
268	120	99	3041	0	0	0	0
55	23	17	3017	0	0	0	0
38	23	19	3019	0	0	0	0
284	131	120	3059	0	0	0	0
79	39	27	3023	0	0	0	0
27	6	8	3014	0	0	0	0
144	63	68	3032	0	0	0	0
53	27	27	3030	0	0	0	0
418	186	147	3100	0	0	0	0
14	7	8	3018	0	0	0	0
41	17	23	3017	0	0	0	0
31	13	6	3015	0	0	0	0
128	57	33	3024	0	0	0	0
143	58	51	3039	0	0	0	0
127	72	45	3037	0	0	0	0
15	5	4	3013	0	0	0	0
3	0	5	3009	0	0	0	0
240	81	93	3042	0	0	0	0
115	77	54	3035	0	0	0	0
95	44	41	3028	0	0	0	0
167	49	61	3031	0	0	0	0
158	82	61	3044	0	0	0	0
83	34	44	3031	0	0	0	0
123	57	58	3040	0	0	0	0
154	67	62	3052	0	0	0	0
61	18	19	3029	0	0	0	0
173	96	79	3051	0	0	0	0
130	54	34	3042	0	0	0	0
105	40	30	3038	0	0	0	0
48	9	13	3018	0	0	0	0
167	94	68	3060	0	0	0	0
20	4	5	3019	0	0	0	0
15	15	5	3016	0	0	0	0
23	11	12	3010	0	0	0	0
90	35	25	3031	0	0	0	0
318	166	118	3077	0	0	0	0
43	33	13	3034	0	0	0	0
46	18	13	3025	0	0	0	0
239	95	102	3075	0	0	0	0
197	110	75	3064	0	0	0	0
202	112	97	3047	0	0	0	0
33	18	18	3026	0	0	0	0
45	21	26	3021	0	0	0	0
53	16	19	3013	0	0	0	0
62	22	39	3037	0	0	0	0
211	107	91	3043	0	0	0	0
45	33	23	3012	0	0	0	0
64	21	38	3031	0	0	0	0
35	24	13	3028	0	0	0	0
23	9	14	3014	0	0	0	0
71	33	41	3023	0	0	0	0
26	8	16	3013	0	0	0	0
17	10	6	3021	0	0	0	0
71	26	20	3028	0	0	0	0
56	15	20	3019	0	0	0	0
49	13	15	3024	0	0	0	0
149	43	62	3042	0	0	0	0
108	39	39	3030	0	0	0	0
133	53	44	3042	0	0	0	0
9	3	4	3009	0	0	0	0
41	11	16	3022	0	0	0	0
158	67	62	3025	0	0	0	0
72	43	23	3030	0	0	0	0
24	17	18	3025	0	0	0	0
3	1	3	3010	0	0	0	0
240	139	101	3065	0	0	0	0
114	49	49	3025	0	0	0	0
87	39	36	3018	0	0	0	0
273	118	121	3049	0	0	0	0
245	108	97	3050	0	0	0	0
243	125	93	3052	0	0	0	0
34	10	11	3014	0	0	0	0
251	120	94	3057	0	0	0	0
45	12	11	3025	0	0	0	0
29	16	5	3021	0	0	0	0
32	4	9	3020	0	0	0	0
82	27	29	3045	0	0	0	0
60	33	30	3032	0	0	0	0
104	57	63	3045	0	0	0	0
41	22	12	3020	0	0	0	0
133	59	41	3039	0	0	0	0
234	98	91	3055	0	0	0	0
129	45	43	3057	0	0	0	0
47	10	23	3024	0	0	0	0
13	3	2	3010	0	0	0	0
114	39	38	3031	0	0	0	0
291	116	100	3069	0	0	0	0
37	6	10	3024	0	0	0	0
37	24	16	3017	0	0	0	0
393	153	151	3084	0	0	0	0
38	16	8	3012	0	0	0	0
58	29	27	3018	0	0	0	0
10	6	3	3010	0	0	0	0
26	5	11	3015	0	0	0	0
49	9	16	3019	0	0	0	0
199	89	74	3040	0	0	0	0
65	16	30	3020	0	0	0	0
31	10	10	3016	0	0	0	0
102	48	39	3026	0	0	0	0
305	137	104	3043	0	0	0	0
22	14	16	3021	0	0	0	0
33	13	15	3022	0	0	0	0
137	48	43	3031	0	0	0	0
35	14	10	3014	0	0	0	0
80	31	32	3023	0	0	0	0
15	1	14	3009	0	0	0	0
157	79	61	3036	0	0	0	0
138	61	49	3066	0	0	0	0
206	83	71	3041	0	0	0	0
9	4	9	3015	0	0	0	0
191	67	66	3038	0	0	0	0
132	56	42	3037	0	0	0	0
41	25	7	3014	0	0	0	0
35	12	14	3020	0	0	0	0
323	163	135	3055	0	0	0	0
37	21	13	3018	0	0	0	0
230	77	89	3056	0	0	0	0
362	158	122	3080	0	0	0	0
99	51	38	3025	0	0	0	0
131	50	65	3041	0	0	0	0
119	59	48	3040	0	0	0	0
38	18	18	3018	0	0	0	0
134	67	54	3051	0	0	0	0
37	7	13	3022	0	0	0	0
132	63	71	3025	0	0	0	0
12	2	9	3010	0	0	0	0
231	96	96	3047	0	0	0	0
100	47	41	3034	0	0	0	0
82	31	23	3037	0	0	0	0
42	26	22	3016	0	0	0	0
130	71	55	3042	0	0	0	0
37	24	21	3023	0	0	0	0
24	6	13	3012	0	0	0	0
30	7	8	3012	0	0	0	0
13	2	3	3017	0	0	0	0
377	164	134	3082	0	0	0	0
213	96	75	3038	0	0	0	0
23	5	12	3013	0	0	0	0
341	148	130	3084	0	0	0	0
57	24	22	3029	0	0	0	0
322	154	99	3089	0	0	0	0
190	105	100	3050	0	0	0	0
79	33	22	3022	0	0	0	0
90	25	37	3017	0	0	0	0
64	38	32	3028	0	0	0	0
137	46	48	3038	0	0	0	0
104	42	37	3029	0	0	0	0
32	11	12	3016	0	0	0	0
75	23	23	3023	0	0	0	0
43	28	15	3022	0	0	0	0
191	79	77	3074	0	0	0	0
147	63	56	3052	0	0	0	0
105	48	42	3022	0	0	0	0
272	139	130	3056	0	0	0	0
322	102	112	3051	0	0	0	0
22	7	5	3013	0	0	0	0
311	141	136	3086	0	0	0	0
254	109	114	3066	0	0	0	0
255	107	93	3057	0	0	0	0
350	143	120	3063	0	0	0	0
91	50	28	3040	0	0	0	0
186	85	65	3054	0	0	0	0
190	82	84	3043	0	0	0	0
67	23	29	3020	0	0	0	0
12	3	3	3012	0	0	0	0
285	156	103	3046	0	0	0	0
227	95	85	3052	0	0	0	0
263	114	97	3071	0	0	0	0
43	25	24	3020	0	0	0	0
176	72	51	3041	0	0	0	0
457	193	168	3081	0	0	0	0
206	90	64	3049	0	0	0	0
25	14	4	3027	0	0	0	0
151	76	56	3031	0	0	0	0
87	49	33	3031	0	0	0	0
242	71	96	3058	0	0	0	0
23	16	10	3018	0	0	0	0
98	35	40	3028	0	0	0	0
261	94	99	3063	0	0	0	0
15	14	7	3010	0	0	0	0
300	140	112	3053	0	0	0	0
281	124	120	3053	0	0	0	0
187	75	60	3047	0	0	0	0
11	4	6	3010	0	0	0	0
276	123	114	3053	0	0	0	0
8	6	6	3015	0	0	0	0
186	90	64	3060	0	0	0	0
265	143	101	3074	0	0	0	0
30	4	12	3009	0	0	0	0
87	36	33	3030	0	0	0	0
15	7	5	3010	0	0	0	0
103	48	42	3039	0	0	0	0
53	15	16	3019	0	0	0	0
236	83	115	3067	0	0	0	0
163	109	79	3051	0	0	0	0
26	9	3	3014	0	0	0	0
113	69	48	3037	0	0	0	0
216	97	62	3043	0	0	0	0
49	21	20	3025	0	0	0	0
280	125	128	3069	0	0	0	0
33	12	19	3023	0	0	0	0
71	43	32	3021	0	0	0	0
182	81	67	3043	0	0	0	0
118	52	47	3044	0	0	0	0
41	15	14	3017	0	0	0	0
133	55	45	3034	0	0	0	0
180	82	59	3047	0	0	0	0
202	81	95	3057	0	0	0	0
116	68	66	3052	0	0	0	0
56	22	27	3024	0	0	0	0
38	16	17	3024	0	0	0	0
80	33	31	3029	0	0	0	0
172	56	72	3043	0	0	0	0
32	18	20	3013	0	0	0	0
209	100	68	3060	0	0	0	0
168	68	79	3056	0	0	0	0
94	35	44	3037	0	0	0	0
54	21	18	3019	0	0	0	0
314	122	103	3088	0	0	0	0
326	133	136	3080	0	0	0	0
238	140	108	3052	0	0	0	0
252	102	86	3069	0	0	0	0
5	3	2	3010	0	0	0	0
150	107	70	3058	0	0	0	0
35	12	15	3018	0	0	0	0
139	78	50	3034	0	0	0	0
57	26	21	3017	0	0	0	0
71	47	38	3029	0	0	0	0
134	46	46	3037	0	0	0	0
350	140	139	3099	0	0	0	0
127	47	39	3048	0	0	0	0
3	1	4	3010	0	0	0	0
5	2	7	3016	0	0	0	0
89	44	35	3032	0	0	0	0
7	2	3	3011	0	0	0	0
75	38	36	3021	0	0	0	0
243	120	90	3077	0	0	0	0
141	58	45	3040	0	0	0	0
164	72	66	3050	0	0	0	0
105	40	45	3038	0	0	0	0
20	3	7	3013	0	0	0	0
29	14	13	3014	0	0	0	0
5	1	4	3013	0	0	0	0
275	134	118	3057	0	0	0	0
133	56	67	3059	0	0	0	0
194	110	79	3063	0	0	0	0
121	30	37	3023	0	0	0	0
213	85	74	3068	0	0	0	0
174	84	60	3044	0	0	0	0
8	4	4	3010	0	0	0	0
178	66	88	3035	0	0	0	0
23	9	10	3014	0	0	0	0
41	12	11	3020	0	0	0	0
9	2	2	3016	0	0	0	0
235	68	86	3048	0	0	0	0
347	160	136	3054	0	0	0	0
180	93	72	3040	0	0	0	0
230	125	85	3049	0	0	0	0
15	8	3	3016	0	0	0	0
123	43	42	3025	0	0	0	0
165	79	63	3037	0	0	0	0
281	90	88	3056	0	0	0	0
129	62	61	3035	0	0	0	0
84	45	31	3033	0	0	0	0
96	35	39	3026	0	0	0	0
51	11	12	3028	0	0	0	0
7	1	3	3013	0	0	0	0
314	169	134	3085	0	0	0	0
228	103	80	3068	0	0	0	0
136	56	49	3038	0	0	0	0
21	11	7	3015	0	0	0	0
22	10	5	3019	0	0	0	0
157	57	62	3034	0	0	0	0
57	20	18	3023	0	0	0	0
206	101	79	3045	0	0	0	0
158	46	57	3050	0	0	0	0
396	172	160	3062	0	0	0	0
64	36	40	3032	0	0	0	0
31	23	16	3020	0	0	0	0
8	1	4	3012	0	0	0	0
238	92	102	3057	0	0	0	0
63	28	25	3018	0	0	0	0
35	19	16	3013	0	0	0	0
127	37	38	3042	0	0	0	0
132	56	55	3035	0	0	0	0
15	0	2	3014	0	0	0	0
268	99	95	3045	0	0	0	0
25	13	13	3017	0	0	0	0
271	107	101	3057	0	0	0	0
23	9	9	3013	0	0	0	0
327	140	129	3087	0	0	0	0
36	13	18	3014	0	0	0	0
204	80	71	3050	0	0	0	0
244	86	88	3063	0	0	0	0
12	4	4	3010	0	0	0	0
239	125	80	3048	0	0	0	0
238	73	84	3053	0	0	0	0
184	87	59	3056	0	0	0	0
160	83	59	3041	0	0	0	0
179	100	99	3056	0	0	0	0
121	41	40	3033	0	0	0	0
31	13	16	3016	0	0	0	0
269	123	132	3060	0	0	0	0
183	102	73	3031	0	0	0	0
4	1	2	3012	0	0	0	0
219	121	92	3042	0	0	0	0
64	32	29	3029	0	0	0	0
61	13	19	3024	0	0	0	0
34	12	8	3020	0	0	0	0
261	142	94	3084	0	0	0	0
38	19	13	3013	0	0	0	0
14	1	5	3017	0	0	0	0
85	39	25	3029	0	0	0	0
30	8	9	3015	0	0	0	0
180	61	62	3044	0	0	0	0
7	6	0	3012	0	0	0	0
233	79	111	3060	0	0	0	0
348	141	145	3083	0	0	0	0
215	97	91	3062	0	0	0	0
281	128	91	3063	0	0	0	0
120	46	42	3037	0	0	0	0
380	198	161	3072	0	0	0	0
112	54	43	3032	0	0	0	0
292	109	141	3089	0	0	0	0
140	46	51	3033	0	0	0	0
83	46	36	3024	0	0	0	0
25	11	8	3022	0	0	0	0
4	0	1	3010	0	0	0	0
40	20	10	3024	0	0	0	0
15	3	4	3015	0	0	0	0
394	165	164	3110	0	0	0	0
228	89	83	3076	0	0	0	0
38	9	13	3015	0	0	0	0
173	80	51	3035	0	0	0	0
179	69	69	3047	0	0	0	0
4	1	1	3011	0	0	0	0
6	5	3	3014	0	0	0	0
333	167	123	3082	0	0	0	0
66	38	26	3038	0	0	0	0
230	115	83	3054	0	0	0	0
14	9	5	3017	0	0	0	0
112	65	62	3058	0	0	0	0
43	25	15	3019	0	0	0	0
18	5	6	3012	0	0	0	0
178	81	65	3050	0	0	0	0
144	66	51	3038	0	0	0	0
6	2	4	3014	0	0	0	0
92	45	44	3029	0	0	0	0
401	162	174	3071	0	0	0	0
155	75	55	3043	0	0	0	0
274	148	98	3061	0	0	0	0
91	47	27	3024	0	0	0	0
33	15	10	3017	0	0	0	0
7	1	3	3012	0	0	0	0
202	87	89	3063	0	0	0	0
75	27	29	3020	0	0	0	0
118	42	34	3037	0	0	0	0
250	107	89	3059	0	0	0	0
11	3	1	3013	0	0	0	0
76	63	29	3030	0	0	0	0
50	14	11	3014	0	0	0	0
43	25	18	3019	0	0	0	0
157	74	49	3030	0	0	0	0
113	48	41	3049	0	0	0	0
294	118	133	3072	0	0	0	0
92	38	51	3028	0	0	0	0
39	10	5	3022	0	0	0	0
339	128	116	3079	0	0	0	0
147	52	71	3033	0	0	0	0
273	115	103	3061	0	0	0	0
74	23	26	3023	0	0	0	0
90	70	47	3026	0	0	0	0
38	13	11	3027	0	0	0	0
25	21	5	3021	0	0	0	0
28	9	9	3015	0	0	0	0
13	6	2	3013	0	0	0	0
45	22	19	3022	0	0	0	0
132	55	69	3032	0	0	0	0
154	71	85	3040	0	0	0	0
249	133	107	3050	0	0	0	0
39	30	15	3024	0	0	0	0
208	66	77	3041	0	0	0	0
113	61	56	3058	0	0	0	0
189	67	77	3048	0	0	0	0
392	182	167	3049	0	0	0	0
228	125	92	3058	0	0	0	0
118	43	32	3028	0	0	0	0
361	160	134	3072	0	0	0	0
98	55	57	3035	0	0	0	0
151	73	73	3040	0	0	0	0
278	102	97	3058	0	0	0	0
115	52	42	3049	0	0	0	0
7	1	4	3012	0	0	0	0
99	47	42	3047	0	0	0	0
274	94	84	3058	0	0	0	0
75	23	26	3024	0	0	0	0
75	38	27	3031	0	0	0	0
5	1	4	3010	0	0	0	0
22	5	6	3012	0	0	0	0
86	34	33	3024	0	0	0	0
354	143	144	3071	0	0	0	0
66	28	17	3025	0	0	0	0
142	59	56	3047	0	0	0	0
54	11	24	3016	0	0	0	0
183	70	79	3058	0	0	0	0
219	90	113	3046	0	0	0	0
189	72	84	3035	0	0	0	0
140	59	46	3039	0	0	0	0
232	110	105	3048	0	0	0	0
41	8	12	3014	0	0	0	0
89	36	24	3027	0	0	0	0
83	29	45	3032	0	0	0	0
270	115	105	3049	0	0	0	0
406	134	156	3053	0	0	0	0
42	21	25	3025	0	0	0	0
126	53	50	3040	0	0	0	0
3	0	2	3011	0	0	0	0
181	72	76	3047	0	0	0	0
324	141	127	3106	0	0	0	0
19	7	7	3012	0	0	0	0
7	1	4	3011	0	0	0	0
96	37	48	3032	0	0	0	0
28	5	14	3011	0	0	0	0
43	28	23	3014	0	0	0	0
67	35	48	3024	0	0	0	0
90	55	26	3036	0	0	0	0
72	30	38	3023	0	0	0	0
257	111	114	3044	0	0	0	0
185	88	88	3034	0	0	0	0
118	45	51	3045	0	0	0	0
33	5	7	3016	0	0	0	0
194	88	81	3047	0	0	0	0
54	19	19	3017	0	0	0	0
158	51	80	3043	0	0	0	0
75	27	28	3043	0	0	0	0
218	81	76	3048	0	0	0	0
193	87	107	3052	0	0	0	0
171	82	58	3046	0	0	0	0
179	82	66	3034	0	0	0	0
59	25	39	3027	0	0	0	0
221	124	103	3060	0	0	0	0
141	44	54	3024	0	0	0	0
69	24	15	3024	0	0	0	0
120	55	53	3031	0	0	0	0
29	20	8	3016	0	0	0	0
145	77	66	3025	0	0	0	0
218	75	81	3038	0	0	0	0
193	94	94	3054	0	0	0	0
309	120	122	3090	0	0	0	0
275	121	140	3075	0	0	0	0
64	31	27	3025	0	0	0	0
202	92	96	3046	0	0	0	0
70	45	44	3020	0	0	0	0
35	11	9	3018	0	0	0	0
233	97	76	3069	0	0	0	0
70	34	37	3021	0	0	0	0
55	20	16	3024	0	0	0	0
35	9	6	3015	0	0	0	0
100	54	34	3038	0	0	0	0
170	71	93	3039	0	0	0	0
306	119	113	3087	0	0	0	0
17	1	6	3010	0	0	0	0
363	158	146	3111	0	0	0	0
87	36	36	3038	0	0	0	0
7	4	2	3013	0	0	0	0
179	93	78	3056	0	0	0	0
104	40	39	3020	0	0	0	0
220	95	81	3066	0	0	0	0
160	65	56	3065	0	0	0	0
22	6	5	3014	0	0	0	0
12	9	8	3015	0	0	0	0
95	47	42	3033	0	0	0	0
208	76	85	3050	0	0	0	0
83	39	35	3031	0	0	0	0
194	83	71	3045	0	0	0	0
133	54	46	3044	0	0	0	0
102	42	37	3042	0	0	0	0
32	12	12	3024	0	0	0	0
302	108	128	3061	0	0	0	0
175	69	70	3040	0	0	0	0
33	15	17	3020	0	0	0	0
201	93	90	3051	0	0	0	0
383	183	175	3091	0	0	0	0
324	133	133	3072	0	0	0	0
33	20	15	3022	0	0	0	0
168	79	66	3028	0	0	0	0
161	63	62	3054	0	0	0	0
265	93	103	3068	0	0	0	0
168	91	86	3043	0	0	0	0
145	58	66	3040	0	0	0	0
6	2	0	3014	0	0	0	0
151	76	78	3041	0	0	0	0
31	7	14	3016	0	0	0	0
162	71	65	3037	0	0	0	0
54	14	18	3025	0	0	0	0
14	6	7	3016	0	0	0	0
82	40	42	3022	0	0	0	0
245	78	99	3054	0	0	0	0
203	63	76	3040	0	0	0	0
20	8	7	3016	0	0	0	0
87	57	45	3029	0	0	0	0
65	45	25	3022	0	0	0	0
233	111	101	3077	0	0	0	0
92	45	39	3035	0	0	0	0
18	10	13	3019	0	0	0	0
166	43	62	3038	0	0	0	0
344	124	128	3077	0	0	0	0
264	96	87	3056	0	0	0	0
87	33	34	3037	0	0	0	0
21	5	6	3017	0	0	0	0
123	38	43	3035	0	0	0	0
278	133	115	3064	0	0	0	0
106	36	51	3026	0	0	0	0
19	4	4	3009	0	0	0	0
46	9	19	3018	0	0	0	0
97	67	41	3045	0	0	0	0
177	55	55	3033	0	0	0	0
202	95	69	3043	0	0	0	0
46	21	15	3017	0	0	0	0
