21	7	3	2009	0	0	0	0
13	2	3	2015	0	0	0	0
94	30	42	2018	0	0	0	0
2	0	3	2007	0	0	0	0
90	34	39	2030	0	0	0	0
3	0	0	2009	0	0	0	0
130	52	62	2017	0	0	0	0
148	62	58	2037	0	0	0	0
32	6	10	2015	0	0	0	0
1	0	1	2008	0	0	0	0
156	96	66	2033	0	0	0	0
57	20	12	2012	0	0	0	0
53	26	17	2015	0	0	0	0
133	74	52	2028	0	0	0	0
60	7	8	2024	0	0	0	0
55	24	24	2014	0	0	0	0
104	49	37	2023	0	0	0	0
7	5	4	2006	0	0	0	0
83	44	38	2024	0	0	0	0
273	101	89	2050	0	0	0	0
76	59	39	2036	0	0	0	0
72	34	33	2021	0	0	0	0
234	139	115	2080	0	0	0	0
19	6	6	2011	0	0	0	0
255	103	83	2030	0	0	0	0
5	0	1	2007	0	0	0	0
16	3	9	2010	0	0	0	0
10	1	0	2009	0	0	0	0
209	77	96	2047	0	0	0	0
18	6	9	2013	0	0	0	0
27	18	14	2016	0	0	0	0
39	16	16	2017	0	0	0	0
274	129	127	2040	0	0	0	0
311	136	115	2051	0	0	0	0
92	57	44	2030	0	0	0	0
65	27	22	2016	0	0	0	0
320	99	120	2066	0	0	0	0
65	36	33	2015	0	0	0	0
132	58	64	2023	0	0	0	0
3	0	1	2006	0	0	0	0
311	136	128	2062	0	0	0	0
175	80	68	2045	0	0	0	0
111	40	45	2028	0	0	0	0
72	33	24	2021	0	0	0	0
79	41	29	2018	0	0	0	0
8	3	1	2006	0	0	0	0
21	4	10	2009	0	0	0	0
43	14	14	2013	0	0	0	0
324	185	131	2062	0	0	0	0
199	80	84	2041	0	0	0	0
200	106	97	2028	0	0	0	0
94	47	50	2028	0	0	0	0
240	93	83	2055	0	0	0	0
24	15	15	2014	0	0	0	0
12	9	3	2008	0	0	0	0
260	115	91	2048	0	0	0	0
18	9	11	2011	0	0	0	0
67	28	22	2015	0	0	0	0
312	120	111	2063	0	0	0	0
76	33	32	2014	0	0	0	0
345	135	141	2058	0	0	0	0
31	10	7	2015	0	0	0	0
88	37	35	2034	0	0	0	0
44	17	15	2021	0	0	0	0
32	6	7	2012	0	0	0	0
270	97	98	2045	0	0	0	0
268	109	89	2070	0	0	0	0
25	10	12	2007	0	0	0	0
136	38	53	2023	0	0	0	0
17	2	10	2010	0	0	0	0
8	4	3	2011	0	0	0	0
114	53	36	2027	0	0	0	0
114	55	50	2035	0	0	0	0
2	2	1	2006	0	0	0	0
162	93	84	2088	0	0	0	0
5	3	5	2007	0	0	0	0
33	24	13	2013	0	0	0	0
282	131	101	2048	0	0	0	0
128	63	69	2031	0	0	0	0
198	73	60	2037	0	0	0	0
272	117	129	2055	0	0	0	0
118	71	46	2028	0	0	0	0
53	12	32	2017	0	0	0	0
113	32	37	2033	0	0	0	0
19	3	6	2012	0	0	0	0
14	3	4	2014	0	0	0	0
75	29	33	2029	0	0	0	0
239	135	90	2048	0	0	0	0
39	26	18	2018	0	0	0	0
287	88	97	2068	0	0	0	0
112	51	46	2026	0	0	0	0
204	96	77	2051	0	0	0	0
269	127	104	2057	0	0	0	0
10	4	5	2007	0	0	0	0
11	3	8	2012	0	0	0	0
41	22	13	2008	0	0	0	0
63	31	22	2013	0	0	0	0
32	10	11	2013	0	0	0	0
6	1	5	2006	0	0	0	0
3	0	0	2006	0	0	0	0
0	0	0	2007	0	0	0	0
4	3	2	2006	0	0	0	0
335	123	121	2078	0	0	0	0
121	59	37	2038	0	0	0	0
41	15	13	2019	0	0	0	0
119	49	47	2020	0	0	0	0
7	2	1	2010	0	0	0	0
287	130	130	2086	0	0	0	0
38	21	13	2011	0	0	0	0
158	58	47	2034	0	0	0	0
140	79	52	2036	0	0	0	0
310	148	107	2052	0	0	0	0
5	7	4	2014	0	0	0	0
60	40	27	2021	0	0	0	0
159	77	63	2047	0	0	0	0
307	174	151	2058	0	0	0	0
42	16	18	2017	0	0	0	0
248	140	98	2046	0	0	0	0
136	55	59	2030	0	0	0	0
18	11	15	2009	0	0	0	0
300	123	114	2067	0	0	0	0
51	15	23	2024	0	0	0	0
13	6	8	2009	0	0	0	0
124	67	47	2036	0	0	0	0
160	97	65	2039	0	0	0	0
55	25	18	2024	0	0	0	0
16	6	5	2009	0	0	0	0
102	47	41	2021	0	0	0	0
51	20	19	2023	0	0	0	0
33	7	22	2008	0	0	0	0
3	1	1	2010	0	0	0	0
224	74	72	2048	0	0	0	0
220	76	97	2035	0	0	0	0
136	52	47	2047	0	0	0	0
218	124	96	2071	0	0	0	0
93	50	51	2024	0	0	0	0
19	7	7	2007	0	0	0	0
59	25	25	2025	0	0	0	0
200	101	90	2054	0	0	0	0
5	2	4	2014	0	0	0	0
18	4	5	2012	0	0	0	0
13	0	2	2006	0	0	0	0
294	120	89	2054	0	0	0	0
5	2	2	2007	0	0	0	0
71	17	19	2012	0	0	0	0
3	3	0	2006	0	0	0	0
44	23	13	2018	0	0	0	0
15	5	5	2016	0	0	0	0
93	38	32	2015	0	0	0	0
1	0	0	2006	0	0	0	0
33	9	9	2023	0	0	0	0
134	54	65	2053	0	0	0	0
30	5	10	2013	0	0	0	0
6	2	0	2010	0	0	0	0
18	20	11	2014	0	0	0	0
171	85	92	2053	0	0	0	0
12	7	6	2014	0	0	0	0
36	4	6	2011	0	0	0	0
279	99	121	2052	0	0	0	0
23	21	16	2021	0	0	0	0
3	1	7	2009	0	0	0	0
280	138	109	2034	0	0	0	0
0	0	2	2007	0	0	0	0
76	36	25	2020	0	0	0	0
272	153	127	2059	0	0	0	0
41	7	21	2018	0	0	0	0
424	150	158	2069	0	0	0	0
280	121	130	2046	0	0	0	0
168	66	50	2041	0	0	0	0
153	82	44	2038	0	0	0	0
41	20	11	2025	0	0	0	0
71	25	36	2021	0	0	0	0
74	25	30	2021	0	0	0	0
229	95	83	2034	0	0	0	0
302	134	128	2045	0	0	0	0
12	1	7	2009	0	0	0	0
254	129	105	2047	0	0	0	0
8	5	2	2009	0	0	0	0
10	2	6	2009	0	0	0	0
2	1	3	2008	0	0	0	0
14	5	6	2006	0	0	0	0
4	0	1	2007	0	0	0	0
58	21	20	2017	0	0	0	0
28	9	11	2011	0	0	0	0
31	16	19	2017	0	0	0	0
4	1	2	2007	0	0	0	0
19	3	10	2011	0	0	0	0
17	2	9	2011	0	0	0	0
7	1	5	2008	0	0	0	0
9	10	6	2008	0	0	0	0
407	216	137	2086	0	0	0	0
5	0	1	2006	0	0	0	0
205	98	68	2033	0	0	0	0
233	143	108	2067	0	0	0	0
6	6	7	2009	0	0	0	0
94	36	36	2023	0	0	0	0
5	0	1	2008	0	0	0	0
74	33	34	2018	0	0	0	0
172	99	76	2043	0	0	0	0
235	113	108	2055	0	0	0	0
32	17	6	2014	0	0	0	0
135	56	65	2038	0	0	0	0
79	21	24	2020	0	0	0	0
13	2	9	2008	0	0	0	0
180	79	87	2038	0	0	0	0
47	22	20	2028	0	0	0	0
356	151	145	2061	0	0	0	0
16	1	2	2010	0	0	0	0
216	76	66	2050	0	0	0	0
4	0	1	2006	0	0	0	0
201	87	93	2037	0	0	0	0
84	54	41	2034	0	0	0	0
14	7	5	2012	0	0	0	0
197	102	86	2047	0	0	0	0
189	75	101	2036	0	0	0	0
321	141	108	2061	0	0	0	0
6	2	4	2006	0	0	0	0
160	68	67	2033	0	0	0	0
23	10	8	2013	0	0	0	0
20	6	5	2009	0	0	0	0
190	99	75	2034	0	0	0	0
9	2	5	2007	0	0	0	0
436	191	171	2076	0	0	0	0
26	4	9	2014	0	0	0	0
16	13	8	2011	0	0	0	0
37	16	9	2012	0	0	0	0
20	10	10	2011	0	0	0	0
86	15	29	2014	0	0	0	0
304	129	125	2066	0	0	0	0
337	175	138	2053	0	0	0	0
334	147	148	2042	0	0	0	0
201	95	95	2040	0	0	0	0
116	42	42	2017	0	0	0	0
251	110	95	2038	0	0	0	0
5	0	1	2006	0	0	0	0
23	15	9	2020	0	0	0	0
249	116	94	2043	0	0	0	0
5	0	0	2006	0	0	0	0
12	4	1	2011	0	0	0	0
245	124	113	2073	0	0	0	0
13	3	3	2010	0	0	0	0
128	53	54	2021	0	0	0	0
81	31	28	2021	0	0	0	0
77	45	29	2027	0	0	0	0
207	110	72	2064	0	0	0	0
46	18	25	2020	0	0	0	0
136	51	55	2034	0	0	0	0
246	155	112	2051	0	0	0	0
181	80	82	2053	0	0	0	0
117	78	37	2022	0	0	0	0
7	4	6	2007	0	0	0	0
27	6	5	2009	0	0	0	0
25	10	7	2012	0	0	0	0
6	2	3	2006	0	0	0	0
115	57	36	2038	0	0	0	0
40	20	15	2016	0	0	0	0
51	21	14	2014	0	0	0	0
5	1	0	2007	0	0	0	0
8	5	5	2008	0	0	0	0
7	5	2	2009	0	0	0	0
27	7	9	2013	0	0	0	0
16	6	12	2007	0	0	0	0
53	29	18	2024	0	0	0	0
109	49	51	2034	0	0	0	0
8	0	2	2006	0	0	0	0
42	13	15	2014	0	0	0	0
217	67	80	2041	0	0	0	0
7	9	5	2006	0	0	0	0
364	168	140	2063	0	0	0	0
466	226	215	2098	0	0	0	0
39	8	11	2015	0	0	0	0
97	28	28	2026	0	0	0	0
422	168	171	2066	0	0	0	0
53	23	32	2020	0	0	0	0
31	6	7	2013	0	0	0	0
164	94	71	2030	0	0	0	0
102	31	42	2028	0	0	0	0
154	90	56	2029	0	0	0	0
36	9	26	2014	0	0	0	0
156	67	65	2037	0	0	0	0
51	22	21	2021	0	0	0	0
52	13	15	2014	0	0	0	0
99	42	39	2024	0	0	0	0
194	63	78	2052	0	0	0	0
194	79	75	2048	0	0	0	0
58	28	29	2019	0	0	0	0
63	28	18	2017	0	0	0	0
68	21	32	2015	0	0	0	0
45	5	9	2012	0	0	0	0
8	10	6	2008	0	0	0	0
240	91	80	2055	0	0	0	0
11	0	1	2008	0	0	0	0
212	94	62	2028	0	0	0	0
191	107	91	2032	0	0	0	0
68	32	33	2020	0	0	0	0
111	33	53	2025	0	0	0	0
18	15	5	2017	0	0	0	0
137	80	55	2041	0	0	0	0
45	17	20	2012	0	0	0	0
30	11	8	2020	0	0	0	0
26	5	5	2006	0	0	0	0
12	4	6	2010	0	0	0	0
54	11	7	2015	0	0	0	0
227	116	82	2053	0	0	0	0
79	23	22	2027	0	0	0	0
110	38	34	2035	0	0	0	0
62	47	43	2016	0	0	0	0
52	36	26	2030	0	0	0	0
71	27	37	2021	0	0	0	0
23	7	9	2022	0	0	0	0
295	132	116	2072	0	0	0	0
11	1	5	2009	0	0	0	0
5	7	2	2009	0	0	0	0
134	60	40	2025	0	0	0	0
81	33	41	2035	0	0	0	0
8	2	1	2007	0	0	0	0
229	108	83	2037	0	0	0	0
1	1	0	2007	0	0	0	0
16	4	6	2013	0	0	0	0
2	0	0	2006	0	0	0	0
4	2	1	2006	0	0	0	0
60	32	24	2012	0	0	0	0
85	29	25	2017	0	0	0	0
66	23	35	2025	0	0	0	0
0	0	1	2007	0	0	0	0
22	11	9	2013	0	0	0	0
101	51	40	2042	0	0	0	0
309	165	137	2067	0	0	0	0
4	3	0	2011	0	0	0	0
83	35	25	2028	0	0	0	0
110	35	38	2020	0	0	0	0
9	5	4	2017	0	0	0	0
29	12	8	2009	0	0	0	0
167	105	73	2042	0	0	0	0
257	83	95	2046	0	0	0	0
157	78	82	2042	0	0	0	0
79	39	34	2025	0	0	0	0
89	44	28	2029	0	0	0	0
9	0	10	2009	0	0	0	0
4	3	1	2006	0	0	0	0
303	158	136	2050	0	0	0	0
8	1	6	2008	0	0	0	0
94	42	48	2036	0	0	0	0
16	5	5	2017	0	0	0	0
66	22	27	2026	0	0	0	0
331	157	132	2052	0	0	0	0
320	136	150	2055	0	0	0	0
60	23	24	2014	0	0	0	0
66	41	33	2019	0	0	0	0
160	53	66	2035	0	0	0	0
157	98	55	2047	0	0	0	0
148	55	68	2030	0	0	0	0
49	30	21	2024	0	0	0	0
6	0	3	2007	0	0	0	0
226	122	110	2046	0	0	0	0
142	82	54	2037	0	0	0	0
84	25	27	2024	0	0	0	0
29	7	10	2012	0	0	0	0
125	53	56	2032	0	0	0	0
313	132	149	2062	0	0	0	0
2	1	2	2006	0	0	0	0
86	39	45	2012	0	0	0	0
5	0	1	2010	0	0	0	0
138	49	58	2022	0	0	0	0
40	7	20	2019	0	0	0	0
106	42	41	2028	0	0	0	0
132	50	58	2021	0	0	0	0
343	149	135	2065	0	0	0	0
253	109	85	2041	0	0	0	0
270	119	118	2069	0	0	0	0
394	183	177	2092	0	0	0	0
295	137	118	2066	0	0	0	0
15	7	3	2011	0	0	0	0
225	133	80	2048	0	0	0	0
11	0	7	2011	0	0	0	0
85	36	38	2036	0	0	0	0
251	118	112	2058	0	0	0	0
282	100	88	2048	0	0	0	0
7	3	0	2010	0	0	0	0
229	119	89	2057	0	0	0	0
116	41	41	2028	0	0	0	0
3	3	1	2007	0	0	0	0
8	3	4	2008	0	0	0	0
256	117	122	2042	0	0	0	0
13	3	4	2010	0	0	0	0
100	67	49	2027	0	0	0	0
72	28	26	2014	0	0	0	0
6	3	1	2012	0	0	0	0
290	110	117	2064	0	0	0	0
49	30	31	2010	0	0	0	0
145	95	47	2022	0	0	0	0
84	37	33	2029	0	0	0	0
179	88	67	2057	0	0	0	0
7	1	1	2006	0	0	0	0
28	5	4	2012	0	0	0	0
281	122	121	2069	0	0	0	0
6	6	6	2010	0	0	0	0
47	13	26	2018	0	0	0	0
168	111	69	2046	0	0	0	0
15	3	4	2007	0	0	0	0
6	1	4	2007	0	0	0	0
184	60	66	2035	0	0	0	0
171	77	64	2036	0	0	0	0
152	79	68	2034	0	0	0	0
25	11	13	2016	0	0	0	0
154	83	51	2030	0	0	0	0
280	142	140	2055	0	0	0	0
183	82	83	2039	0	0	0	0
38	13	9	2008	0	0	0	0
20	10	13	2012	0	0	0	0
66	32	38	2022	0	0	0	0
9	11	7	2011	0	0	0	0
15	7	6	2007	0	0	0	0
19	7	11	2013	0	0	0	0
208	131	77	2037	0	0	0	0
48	21	20	2015	0	0	0	0
208	91	72	2047	0	0	0	0
9	1	0	2008	0	0	0	0
15	7	3	2019	0	0	0	0
14	2	4	2011	0	0	0	0
163	85	53	2025	0	0	0	0
204	90	85	2038	0	0	0	0
16	3	4	2008	0	0	0	0
126	70	50	2043	0	0	0	0
121	70	55	2034	0	0	0	0
70	27	25	2021	0	0	0	0
99	72	34	2027	0	0	0	0
254	114	92	2063	0	0	0	0
10	1	2	2016	0	0	0	0
7	0	1	2007	0	0	0	0
57	21	17	2015	0	0	0	0
114	42	42	2033	0	0	0	0
8	0	2	2007	0	0	0	0
253	122	104	2042	0	0	0	0
5	1	1	2008	0	0	0	0
99	59	41	2030	0	0	0	0
19	16	8	2016	0	0	0	0
21	5	8	2010	0	0	0	0
6	1	3	2011	0	0	0	0
82	41	23	2039	0	0	0	0
7	1	2	2007	0	0	0	0
26	17	9	2028	0	0	0	0
50	25	31	2029	0	0	0	0
3	0	1	2006	0	0	0	0
7	2	1	2010	0	0	0	0
8	1	2	2007	0	0	0	0
14	4	8	2013	0	0	0	0
57	39	28	2025	0	0	0	0
294	131	108	2047	0	0	0	0
4	1	0	2011	0	0	0	0
258	145	121	2049	0	0	0	0
168	89	59	2044	0	0	0	0
16	6	2	2012	0	0	0	0
232	96	95	2043	0	0	0	0
415	172	168	2086	0	0	0	0
247	128	93	2061	0	0	0	0
28	17	8	2013	0	0	0	0
398	176	184	2066	0	0	0	0
23	8	16	2008	0	0	0	0
281	139	88	2057	0	0	0	0
44	8	19	2016	0	0	0	0
179	78	74	2037	0	0	0	0
126	54	61	2035	0	0	0	0
81	66	37	2031	0	0	0	0
3	1	0	2006	0	0	0	0
184	63	67	2040	0	0	0	0
9	0	1	2008	0	0	0	0
185	83	43	2049	0	0	0	0
15	2	4	2011	0	0	0	0
41	13	7	2016	0	0	0	0
43	21	23	2021	0	0	0	0
50	34	22	2010	0	0	0	0
88	18	35	2021	0	0	0	0
29	14	13	2014	0	0	0	0
171	90	76	2034	0	0	0	0
27	5	5	2009	0	0	0	0
1	1	1	2007	0	0	0	0
26	6	2	2010	0	0	0	0
31	6	5	2011	0	0	0	0
21	7	7	2007	0	0	0	0
115	46	70	2033	0	0	0	0
21	4	5	2012	0	0	0	0
9	5	4	2008	0	0	0	0
2	0	0	2010	0	0	0	0
17	4	4	2014	0	0	0	0
23	2	11	2011	0	0	0	0
96	56	46	2022	0	0	0	0
197	92	76	2033	0	0	0	0
175	73	64	2033	0	0	0	0
9	7	6	2006	0	0	0	0
7	10	1	2010	0	0	0	0
268	117	103	2050	0	0	0	0
48	26	25	2012	0	0	0	0
157	71	67	2038	0	0	0	0
82	27	25	2018	0	0	0	0
35	19	26	2018	0	0	0	0
29	12	12	2013	0	0	0	0
10	4	8	2010	0	0	0	0
9	1	3	2008	0	0	0	0
278	127	102	2050	0	0	0	0
1	0	2	2007	0	0	0	0
252	109	112	2067	0	0	0	0
94	32	37	2025	0	0	0	0
388	187	144	2054	0	0	0	0
10	0	4	2010	0	0	0	0
121	60	75	2021	0	0	0	0
153	64	64	2038	0	0	0	0
9	0	4	2009	0	0	0	0
296	123	128	2067	0	0	0	0
17	1	5	2011	0	0	0	0
47	18	17	2016	0	0	0	0
0	0	0	2008	0	0	0	0
209	123	94	2050	0	0	0	0
187	105	62	2048	0	0	0	0
52	25	22	2023	0	0	0	0
105	44	49	2023	0	0	0	0
324	152	120	2059	0	0	0	0
61	38	33	2028	0	0	0	0
4	0	1	2014	0	0	0	0
5	3	3	2006	0	0	0	0
92	35	34	2032	0	0	0	0
51	27	16	2013	0	0	0	0
13	9	6	2007	0	0	0	0
12	5	7	2012	0	0	0	0
67	48	24	2025	0	0	0	0
186	116	85	2038	0	0	0	0
162	98	75	2029	0	0	0	0
250	129	92	2054	0	0	0	0
271	125	121	2047	0	0	0	0
261	112	111	2037	0	0	0	0
94	37	31	2028	0	0	0	0
124	89	41	2032	0	0	0	0
18	3	8	2009	0	0	0	0
2	1	2	2006	0	0	0	0
38	7	7	2011	0	0	0	0
2	0	1	2006	0	0	0	0
132	48	59	2027	0	0	0	0
11	9	4	2009	0	0	0	0
231	87	96	2056	0	0	0	0
190	75	69	2036	0	0	0	0
27	25	10	2013	0	0	0	0
235	113	100	2024	0	0	0	0
254	121	105	2049	0	0	0	0
5	0	0	2006	0	0	0	0
69	39	35	2028	0	0	0	0
27	12	10	2014	0	0	0	0
98	27	30	2019	0	0	0	0
8	2	3	2008	0	0	0	0
12	8	4	2009	0	0	0	0
199	80	96	2061	0	0	0	0
0	0	0	2006	0	0	0	0
29	13	17	2015	0	0	0	0
390	157	136	2103	0	0	0	0
30	11	21	2007	0	0	0	0
13	3	6	2013	0	0	0	0
395	167	169	2085	0	0	0	0
181	67	73	2049	0	0	0	0
4	0	1	2006	0	0	0	0
143	58	63	2065	0	0	0	0
24	17	11	2015	0	0	0	0
286	131	105	2054	0	0	0	0
105	56	40	2026	0	0	0	0
211	86	84	2041	0	0	0	0
5	0	0	2009	0	0	0	0
344	136	146	2052	0	0	0	0
15	6	1	2017	0	0	0	0
36	25	9	2012	0	0	0	0
24	12	6	2020	0	0	0	0
215	114	76	2064	0	0	0	0
54	28	27	2015	0	0	0	0
180	80	66	2038	0	0	0	0
2	1	2	2006	0	0	0	0
22	5	8	2013	0	0	0	0
19	4	10	2009	0	0	0	0
28	13	11	2010	0	0	0	0
197	60	75	2036	0	0	0	0
258	106	129	2055	0	0	0	0
6	2	1	2008	0	0	0	0
9	4	5	2010	0	0	0	0
24	11	7	2015	0	0	0	0
9	2	5	2013	0	0	0	0
25	14	8	2020	0	0	0	0
9	3	4	2007	0	0	0	0
3	0	1	2006	0	0	0	0
160	80	95	2034	0	0	0	0
23	5	8	2023	0	0	0	0
1	1	0	2008	0	0	0	0
236	94	108	2051	0	0	0	0
48	27	23	2020	0	0	0	0
28	6	27	2012	0	0	0	0
0	0	1	2007	0	0	0	0
256	108	94	2061	0	0	0	0
21	16	15	2011	0	0	0	0
297	147	134	2063	0	0	0	0
5	1	0	2007	0	0	0	0
130	58	39	2025	0	0	0	0
5	0	1	2009	0	0	0	0
5	2	0	2008	0	0	0	0
105	40	35	2024	0	0	0	0
10	0	4	2010	0	0	0	0
26	3	11	2011	0	0	0	0
207	99	108	2052	0	0	0	0
47	10	16	2017	0	0	0	0
10	3	4	2012	0	0	0	0
109	31	42	2024	0	0	0	0
2	0	0	2007	0	0	0	0
8	2	2	2007	0	0	0	0
152	73	54	2023	0	0	0	0
43	33	35	2013	0	0	0	0
62	14	16	2026	0	0	0	0
37	16	7	2011	0	0	0	0
244	83	77	2047	0	0	0	0
39	13	23	2028	0	0	0	0
54	31	30	2017	0	0	0	0
11	4	4	2007	0	0	0	0
40	24	12	2025	0	0	0	0
77	45	40	2029	0	0	0	0
155	78	55	2036	0	0	0	0
92	52	37	2033	0	0	0	0
127	40	60	2025	0	0	0	0
206	111	83	2056	0	0	0	0
13	7	1	2010	0	0	0	0
352	140	135	2051	0	0	0	0
366	145	125	2066	0	0	0	0
15	8	3	2008	0	0	0	0
17	8	9	2011	0	0	0	0
163	82	64	2044	0	0	0	0
4	0	0	2008	0	0	0	0
127	45	37	2023	0	0	0	0
2	0	0	2007	0	0	0	0
16	8	4	2010	0	0	0	0
38	20	13	2017	0	0	0	0
4	0	2	2006	0	0	0	0
135	68	54	2041	0	0	0	0
15	9	5	2008	0	0	0	0
3	2	4	2006	0	0	0	0
212	81	74	2030	0	0	0	0
217	91	91	2038	0	0	0	0
151	49	47	2049	0	0	0	0
115	65	48	2025	0	0	0	0
135	64	57	2029	0	0	0	0
138	52	66	2028	0	0	0	0
25	8	7	2014	0	0	0	0
4	1	4	2009	0	0	0	0
16	2	2	2007	0	0	0	0
173	90	81	2038	0	0	0	0
295	132	119	2060	0	0	0	0
268	138	109	2057	0	0	0	0
13	3	6	2010	0	0	0	0
193	66	69	2029	0	0	0	0
228	103	105	2030	0	0	0	0
111	45	40	2032	0	0	0	0
26	12	11	2016	0	0	0	0
2	0	0	2008	0	0	0	0
7	2	1	2010	0	0	0	0
81	41	39	2021	0	0	0	0
5	1	2	2006	0	0	0	0
204	78	67	2042	0	0	0	0
46	23	19	2023	0	0	0	0
3	0	0	2008	0	0	0	0
316	121	116	2061	0	0	0	0
75	26	31	2012	0	0	0	0
200	93	73	2047	0	0	0	0
214	98	85	2045	0	0	0	0
16	6	3	2011	0	0	0	0
9	2	7	2008	0	0	0	0
8	1	4	2007	0	0	0	0
28	6	9	2008	0	0	0	0
105	37	48	2020	0	0	0	0
19	3	4	2010	0	0	0	0
188	94	102	2038	0	0	0	0
3	1	3	2009	0	0	0	0
5	3	3	2007	0	0	0	0
4	0	2	2006	0	0	0	0
91	42	42	2035	0	0	0	0
100	33	30	2029	0	0	0	0
87	34	29	2020	0	0	0	0
23	17	10	2009	0	0	0	0
261	155	92	2056	0	0	0	0
281	126	86	2060	0	0	0	0
150	65	55	2035	0	0	0	0
254	118	86	2056	0	0	0	0
99	27	39	2028	0	0	0	0
106	72	56	2021	0	0	0	0
163	77	54	2039	0	0	0	0
9	2	0	2007	0	0	0	0
5	0	1	2009	0	0	0	0
195	96	92	2031	0	0	0	0
72	24	25	2019	0	0	0	0
15	4	5	2012	0	0	0	0
24	10	11	2013	0	0	0	0
64	41	25	2013	0	0	0	0
269	121	94	2045	0	0	0	0
23	8	4	2012	0	0	0	0
84	37	39	2026	0	0	0	0
148	64	66	2046	0	0	0	0
109	45	49	2022	0	0	0	0
15	5	5	2008	0	0	0	0
98	49	41	2023	0	0	0	0
73	29	22	2013	0	0	0	0
0	0	1	2006	0	0	0	0
285	128	103	2062	0	0	0	0
132	63	60	2033	0	0	0	0
164	63	64	2036	0	0	0	0
221	102	92	2058	0	0	0	0
219	103	84	2035	0	0	0	0
327	139	135	2054	0	0	0	0
253	86	93	2056	0	0	0	0
132	55	39	2043	0	0	0	0
167	76	55	2037	0	0	0	0
5	0	0	2006	0	0	0	0
122	48	54	2026	0	0	0	0
32	38	19	2012	0	0	0	0
29	3	13	2010	0	0	0	0
140	85	48	2040	0	0	0	0
4	0	0	2007	0	0	0	0
94	39	27	2020	0	0	0	0
182	74	70	2040	0	0	0	0
194	83	72	2064	0	0	0	0
33	18	13	2016	0	0	0	0
3	1	0	2010	0	0	0	0
51	34	18	2020	0	0	0	0
87	38	33	2012	0	0	0	0
61	38	28	2022	0	0	0	0
4	0	2	2008	0	0	0	0
3	1	1	2006	0	0	0	0
41	20	18	2027	0	0	0	0
37	12	15	2016	0	0	0	0
32	9	10	2011	0	0	0	0
143	72	67	2039	0	0	0	0
199	72	45	2049	0	0	0	0
102	49	44	2034	0	0	0	0
8	1	0	2007	0	0	0	0
300	144	132	2055	0	0	0	0
47	29	13	2015	0	0	0	0
64	24	20	2021	0	0	0	0
59	42	27	2016	0	0	0	0
326	148	116	2052	0	0	0	0
171	61	74	2025	0	0	0	0
99	50	35	2025	0	0	0	0
3	4	2	2009	0	0	0	0
250	109	85	2036	0	0	0	0
272	126	115	2039	0	0	0	0
27	9	14	2013	0	0	0	0
130	40	34	2022	0	0	0	0
5	0	3	2006	0	0	0	0
206	78	92	2040	0	0	0	0
145	93	63	2033	0	0	0	0
189	79	58	2029	0	0	0	0
26	14	10	2013	0	0	0	0
9	3	2	2009	0	0	0	0
394	192	154	2076	0	0	0	0
194	113	79	2036	0	0	0	0
98	49	50	2019	0	0	0	0
166	87	78	2034	0	0	0	0
31	11	13	2011	0	0	0	0
12	10	5	2013	0	0	0	0
42	22	14	2019	0	0	0	0
149	78	60	2030	0	0	0	0
126	46	43	2032	0	0	0	0
17	7	1	2011	0	0	0	0
169	77	69	2038	0	0	0	0
333	134	133	2064	0	0	0	0
22	17	9	2018	0	0	0	0
8	1	0	2006	0	0	0	0
41	11	11	2010	0	0	0	0
102	45	47	2021	0	0	0	0
8	2	4	2007	0	0	0	0
22	9	6	2014	0	0	0	0
86	41	31	2022	0	0	0	0
33	16	15	2021	0	0	0	0
91	42	31	2014	0	0	0	0
20	12	13	2011	0	0	0	0
18	2	6	2008	0	0	0	0
93	43	33	2014	0	0	0	0
464	201	175	2098	0	0	0	0
32	20	20	2018	0	0	0	0
157	74	63	2033	0	0	0	0
218	126	96	2068	0	0	0	0
105	63	32	2029	0	0	0	0
329	123	119	2038	0	0	0	0
23	12	9	2011	0	0	0	0
282	132	96	2069	0	0	0	0
196	88	76	2030	0	0	0	0
169	67	58	2026	0	0	0	0
124	71	40	2036	0	0	0	0
299	111	107	2038	0	0	0	0
24	5	5	2011	0	0	0	0
29	7	9	2007	0	0	0	0
45	34	17	2017	0	0	0	0
256	136	98	2052	0	0	0	0
416	159	150	2090	0	0	0	0
7	2	0	2006	0	0	0	0
37	8	4	2013	0	0	0	0
187	89	79	2043	0	0	0	0
111	38	44	2020	0	0	0	0
156	72	62	2039	0	0	0	0
128	71	57	2023	0	0	0	0
110	50	45	2026	0	0	0	0
309	164	131	2063	0	0	0	0
236	121	110	2071	0	0	0	0
119	63	52	2028	0	0	0	0
218	120	85	2038	0	0	0	0
38	10	16	2020	0	0	0	0
170	81	75	2043	0	0	0	0
54	32	18	2017	0	0	0	0
44	20	10	2013	0	0	0	0
5	1	1	2008	0	0	0	0
89	31	30	2039	0	0	0	0
5	0	1	2008	0	0	0	0
18	9	4	2014	0	0	0	0
42	27	15	2012	0	0	0	0
5	1	2	2009	0	0	0	0
158	84	64	2044	0	0	0	0
25	7	11	2012	0	0	0	0
0	0	1	2006	0	0	0	0
96	47	44	2016	0	0	0	0
49	16	27	2014	0	0	0	0
210	74	68	2041	0	0	0	0
6	1	1	2007	0	0	0	0
5	3	2	2008	0	0	0	0
8	4	5	2016	0	0	0	0
8	2	4	2009	0	0	0	0
179	69	63	2033	0	0	0	0
297	126	125	2062	0	0	0	0
16	10	11	2007	0	0	0	0
4	3	1	2006	0	0	0	0
111	66	40	2023	0	0	0	0
96	55	55	2026	0	0	0	0
83	40	33	2022	0	0	0	0
10	0	2	2009	0	0	0	0
138	77	58	2034	0	0	0	0
178	84	94	2042	0	0	0	0
111	62	39	2026	0	0	0	0
233	114	83	2050	0	0	0	0
80	15	28	2025	0	0	0	0
197	88	80	2044	0	0	0	0
47	10	12	2019	0	0	0	0
51	13	18	2021	0	0	0	0
30	8	9	2015	0	0	0	0
54	40	21	2019	0	0	0	0
76	55	31	2028	0	0	0	0
301	156	123	2056	0	0	0	0
226	98	88	2036	0	0	0	0
239	111	84	2061	0	0	0	0
304	118	128	2070	0	0	0	0
96	43	42	2030	0	0	0	0
14	8	8	2010	0	0	0	0
14	2	1	2012	0	0	0	0
141	61	66	2030	0	0	0	0
28	13	10	2012	0	0	0	0
33	5	12	2009	0	0	0	0
51	21	18	2024	0	0	0	0
18	4	11	2011	0	0	0	0
330	149	146	2085	0	0	0	0
129	48	42	2026	0	0	0	0
52	20	15	2022	0	0	0	0
89	49	35	2028	0	0	0	0
145	54	73	2041	0	0	0	0
183	69	68	2031	0	0	0	0
47	25	16	2018	0	0	0	0
244	107	97	2053	0	0	0	0
271	106	107	2071	0	0	0	0
316	153	134	2060	0	0	0	0
328	150	136	2063	0	0	0	0
70	35	22	2023	0	0	0	0
3	0	2	2007	0	0	0	0
219	90	95	2053	0	0	0	0
288	114	137	2064	0	0	0	0
219	103	80	2051	0	0	0	0
32	4	11	2010	0	0	0	0
111	37	36	2032	0	0	0	0
129	51	45	2032	0	0	0	0
131	72	46	2028	0	0	0	0
138	36	52	2029	0	0	0	0
42	16	10	2013	0	0	0	0
13	6	6	2007	0	0	0	0
200	86	51	2037	0	0	0	0
89	34	33	2027	0	0	0	0
165	54	57	2027	0	0	0	0
102	53	48	2034	0	0	0	0
33	8	10	2015	0	0	0	0
1	0	0	2006	0	0	0	0
2	1	2	2007	0	0	0	0
0	0	0	2006	0	0	0	0
5	1	2	2007	0	0	0	0
5	0	3	2009	0	0	0	0
88	23	36	2025	0	0	0	0
122	86	53	2019	0	0	0	0
3	5	2	2006	0	0	0	0
300	125	129	2063	0	0	0	0
151	77	59	2042	0	0	0	0
226	99	84	2047	0	0	0	0
6	1	3	2006	0	0	0	0
206	61	86	2041	0	0	0	0
283	96	133	2066	0	0	0	0
11	1	0	2013	0	0	0	0
77	38	30	2019	0	0	0	0
309	134	141	2069	0	0	0	0
205	123	87	2049	0	0	0	0
5	3	5	2006	0	0	0	0
60	53	39	2021	0	0	0	0
20	11	10	2012	0	0	0	0
26	5	8	2012	0	0	0	0
121	61	57	2035	0	0	0	0
54	16	23	2027	0	0	0	0
30	7	7	2012	0	0	0	0
176	85	80	2043	0	0	0	0
14	3	5	2010	0	0	0	0
18	7	9	2013	0	0	0	0
110	40	46	2024	0	0	0	0
6	3	2	2007	0	0	0	0
384	159	152	2084	0	0	0	0
253	108	78	2032	0	0	0	0
98	45	36	2022	0	0	0	0
134	68	55	2044	0	0	0	0
281	140	85	2035	0	0	0	0
86	41	37	2018	0	0	0	0
9	8	4	2016	0	0	0	0
192	97	71	2045	0	0	0	0
19	8	4	2013	0	0	0	0
123	57	50	2020	0	0	0	0
10	1	4	2008	0	0	0	0
14	5	4	2010	0	0	0	0
284	143	110	2067	0	0	0	0
75	26	33	2018	0	0	0	0
6	1	0	2006	0	0	0	0
343	154	134	2076	0	0	0	0
309	136	133	2065	0	0	0	0
17	6	5	2010	0	0	0	0
44	11	19	2013	0	0	0	0
56	22	23	2019	0	0	0	0
44	12	13	2009	0	0	0	0
24	25	18	2019	0	0	0	0
44	16	11	2024	0	0	0	0
14	10	7	2015	0	0	0	0
60	32	23	2014	0	0	0	0
39	16	21	2019	0	0	0	0
59	27	16	2032	0	0	0	0
0	0	0	2007	0	0	0	0
66	31	23	2021	0	0	0	0
2	0	0	2009	0	0	0	0
78	35	27	2030	0	0	0	0
61	28	27	2017	0	0	0	0
11	7	6	2010	0	0	0	0
35	11	16	2018	0	0	0	0
112	44	41	2044	0	0	0	0
14	1	4	2014	0	0	0	0
8	1	4	2010	0	0	0	0
63	40	37	2028	0	0	0	0
14	3	0	2012	0	0	0	0
4	1	0	2006	0	0	0	0
117	48	35	2029	0	0	0	0
101	46	38	2026	0	0	0	0
111	67	54	2031	0	0	0	0
93	43	46	2028	0	0	0	0
188	110	90	2033	0	0	0	0
117	57	48	2034	0	0	0	0
10	0	5	2015	0	0	0	0
0	0	0	2006	0	0	0	0
361	119	133	2051	0	0	0	0
99	46	40	2021	0	0	0	0
34	14	12	2018	0	0	0	0
226	99	92	2046	0	0	0	0
17	11	10	2009	0	0	0	0
241	107	102	2054	0	0	0	0
80	27	33	2027	0	0	0	0
36	10	11	2012	0	0	0	0
97	43	28	2021	0	0	0	0
29	11	15	2008	0	0	0	0
5	0	2	2006	0	0	0	0
5	0	0	2007	0	0	0	0
139	63	65	2025	0	0	0	0
59	40	20	2025	0	0	0	0
108	66	35	2020	0	0	0	0
179	116	71	2057	0	0	0	0
299	117	121	2054	0	0	0	0
109	51	35	2039	0	0	0	0
59	31	29	2020	0	0	0	0
124	47	45	2034	0	0	0	0
55	14	14	2016	0	0	0	0
280	159	107	2068	0	0	0	0
283	103	114	2054	0	0	0	0
515	242	228	2135	0	0	0	0
174	83	72	2036	0	0	0	0
125	48	51	2037	0	0	0	0
19	0	7	2008	0	0	0	0
23	12	5	2015	0	0	0	0
306	157	120	2055	0	0	0	0
73	33	34	2024	0	0	0	0
117	52	62	2032	0	0	0	0
143	82	89	2031	0	0	0	0
151	60	64	2032	0	0	0	0
86	35	39	2020	0	0	0	0
37	17	12	2012	0	0	0	0
34	23	7	2020	0	0	0	0
54	22	26	2008	0	0	0	0
109	28	55	2018	0	0	0	0
13	15	11	2012	0	0	0	0
12	0	3	2011	0	0	0	0
