1.5	0.0	0.0	0.0
2.25	0.0	0.0	0.0
0.25	0.0	0.0	0.0
2.75	0.0	0.0	0.0
0.5	0.0	0.0	0.0
0.5	0.0	0.0	0.0
1.5	0.0	0.0	0.0
1.25	1.0	0.0	0.0
1.25	0.0	0.0	0.0
0.5	0.0	0.0	0.0
0.75	0.0	0.0	0.0
1.75	0.0	0.0	0.0
0.75	0.0	0.0	0.0
0.5	0.0	0.0	0.0
1.25	0.0	0.0	0.0
1.75	0.0	0.0	0.0
1.75	0.0	0.0	0.0
0.75	0.0	0.0	0.0
0.25	0.0	0.0	0.0
2.25	1.0	1.0	0.0
1.0	0.0	0.0	0.0
1.0	0.0	0.0	0.0
2.5	0.0	0.0	0.0
1.0	0.0	0.0	0.0
1.75	0.0	0.0	0.0
1.0	0.0	0.0	0.0
0.25	0.0	0.0	0.0
1.5	1.0	0.0	0.0
0.75	0.0	0.0	0.0
1.75	0.0	0.0	0.0
1.25	0.2	0.0	0.0
1.0	0.0	0.0	0.0
1.5	0.0	0.0	0.0
1.0	0.0	0.0	0.0
1.5	2.0	0.0	0.0
1.25	0.0	0.0	0.0
0.5	0.0	0.0	0.0
0.5	0.0	0.0	0.0
1.5	1.4	0.0	0.0
1.25	2.0	1.0	0.0
1.25	1.0	0.0	0.0
2.25	0.0	0.0	0.0
2.5	0.0	0.0	0.0
0.75	0.0	0.0	0.0
1.5	0.0	0.0	0.0
0.75	0.0	0.0	0.0
0.75	1.6666666666666667	0.0	0.0
1.0	0.0	0.0	0.0
1.5	0.75	0.0	0.0
1.0	2.0	0.0	0.0
0.5	0.0	0.0	0.0
0.25	0.0	0.0	0.0
1.5	0.0	0.0	0.0
0.75	1.0	0.0	0.0
1.0	0.0	0.0	0.0
1.25	0.0	0.0	0.0
1.5	1.5	0.0	0.0
2.25	1.0	0.0	0.0
2.25	0.0	0.0	0.0
0.5	1.0	0.0	0.0
1.75	0.0	0.0	0.0
0.75	0.0	0.0	0.0
1.75	0.0	0.0	0.0
1.0	0.0	0.0	0.0
1.25	0.8888888888888888	0.0	0.0
0.75	0.0	0.0	0.0
1.25	1.6	0.0	0.0
1.75	1.2	0.0	0.0
0.0	0.0	0.0	0.0
0.5	0.0	0.0	0.0
1.25	0.0	0.0	0.0
1.0	0.0	0.0	0.0
1.0	0.0	0.0	0.0
1.0	0.0	0.0	0.0
0.75	1.0	0.0	0.0
0.5	0.0	0.0	0.0
1.75	1.0	0.0	0.0
1.75	0.75	0.0	0.0
1.0	0.0	0.0	0.0
0.75	0.0	0.0	0.0
0.5	0.0	0.0	0.0
2.0	2.0	0.0	0.0
0.25	0.0	0.0	0.0
2.75	0.0	0.0	0.0
1.5	0.5	0.0	0.0
2.0	0.6	0.0	0.0
1.25	1.3333333333333333	0.0	0.0
1.25	0.0	0.0	0.0
1.5	0.0	0.0	0.0
2.5	0.0	0.0	0.0
1.0	0.0	0.0	0.0
1.25	0.0	0.0	0.0
1.0	0.0	0.0	0.0
2.75	1.0	0.0	0.0
2.0	1.8181818181818181	0.0	0.0
1.0	0.0	0.0	0.0
0.5	0.5	0.0	0.0
0.0	0.0	0.0	0.0
0.5	1.5	1.0	0.0
0.75	0.0	0.0	0.0
0.5	0.0	0.0	0.0
0.5	0.0	0.0	0.0
1.25	2.0	0.0	0.0
0.5	0.0	0.0	0.0
3.0	1.1666666666666667	0.0	0.0
2.0	0.0	0.0	0.0
0.75	0.0	0.0	0.0
1.75	0.0	0.0	0.0
0.5	0.6	0.0	0.0
0.25	0.0	0.0	0.0
1.25	0.0	0.0	0.0
2.5	0.16666666666666666	0.0	0.0
1.25	0.0	0.0	0.0
1.75	1.3846153846153846	0.0	0.0
1.5	0.0	0.0	0.0
0.75	1.3333333333333333	0.0	0.0
1.25	0.0	0.0	0.0
1.0	0.0	0.0	0.0
1.0	0.0	0.0	0.0
0.25	0.0	0.0	0.0
0.5	0.0	0.0	0.0
1.75	0.0	0.0	0.0
0.5	0.0	0.0	0.0
1.25	0.0	0.0	0.0
1.75	1.0	0.0	0.0
1.25	1.0	0.3333333333333333	0.0
0.5	0.0	0.0	0.0
0.75	0.0	0.0	0.0
1.0	0.0	0.0	0.0
1.25	1.5	0.0	0.0
1.0	0.0	0.0	0.0
2.5	1.0	0.0	0.0
0.25	0.0	0.0	0.0
0.75	0.0	0.0	0.0
1.75	1.25	0.0	0.0
2.0	0.5	0.0	0.0
0.25	0.0	0.0	0.0
2.0	0.0	0.0	0.0
1.5	0.4	0.0	0.0
0.75	0.7142857142857143	0.0	0.0
0.25	1.0	0.0	0.0
1.0	1.0	0.0	0.0
1.25	0.8333333333333334	0.0	0.0
0.75	0.0	0.0	0.0
1.5	2.0	0.0	0.0
1.0	0.2	0.0	0.0
1.5	0.0	0.0	0.0
1.25	0.0	0.0	0.0
2.75	0.0	0.0	0.0
1.0	0.0	0.0	0.0
1.75	0.0	0.0	0.0
0.75	0.0	0.0	0.0
0.25	0.0	0.0	0.0
1.0	0.0	0.0	0.0
1.5	0.8	0.0	0.0
0.5	0.0	1.5	0.0
1.5	0.0	0.0	0.0
1.5	0.0	2.5	0.0
1.5	0.5	0.0	0.0
1.25	0.0	0.0	0.0
1.5	3.5	0.0	0.0
0.75	0.0	0.0	0.0
0.25	0.0	0.0	0.0
0.5	0.0	0.0	0.0
1.0	0.0	0.0	0.0
0.25	0.0	0.0	0.0
1.25	0.0	0.0	0.0
0.5	0.0	0.0	0.0
1.5	1.0	0.0	0.0
0.75	1.5	0.0	0.0
1.0	0.0	0.0	0.0
1.25	0.0	0.0	0.0
1.75	0.0	0.0	0.0
0.75	0.0	0.0	0.0
1.25	0.25	0.0	0.0
1.0	0.0	0.0	0.0
2.0	0.9166666666666666	0.0	0.0
1.0	0.0	0.0	0.0
2.0	1.3333333333333333	0.0	0.0
1.5	1.5	0.0	0.0
1.25	0.0	0.0	0.0
2.0	1.0	0.0	0.0
2.75	0.0	0.0	0.0
1.0	2.5	1.0	0.0
2.25	0.6666666666666666	0.0	0.0
1.75	0.0	0.0	0.0
2.0	0.0	0.0	0.0
0.75	0.0	0.0	0.0
0.5	0.0	0.0	0.0
0.75	0.0	0.0	0.0
1.5	0.0	0.0	0.0
1.5	0.7142857142857143	0.0	0.0
2.25	0.2	0.0	0.0
1.0	0.3333333333333333	0.0	0.0
1.25	0.0	0.0	0.0
0.25	3.0	0.0	0.0
0.75	0.0	0.0	0.0
1.5	0.75	2.0	0.0
1.75	1.0	0.0	0.0
0.75	0.0	0.0	0.0
1.25	0.3333333333333333	0.0	0.0
0.75	0.0	0.0	0.0
1.5	2.0	0.0	0.0
1.0	0.0	0.0	0.0
1.0	0.0	0.0	0.0
1.75	0.3333333333333333	0.0	0.0
2.75	1.0	0.0	0.0
0.25	0.0	0.0	0.0
2.0	0.0	0.0	0.0
1.25	2.0	0.0	0.0
2.0	0.25	0.0	0.0
1.25	0.0	0.0	0.0
1.5	0.0	0.0	0.0
0.5	1.0	0.0	0.0
1.0	0.0	0.0	0.0
1.5	0.0	0.0	0.0
0.75	0.7142857142857143	0.0	0.0
1.25	0.5	0.0	0.0
0.5	0.0	0.0	0.0
2.0	1.0	0.0	0.0
0.5	0.0	0.0	0.0
0.25	1.0	0.0	0.0
1.5	0.75	2.0	0.0
1.25	0.0	0.0	0.0
2.5	1.0	0.0	0.0
0.5	0.0	0.0	0.0
0.5	0.0	0.0	0.0
0.25	0.0	0.0	0.0
1.5	1.0	0.0	0.0
2.75	0.3333333333333333	0.0	0.0
1.0	1.4285714285714286	0.0	0.0
1.25	4.0	0.0	0.0
1.0	0.0	0.0	0.0
2.25	0.0	0.0	0.0
1.25	2.0	1.0	0.0
1.0	0.0	0.0	0.0
0.75	0.0	0.0	0.0
1.25	1.6	0.0	0.0
2.0	0.0	0.0	0.0
1.25	0.0	0.0	0.0
1.75	2.0	0.0	0.0
0.0	0.0	0.0	0.0
1.25	0.8	2.0	0.0
1.0	0.0	0.0	0.0
1.25	0.0	0.0	0.0
1.5	0.0	0.0	0.0
1.5	0.0	0.0	0.0
0.5	0.0	0.0	0.0
0.75	0.0	0.0	0.0
2.5	1.0	0.0	0.0
0.75	0.0	0.0	0.0
0.75	0.0	0.0	0.0
1.5	0.3333333333333333	1.0	0.0
1.0	0.0	0.0	0.0
1.25	0.0	0.0	0.0
1.25	0.0	0.0	0.0
1.25	0.0	0.0	0.0
0.25	0.0	0.0	0.0
0.25	0.0	0.0	0.0
0.75	0.0	0.0	0.0
0.75	0.0	0.0	0.0
0.75	0.0	0.0	0.0
0.75	0.0	0.0	0.0
0.25	1.0	0.0	0.0
0.5	0.0	0.0	0.0
1.5	0.0	0.0	0.0
2.25	0.0	0.0	0.0
0.5	0.0	0.0	0.0
1.75	0.0	0.0	0.0
1.0	0.0	0.0	0.0
0.5	0.0	0.0	0.0
0.75	0.7777777777777778	0.0	0.0
2.25	0.0	0.0	0.0
0.25	0.0	0.0	0.0
1.25	1.6	0.0	0.0
2.25	0.8333333333333334	0.0	0.0
1.25	0.0	0.0	0.0
0.75	1.0	0.0	0.0
0.75	0.0	0.0	0.0
1.0	0.0	0.0	0.0
0.25	0.0	0.0	0.0
2.25	1.25	0.0	0.0
1.75	0.0	0.0	0.0
1.25	0.0	0.0	0.0
1.5	2.0	0.0	0.0
0.25	0.0	0.0	0.0
1.5	0.0	0.0	0.0
1.75	0.3333333333333333	0.0	0.0
2.0	0.0	2.0	0.0
0.75	0.0	0.0	0.0
1.0	2.0	0.0	0.0
1.5	0.0	0.0	0.0
1.5	0.0	0.0	0.0
1.0	0.0	0.0	0.0
0.75	0.0	0.0	0.0
1.25	0.0	0.0	0.0
2.0	0.0	0.0	0.0
2.5	0.0	0.0	0.0
0.75	1.1666666666666667	0.0	0.0
1.25	1.2	0.0	0.0
0.75	0.0	0.0	0.0
0.5	0.0	0.0	0.0
1.75	0.0	0.0	0.0
1.5	0.3333333333333333	1.0	0.0
1.0	0.2	0.0	0.0
1.0	1.3333333333333333	0.0	0.0
1.0	0.0	0.0	0.0
0.75	0.0	0.0	0.0
0.25	0.0	0.0	0.0
1.0	1.0	2.0	0.0
1.25	0.0	0.0	0.0
1.25	0.0	0.0	0.0
2.0	0.0	0.0	0.0
0.5	0.0	0.0	0.0
1.0	0.0	0.0	0.0
0.0	0.0	0.0	0.0
1.0	0.0	0.0	0.0
1.25	0.0	0.0	0.0
0.5	0.0	0.0	0.0
1.75	0.0	0.0	0.0
1.25	0.0	0.0	0.0
1.5	0.0	0.0	0.0
2.25	0.0	0.0	0.0
0.25	0.0	0.0	0.0
0.5	2.0	1.0	0.0
1.0	0.0	0.0	0.0
0.5	2.0	0.0	0.0
0.75	1.0	0.0	0.0
1.5	0.0	0.0	0.0
1.25	0.0	0.0	0.0
1.25	1.0	0.0	0.0
1.0	0.0	0.0	0.0
1.75	0.0	0.0	0.0
0.5	0.0	0.0	0.0
2.25	0.0	0.0	0.0
1.0	0.0	0.0	0.0
2.75	0.3	0.0	0.0
2.0	0.0	0.0	0.0
1.25	0.5	0.0	0.0
0.5	0.0	0.0	0.0
1.75	0.0	0.0	0.0
0.5	1.5	0.0	0.0
0.75	7.0	0.0	0.0
1.25	1.875	0.0	0.0
1.0	0.0	0.0	0.0
1.5	2.1666666666666665	0.0	0.0
1.0	0.0	0.0	0.0
0.5	0.0	0.0	0.0
1.25	0.7777777777777778	0.0	0.0
1.5	0.0	0.0	0.0
1.25	1.25	0.0	0.0
1.5	0.0	0.0	0.0
0.5	0.0	0.0	0.0
1.25	0.0	0.0	0.0
0.5	0.0	0.0	0.0
2.25	0.0	0.0	0.0
0.5	1.0	0.0	0.0
0.5	0.0	0.0	0.0
1.5	2.0	0.5	0.0
0.5	0.0	0.0	0.0
2.0	0.6666666666666666	0.0	0.0
1.0	0.0	0.0	0.0
0.75	2.0	0.16666666666666666	0.0
0.5	0.0	0.0	0.0
0.75	0.0	0.0	0.0
0.75	3.0	0.0	0.0
0.75	0.0	0.0	0.0
1.0	1.3333333333333333	0.0	0.0
1.0	0.0	0.0	0.0
2.5	0.3333333333333333	0.0	0.0
0.75	0.0	0.0	0.0
0.75	1.0	0.0	0.0
1.0	0.0	0.0	0.0
0.25	0.0	0.0	0.0
0.5	1.3529411764705883	0.0	0.0
1.5	2.0	0.0	0.0
0.75	0.3333333333333333	0.0	0.0
2.0	0.0	0.0	0.0
1.25	1.5	0.0	0.0
1.25	0.0	0.0	0.0
1.5	2.5	0.0	0.0
2.25	4.0	0.0	0.0
0.75	0.0	0.0	0.0
0.5	0.0	0.0	0.0
0.75	2.0	0.0	0.0
2.75	0.0	0.0	0.0
0.75	0.0	0.0	0.0
1.75	0.0	0.0	0.0
1.25	0.0	2.0	0.0
1.0	0.0	0.0	0.0
1.5	0.16666666666666666	0.0	0.0
1.0	0.0	0.0	0.0
1.0	0.0	0.0	0.0
1.25	0.0	0.0	0.0
1.5	0.0	0.0	0.0
2.0	0.0	0.0	0.0
1.25	0.0	0.0	0.0
0.5	0.0	0.0	0.0
1.5	0.6666666666666666	0.0	0.0
0.5	0.16666666666666666	0.0	0.0
1.0	0.0	0.0	0.0
1.0	0.0	0.0	0.0
1.0	0.0	0.0	0.0
1.25	0.0	0.0	0.0
1.5	0.0	0.0	0.0
1.0	1.6666666666666667	0.8333333333333334	0.0
1.25	0.0	0.0	0.0
0.5	0.0	0.0	0.0
0.75	3.5	0.0	0.0
0.75	1.6666666666666667	4.0	0.0
1.5	3.0	0.0	0.0
2.25	0.0	0.0	0.0
1.25	0.9090909090909091	0.0	0.0
0.75	1.5	0.0	0.0
0.5	0.0	0.0	0.0
0.75	0.0	0.0	0.0
0.75	0.0	0.0	0.0
1.75	0.3333333333333333	0.0	0.0
1.5	0.0	0.0	0.0
1.75	1.0	3.0	0.0
0.5	0.0	0.0	0.0
1.25	0.0	0.0	0.0
0.75	0.0	0.0	0.0
0.25	0.0	0.0	0.0
2.5	0.0	0.0	0.0
1.0	0.0	0.0	0.0
1.75	1.2222222222222223	0.0	0.0
1.75	0.25	0.0	0.0
2.25	1.75	0.0	0.0
1.75	0.6666666666666666	0.0	0.0
1.5	0.0	0.0	0.0
0.5	0.0	0.0	0.0
1.75	0.0	0.0	0.0
0.25	0.0	0.0	0.0
2.0	0.0	0.0	0.0
0.75	0.0	0.0	0.0
1.75	0.0	0.0	0.0
2.0	0.0	0.0	0.0
0.25	2.0	0.0	0.0
1.5	0.0	1.0	0.0
2.0	0.0	0.0	0.0
1.0	0.0	0.0	0.0
0.5	0.0	0.0	0.0
0.5	0.0	0.0	0.0
1.0	0.0	0.0	0.0
1.5	0.0	0.0	0.0
3.0	0.0	0.0	0.0
1.5	2.0	0.0	0.0
0.75	1.25	0.0	0.0
0.75	0.0	0.0	0.0
0.75	0.0	0.0	0.0
1.0	0.0	0.0	0.0
0.5	0.0	0.0	0.0
0.0	0.0	0.0	0.0
1.0	0.0	0.0	0.0
1.25	0.0	0.0	0.0
0.75	0.0	0.0	0.0
1.75	0.0	0.0	0.0
1.75	0.0	0.0	0.0
1.25	1.0	0.0	0.0
1.75	0.0	0.0	0.0
1.5	0.6666666666666666	0.0	0.0
0.5	2.5	0.0	0.0
0.5	0.0	0.0	0.0
0.75	0.0	0.0	0.0
1.5	0.0	0.0	0.0
1.75	0.0	0.0	0.0
1.5	0.0	0.0	0.0
0.5	0.0	0.0	0.0
1.0	0.0	0.0	0.0
2.5	0.8333333333333334	0.0	0.0
1.25	0.0	0.0	0.0
1.0	0.0	0.0	0.0
1.0	0.0	0.0	0.0
1.75	0.0	0.0	0.0
1.0	1.0	0.0	0.0
1.0	0.3333333333333333	0.0	0.0
0.75	0.0	0.0	0.0
1.0	0.0	0.0	0.0
1.25	0.0	0.0	0.0
1.0	0.5	0.0	0.0
2.5	0.0	0.0	0.0
0.25	0.0	0.0	0.0
0.75	0.0	0.0	0.0
1.5	1.5	0.0	0.0
1.5	0.4	0.0	0.0
1.25	0.0	0.0	0.0
1.25	0.75	0.0	0.0
1.25	0.0	0.0	0.0
0.0	0.0	0.0	0.0
2.75	0.0	0.0	0.0
0.75	0.0	0.0	0.0
0.75	0.0	0.0	0.0
1.0	0.0	0.0	0.0
0.75	0.0	0.0	0.0
1.0	1.0	0.0	0.0
0.25	0.0	0.0	0.0
1.0	0.0	0.0	0.0
1.0	0.0	0.0	0.0
1.0	0.0	0.0	0.0
0.5	0.0	0.0	0.0
0.5	0.0	0.0	0.0
1.25	0.0	0.0	0.0
1.5	0.75	0.0	0.0
1.0	0.0	0.0	0.0
1.0	0.0	0.0	0.0
1.5	1.0	0.0	0.0
1.0	0.5	0.0	0.0
2.5	0.8	4.0	0.0
0.75	0.0	0.0	0.0
1.25	0.0	0.0	0.0
0.75	0.0	0.0	0.0
0.25	0.0	0.0	0.0
1.0	1.0	0.0	0.0
0.25	0.0	0.0	0.0
1.0	0.0	0.0	0.0
0.5	0.0	0.0	0.0
0.25	0.0	0.0	0.0
1.5	0.0	0.0	0.0
2.0	0.0	0.0	0.0
0.5	0.0	0.0	0.0
2.75	1.3333333333333333	0.0	0.0
1.25	0.0	0.0	0.0
1.0	0.0	0.0	0.0
1.75	0.0	0.0	0.0
1.0	0.0	0.0	0.0
3.0	0.0	0.0	0.0
1.0	0.0	0.0	0.0
0.5	0.0	0.0	0.0
1.0	0.0	0.0	0.0
0.5	3.0	0.0	0.0
0.75	0.0	0.0	0.0
1.0	0.0	0.0	0.0
1.5	1.5	0.0	0.0
1.75	3.0	0.0	0.0
1.25	0.6	0.0	0.0
1.0	1.3333333333333333	0.0	0.0
2.5	0.0	0.0	0.0
1.5	1.5	0.0	0.0
1.25	0.0	0.0	0.0
1.75	1.0	0.0	0.0
3.5	0.0	0.0	0.0
1.75	0.0	0.0	0.0
1.5	1.0	1.0	0.0
1.5	1.0	0.0	0.0
1.0	0.0	0.0	0.0
0.75	0.0	0.0	0.0
0.25	0.0	0.0	0.0
0.5	0.0	0.0	0.0
1.75	0.0	0.0	0.0
1.75	0.0	0.0	0.0
0.5	0.0	0.0	0.0
1.75	0.0	0.0	0.0
0.75	0.0	0.0	0.0
1.25	0.0	0.0	0.0
2.5	0.0	0.0	0.0
0.5	2.0	0.0	0.0
2.0	0.5	0.0	0.0
0.0	0.0	0.0	0.0
1.75	0.0	0.0	0.0
2.0	0.0	0.0	0.0
1.0	0.0	0.6666666666666666	0.0
0.75	0.0	0.0	0.0
1.25	1.5	0.0	0.0
1.5	0.4	1.0	0.0
1.25	0.0	0.0	0.0
1.5	0.0	0.0	0.0
2.25	0.7777777777777778	1.0	0.0
1.0	0.0	0.0	0.0
0.5	0.0	0.0	0.0
0.5	1.0	0.0	0.0
1.0	0.0	0.0	0.0
0.75	0.0	0.8	0.0
1.5	0.0	0.0	0.0
1.5	0.25	0.0	0.0
3.25	1.3333333333333333	0.0	0.0
1.0	1.0	3.0	0.0
0.75	0.0	0.0	0.0
0.75	0.0	0.0	0.0
0.25	0.0	0.0	0.0
0.75	0.0	0.0	0.0
1.75	0.875	1.3333333333333333	0.0
0.0	0.0	0.0	0.0
0.5	0.0	0.0	0.0
0.75	0.0	0.0	0.0
2.25	0.0	0.0	0.0
0.75	0.0	0.0	0.0
1.5	0.0	0.0	0.0
1.25	0.0	0.0	0.0
1.5	0.0	0.0	0.0
1.75	0.0	0.0	0.0
1.25	0.0	0.0	0.0
2.5	0.0	0.0	0.0
1.0	0.0	0.0	0.0
1.5	0.0	0.0	0.0
1.25	2.5	0.0	0.0
0.75	0.0	0.0	0.0
2.0	0.0	0.0	0.0
1.5	0.0	0.0	0.0
1.25	0.0	0.0	0.0
0.75	1.0	0.0	0.0
2.5	1.3333333333333333	0.0	0.0
2.0	0.0	0.0	0.0
1.5	0.5	1.0	0.0
1.5	0.0	0.0	0.0
0.75	0.0	0.0	0.0
1.5	0.0	0.0	0.0
1.5	0.2	0.0	0.0
1.25	1.5	0.0	0.0
0.75	0.0	0.0	0.0
1.25	0.0	0.0	0.0
1.5	0.0	0.0	0.0
1.0	0.0	0.0	0.0
0.5	0.0	0.0	0.0
1.75	0.0	0.0	0.0
1.0	0.0	0.0	0.0
1.25	0.0	0.0	0.0
2.0	0.0	0.0	0.0
0.25	0.0	0.0	0.0
1.25	0.0	0.0	0.0
0.75	0.0	0.0	0.0
1.25	0.0	0.0	0.0
1.5	0.0	0.0	0.0
1.75	0.0	0.0	0.0
1.0	1.75	0.0	0.0
1.5	0.875	0.0	0.0
0.75	0.6	0.0	0.0
0.5	0.0	0.0	0.0
1.5	1.0	0.0	0.0
1.75	1.0	0.0	0.0
1.75	0.0	0.0	0.0
1.0	2.0	0.0	0.0
0.75	0.75	0.0	0.0
1.0	0.0	0.0	0.0
0.75	0.5	0.0	0.0
0.75	0.0	0.0	0.0
0.5	0.0	0.0	0.0
2.25	0.0	0.0	0.0
1.0	0.0	0.0	0.0
1.25	0.0	0.0	0.0
0.75	0.0	0.0	0.0
1.0	1.0	0.0	0.0
1.75	0.5	0.0	0.0
1.0	0.0	0.0	0.0
1.25	0.0	0.0	0.0
1.0	0.9	3.0	0.0
1.25	0.5	0.0	0.0
2.25	1.0	1.0	0.0
1.25	0.0	0.0	0.0
0.75	0.0	0.0	0.0
0.5	1.5	0.0	0.0
2.0	0.0	0.0	0.0
1.25	0.0	0.0	0.0
0.75	0.0	0.0	0.0
2.75	1.3333333333333333	0.0	0.0
0.5	0.0	0.0	0.0
0.5	0.0	0.0	0.0
1.0	0.0	0.0	0.0
2.0	0.0	0.0	0.0
1.25	0.0	0.0	0.0
0.5	0.0	0.0	0.0
0.5	0.0	0.0	0.0
1.0	0.0	0.0	0.0
0.75	0.0	0.0	0.0
1.75	0.0	0.0	0.0
3.0	1.0	0.0	0.0
1.0	1.0	0.0	0.0
0.75	0.0	0.0	0.0
1.75	0.0	0.0	0.0
2.5	1.0	0.0	0.0
0.75	0.0	0.0	0.0
1.0	1.0	0.0	0.0
0.75	0.0	0.0	0.0
1.25	0.0	0.0	0.0
1.0	0.0	0.0	0.0
1.25	0.0	0.0	0.0
2.25	0.0	0.0	0.0
1.0	0.0	0.0	0.0
1.5	0.0	0.0	0.0
1.5	0.0	0.0	0.0
0.75	0.0	0.0	0.0
1.0	0.5	0.0	0.0
1.25	0.0	0.0	0.0
0.75	1.5	0.0	0.0
1.5	0.0	0.0	0.0
2.25	0.0	0.0	0.0
1.0	0.0	2.0	0.0
0.75	0.0	0.0	0.0
0.25	2.0	0.0	0.0
0.75	0.0	0.0	0.0
1.75	1.3333333333333333	0.0	0.0
1.25	0.0	0.0	0.0
1.75	0.25	0.0	0.0
1.25	0.0	0.0	0.0
1.0	0.0	0.0	0.0
1.5	0.0	0.0	0.0
0.75	0.0	0.0	0.0
0.5	0.0	0.0	0.0
1.25	0.0	0.0	0.0
0.75	0.0	0.0	0.0
0.75	0.6666666666666666	0.0	0.0
0.5	0.0	0.0	0.0
1.5	0.0	0.0	0.0
0.5	0.0	0.0	0.0
2.25	0.0	0.0	0.0
0.5	0.0	0.0	0.0
0.75	1.0	0.0	0.0
1.75	0.0	0.0	0.0
1.0	0.0	0.0	0.0
1.75	0.6666666666666666	0.0	0.0
0.75	0.0	0.0	0.0
2.0	2.0	0.0	0.0
1.25	1.8	0.0	0.0
0.75	0.0	0.0	0.0
2.0	0.0	0.0	0.0
0.75	0.0	0.0	0.0
0.5	0.0	0.0	0.0
0.5	0.0	0.0	0.0
1.5	1.5	0.0	0.0
0.5	0.0	0.0	0.0
1.0	0.0	0.0	0.0
1.25	0.5	0.0	0.0
1.5	1.0	0.0	0.0
0.75	0.0	0.0	0.0
0.75	0.0	0.0	0.0
0.5	0.0	0.0	0.0
1.0	0.3333333333333333	0.0	0.0
1.0	0.0	0.0	0.0
0.25	0.0	0.0	0.0
0.5	0.0	0.0	0.0
1.0	1.0	0.0	0.0
1.75	1.5	0.0	0.0
1.75	0.0	0.0	0.0
1.5	0.0	0.0	0.0
0.5	0.0	0.0	0.0
2.0	0.0	0.0	0.0
0.75	0.0	0.0	0.0
1.0	0.0	0.0	0.0
2.25	2.0	0.0	0.0
0.75	0.0	0.0	0.0
1.25	0.5	0.0	0.0
2.25	0.0	0.0	0.0
1.25	0.5	0.0	0.0
0.75	0.0	0.0	0.0
1.0	0.5454545454545454	0.0	0.0
0.25	0.0	0.0	0.0
0.5	1.8333333333333333	0.0	0.0
1.75	1.25	0.0	0.0
1.0	0.0	0.0	0.0
1.5	2.1666666666666665	0.0	0.0
1.0	0.0	0.0	0.0
1.5	0.5	0.0	0.0
0.25	0.0	0.0	0.0
0.25	0.0	0.0	0.0
0.75	1.25	0.0	0.0
0.5	1.3636363636363635	0.0	0.0
0.5	0.0	0.0	0.0
0.0	0.0	0.0	0.0
2.25	1.0	0.0	0.0
1.75	0.8	0.0	0.0
0.0	0.0	0.0	0.0
1.5	0.0	0.0	0.0
1.25	0.5	0.0	0.0
0.75	0.0	0.0	0.0
0.5	0.0	0.0	0.0
0.75	0.0	0.0	0.0
1.75	0.6666666666666666	0.0	0.0
1.75	0.0	0.0	0.0
1.0	0.0	0.0	0.0
1.75	0.0	0.0	0.0
1.0	0.0	0.0	0.0
2.5	0.0	0.0	0.0
1.5	1.0	0.0	0.0
1.25	0.0	0.0	0.0
1.0	0.0	0.0	0.0
2.25	1.5	0.0	0.0
1.75	0.0	0.0	0.0
0.25	0.0	0.0	0.0
1.75	1.0	0.0	0.0
0.75	0.0	0.0	0.0
0.75	0.0	0.0	0.0
1.0	0.0	0.0	0.0
0.75	0.0	0.0	0.0
1.25	1.0	0.0	0.0
1.5	0.0	0.0	0.0
1.5	0.3333333333333333	0.0	0.0
0.75	0.0	0.0	0.0
2.25	1.5714285714285714	0.0	0.0
1.25	1.0	0.5	0.0
0.75	0.0	0.0	0.0
1.5	0.6666666666666666	0.0	0.0
1.75	2.0	0.0	0.0
2.5	0.0	0.0	0.0
1.0	0.0	0.0	0.0
0.75	0.0	0.0	0.0
1.0	0.0	0.0	0.0
0.75	0.0	0.0	0.0
0.75	0.0	0.0	0.0
0.5	0.0	0.0	0.0
1.75	0.3333333333333333	0.5	0.0
1.25	0.0	0.0	0.0
1.0	1.0	0.0	0.0
1.0	1.4285714285714286	0.0	0.0
2.0	0.0	0.0	0.0
0.75	0.0	0.0	0.0
2.25	1.0	0.0	0.0
2.5	1.1428571428571428	0.0	0.0
1.25	0.0	0.0	0.0
1.25	0.0	0.0	0.0
2.0	0.0	0.0	0.0
1.0	0.8333333333333334	0.0	0.0
1.0	0.0	0.0	0.0
1.25	0.0	0.0	0.0
1.75	1.6666666666666667	0.0	0.0
1.5	0.0	0.0	0.0
1.25	0.6363636363636364	0.0	0.0
1.5	0.0	0.0	0.0
1.5	0.0	0.0	0.0
1.25	0.0	0.0	0.0
1.0	0.0	0.0	0.0
1.75	0.0	0.0	0.0
0.75	0.0	0.0	0.0
1.75	0.0	0.0	0.0
1.75	0.0	0.0	0.0
1.25	0.0	0.0	0.0
1.0	0.0	0.0	0.0
1.25	0.0	0.0	0.0
1.0	0.0	0.0	0.0
1.75	2.0	0.0	0.0
0.5	0.0	0.0	0.0
1.25	0.5	0.0	0.0
1.75	0.0	0.0	0.0
0.75	1.0	0.0	0.0
0.75	0.0	0.0	0.0
1.75	0.0	0.0	0.0
0.75	1.5	0.0	0.0
1.0	0.0	0.0	0.0
0.5	0.0	0.0	0.0
0.5	0.0	0.0	0.0
2.0	1.0	0.0	0.0
1.0	0.0	0.0	0.0
1.25	0.3333333333333333	0.0	0.0
0.5	0.0	0.0	0.0
2.25	1.1666666666666667	0.0	0.0
0.5	0.0	0.0	0.0
0.25	0.0	0.0	0.0
1.25	0.0	0.0	0.0
2.0	0.0	0.0	0.0
0.5	0.0	0.0	0.0
1.0	0.0	0.0	0.0
0.0	0.0	0.0	0.0
1.0	0.0	0.0	0.0
0.75	0.0	0.0	0.0
1.75	0.0	0.0	0.0
1.25	0.0	0.0	0.0
1.75	0.0	0.0	0.0
2.0	1.0	0.0	0.0
1.0	2.0	0.0	0.0
1.25	0.0	0.0	0.0
0.5	0.0	0.0	0.0
2.0	0.0	1.8333333333333333	0.0
0.75	1.0	0.0	0.0
1.5	0.0	0.0	0.0
1.75	0.0	0.0	0.0
1.25	0.0	0.0	0.0
1.75	1.0	0.0	0.0
1.25	0.0	0.0	0.0
1.25	0.0	0.0	0.0
0.25	0.0	0.0	0.0
1.0	1.0	0.0	0.0
1.0	0.0	0.0	0.0
1.0	0.0	0.0	0.0
1.25	0.0	0.0	0.0
0.5	0.0	0.0	0.0
1.0	0.0	0.0	0.0
1.5	0.0	0.0	0.0
0.75	0.0	0.0	0.0
1.25	0.0	0.0	0.0
1.0	0.0	0.0	0.0
0.75	0.0	0.0	0.0
2.25	0.625	0.0	0.0
0.25	0.0	0.0	0.0
1.5	0.0	0.0	0.0
0.5	0.5	0.0	0.0
0.5	0.0	0.0	0.0
0.5	0.0	0.0	0.0
1.5	0.0	0.0	0.0
1.25	0.7142857142857143	0.0	0.0
1.5	0.0	0.0	0.0
1.0	0.0	0.0	0.0
0.75	0.0	0.0	0.0
0.75	0.0	0.0	0.0
1.5	0.8	0.0	0.0
0.25	0.0	0.0	0.0
1.25	1.0	0.0	0.0
1.5	0.0	0.0	0.0
1.75	0.0	0.0	0.0
1.5	0.7272727272727273	0.0	0.0
0.25	0.0	0.0	0.0
2.0	0.6666666666666666	0.0	0.0
1.5	0.0	0.0	0.0
3.25	0.0	0.0	0.0
1.5	0.0	0.0	0.0
1.75	0.4	0.0	0.0
0.25	0.0	0.0	0.0
2.0	0.0	0.0	0.0
0.5	0.0	0.0	0.0
1.0	1.0	4.0	0.0
1.75	0.0	0.0	0.0
1.0	1.75	0.0	0.0
1.5	0.0	0.0	0.0
1.75	2.6666666666666665	0.0	0.0
0.75	1.3333333333333333	0.0	0.0
2.0	0.0	0.0	0.0
1.25	1.3333333333333333	0.0	0.0
1.0	1.0	0.0	0.0
1.0	0.0	0.0	0.0
1.0	0.0	0.0	0.0
1.25	0.5714285714285714	0.0	0.0
1.5	0.0	0.0	0.0
2.25	2.0	0.0	0.0
1.75	0.75	0.0	0.0
0.25	0.0	0.0	0.0
2.0	0.0	0.0	0.0
1.75	1.6666666666666667	0.0	0.0
0.5	0.0	0.0	0.0
0.25	0.0	0.0	0.0
0.5	0.0	0.0	0.0
1.5	0.0	0.0	0.0
1.25	0.0	0.0	0.0
0.5	3.0	0.5	0.0
1.75	1.0	0.0	0.0
2.0	0.0	1.0	0.0
1.25	0.0	0.0	0.0
1.25	0.0	0.0	0.0
2.0	0.7142857142857143	0.0	0.0
1.25	0.0	0.0	0.0
1.5	0.7777777777777778	0.0	0.0
1.0	0.0	0.0	0.0
0.75	0.0	0.0	0.0
1.25	1.3333333333333333	0.0	0.0
2.25	0.0	0.0	0.0
0.75	0.0	0.6666666666666666	0.0
2.25	1.0	0.0	0.0
1.5	0.0	0.0	0.0
0.75	0.0	0.0	0.0
0.75	3.0	0.0	0.0
1.25	0.0	0.0	0.0
0.75	0.0	0.0	0.0
1.5	0.0	0.0	0.0
1.25	0.7	0.5	0.0
0.25	0.0	0.0	0.0
1.0	1.5	0.0	0.0
1.25	1.2	0.0	0.0
0.25	0.0	0.0	0.0
1.75	0.0	0.0	0.0
1.75	0.0	0.0	0.0
2.0	2.0	2.0	0.0
0.75	1.5	0.0	0.0
0.25	0.0	1.0	0.0
1.0	0.0	0.0	0.0
1.0	0.0	0.0	0.0
0.25	0.0	0.0	0.0
3.75	0.8333333333333334	0.0	0.0
2.0	1.375	3.0	0.0
0.5	0.0	0.0	0.0
1.0	0.0	0.0	0.0
1.25	0.0	0.0	0.0
1.75	1.6666666666666667	0.0	0.0
2.0	0.0	0.0	0.0
0.5	2.0	0.0	0.0
0.5	0.0	0.0	0.0
0.75	0.0	0.0	0.0
1.25	0.0	0.0	0.0
1.5	0.0	0.0	0.0
1.25	0.0	0.0	0.0
2.0	0.0	0.0	0.0
2.25	0.0	0.0	0.0
1.25	0.3333333333333333	0.0	0.0
1.0	0.0	0.0	0.0
2.0	0.0	0.0	0.0
0.5	1.0	1.0	0.0
1.75	1.0	0.0	0.0
1.5	2.0	0.0	0.0
1.5	0.0	0.0	0.0
0.25	0.0	0.0	0.0
0.5	0.375	0.0	0.0
0.5	0.0	0.0	0.0
1.75	0.0	0.0	0.0
2.0	0.0	0.0	0.0
1.25	0.0	0.0	0.0
2.0	0.0	0.0	0.0
0.75	0.0	0.0	0.0
1.25	1.0	0.0	0.0
0.75	0.0	0.0	0.0
1.5	2.0	0.0	0.0
1.5	0.6666666666666666	0.0	0.0
0.5	0.0	0.0	0.0
1.5	1.5	0.0	0.0
1.75	0.0	0.0	0.0
