340	164	132	3060	0	0	0	0
14	7	13	3013	0	0	0	0
116	52	41	3032	0	0	0	0
59	29	20	3025	0	0	0	0
18	8	10	3016	0	0	0	0
54	27	29	3022	0	0	0	0
10	1	8	3010	0	0	0	0
199	128	74	3048	0	0	0	0
9	10	4	3014	0	0	0	0
312	106	94	3075	0	0	0	0
143	72	54	3050	0	0	0	0
125	46	55	3046	0	0	0	0
59	25	31	3031	0	0	0	0
174	62	62	3039	0	0	0	0
229	121	72	3059	0	0	0	0
103	30	39	3020	0	0	0	0
4	1	1	3010	0	0	0	0
390	143	136	3073	0	0	0	0
74	26	40	3031	0	0	0	0
46	22	21	3019	0	0	0	0
94	48	44	3026	0	0	0	0
245	99	88	3073	0	0	0	0
397	204	186	3096	0	0	0	0
263	93	106	3074	0	0	0	0
287	147	108	3058	0	0	0	0
11	5	4	3013	0	0	0	0
4	0	0	3009	0	0	0	0
88	32	25	3027	0	0	0	0
351	141	120	3093	0	0	0	0
32	21	18	3018	0	0	0	0
24	4	5	3019	0	0	0	0
91	47	37	3033	0	0	0	0
393	193	165	3078	0	0	0	0
9	1	4	3014	0	0	0	0
346	137	144	3049	0	0	0	0
264	145	111	3074	0	0	0	0
94	35	40	3049	0	0	0	0
199	90	64	3042	0	0	0	0
65	28	14	3026	0	0	0	0
95	25	37	3023	0	0	0	0
33	6	10	3021	0	0	0	0
86	47	36	3043	0	0	0	0
241	122	77	3059	0	0	0	0
121	54	46	3030	0	0	0	0
30	10	22	3015	0	0	0	0
314	145	144	3070	0	0	0	0
512	198	184	3104	0	0	0	0
5	0	2	3010	0	0	0	0
121	103	60	3034	0	0	0	0
15	3	8	3009	0	0	0	0
158	77	50	3059	0	0	0	0
180	72	76	3046	0	0	0	0
13	13	7	3016	0	0	0	0
136	62	50	3034	0	0	0	0
91	24	27	3030	0	0	0	0
309	141	103	3087	0	0	0	0
159	67	56	3066	0	0	0	0
144	56	54	3030	0	0	0	0
268	125	128	3058	0	0	0	0
344	152	112	3084	0	0	0	0
24	10	13	3016	0	0	0	0
166	67	55	3038	0	0	0	0
140	54	49	3045	0	0	0	0
255	120	110	3071	0	0	0	0
237	82	91	3043	0	0	0	0
183	72	74	3050	0	0	0	0
3	3	2	3011	0	0	0	0
254	94	87	3051	0	0	0	0
41	34	13	3026	0	0	0	0
64	19	25	3016	0	0	0	0
101	56	26	3025	0	0	0	0
126	57	46	3040	0	0	0	0
1	0	1	3010	0	0	0	0
77	30	26	3032	0	0	0	0
8	10	3	3015	0	0	0	0
232	103	85	3047	0	0	0	0
26	2	5	3018	0	0	0	0
499	186	187	3114	0	0	0	0
446	181	160	3081	0	0	0	0
10	6	7	3017	0	0	0	0
331	160	142	3065	0	0	0	0
2	3	1	3010	0	0	0	0
4	1	3	3010	0	0	0	0
219	130	90	3060	0	0	0	0
327	95	126	3065	0	0	0	0
65	28	21	3021	0	0	0	0
37	8	15	3022	0	0	0	0
33	21	11	3019	0	0	0	0
277	123	88	3049	0	0	0	0
251	121	94	3071	0	0	0	0
247	133	106	3069	0	0	0	0
53	32	32	3020	0	0	0	0
51	24	10	3028	0	0	0	0
20	0	11	3018	0	0	0	0
17	7	9	3017	0	0	0	0
21	9	10	3013	0	0	0	0
31	9	13	3017	0	0	0	0
16	4	4	3015	0	0	0	0
243	95	106	3055	0	0	0	0
4	4	2	3009	0	0	0	0
221	98	101	3046	0	0	0	0
22	12	18	3014	0	0	0	0
175	64	66	3045	0	0	0	0
66	19	22	3032	0	0	0	0
181	79	64	3042	0	0	0	0
230	110	91	3059	0	0	0	0
217	101	96	3040	0	0	0	0
16	6	4	3010	0	0	0	0
11	2	5	3013	0	0	0	0
294	124	107	3065	0	0	0	0
196	65	77	3051	0	0	0	0
25	6	16	3019	0	0	0	0
171	53	64	3051	0	0	0	0
374	191	148	3085	0	0	0	0
86	38	26	3027	0	0	0	0
214	113	102	3051	0	0	0	0
14	6	4	3015	0	0	0	0
52	15	22	3021	0	0	0	0
111	53	59	3029	0	0	0	0
59	31	30	3019	0	0	0	0
270	100	106	3059	0	0	0	0
218	115	79	3052	0	0	0	0
30	14	11	3027	0	0	0	0
92	48	32	3035	0	0	0	0
214	85	97	3051	0	0	0	0
311	111	97	3064	0	0	0	0
40	17	17	3022	0	0	0	0
445	184	190	3095	0	0	0	0
218	108	91	3056	0	0	0	0
143	48	63	3042	0	0	0	0
12	2	5	3011	0	0	0	0
180	88	91	3066	0	0	0	0
200	108	78	3052	0	0	0	0
140	58	59	3036	0	0	0	0
69	40	25	3028	0	0	0	0
61	29	35	3023	0	0	0	0
354	153	125	3080	0	0	0	0
91	27	35	3031	0	0	0	0
117	48	47	3028	0	0	0	0
93	38	28	3036	0	0	0	0
183	75	81	3044	0	0	0	0
66	22	31	3021	0	0	0	0
172	74	96	3056	0	0	0	0
431	192	163	3080	0	0	0	0
209	118	70	3045	0	0	0	0
193	112	63	3062	0	0	0	0
328	144	115	3066	0	0	0	0
179	63	89	3037	0	0	0	0
22	7	5	3010	0	0	0	0
160	56	77	3046	0	0	0	0
255	111	95	3077	0	0	0	0
14	5	5	3009	0	0	0	0
265	106	96	3047	0	0	0	0
94	30	27	3015	0	0	0	0
162	65	60	3038	0	0	0	0
426	171	168	3087	0	0	0	0
279	149	130	3072	0	0	0	0
181	76	91	3035	0	0	0	0
88	19	28	3034	0	0	0	0
23	6	5	3017	0	0	0	0
35	9	16	3020	0	0	0	0
92	40	32	3021	0	0	0	0
233	125	107	3078	0	0	0	0
339	109	124	3082	0	0	0	0
114	85	55	3022	0	0	0	0
293	160	99	3071	0	0	0	0
9	1	2	3009	0	0	0	0
279	120	112	3062	0	0	0	0
5	2	2	3015	0	0	0	0
162	76	52	3050	0	0	0	0
68	12	16	3025	0	0	0	0
78	31	31	3031	0	0	0	0
247	82	87	3061	0	0	0	0
310	113	113	3076	0	0	0	0
7	3	3	3014	0	0	0	0
168	67	68	3042	0	0	0	0
52	15	20	3017	0	0	0	0
101	43	39	3020	0	0	0	0
138	61	61	3032	0	0	0	0
23	13	9	3018	0	0	0	0
102	41	31	3022	0	0	0	0
102	49	49	3031	0	0	0	0
310	133	135	3077	0	0	0	0
216	65	83	3054	0	0	0	0
44	12	14	3019	0	0	0	0
45	14	17	3015	0	0	0	0
210	84	74	3041	0	0	0	0
207	97	110	3039	0	0	0	0
209	98	83	3045	0	0	0	0
50	18	14	3017	0	0	0	0
144	75	64	3040	0	0	0	0
7	0	2	3010	0	0	0	0
399	156	149	3071	0	0	0	0
53	17	21	3036	0	0	0	0
91	48	47	3037	0	0	0	0
135	45	46	3020	0	0	0	0
16	4	4	3014	0	0	0	0
127	70	56	3061	0	0	0	0
94	40	39	3025	0	0	0	0
14	4	2	3010	0	0	0	0
169	80	71	3034	0	0	0	0
230	112	102	3043	0	0	0	0
27	5	11	3013	0	0	0	0
61	33	27	3023	0	0	0	0
106	39	44	3025	0	0	0	0
18	0	4	3017	0	0	0	0
56	17	12	3028	0	0	0	0
121	54	43	3039	0	0	0	0
15	1	8	3012	0	0	0	0
226	90	79	3058	0	0	0	0
208	104	97	3063	0	0	0	0
186	59	74	3046	0	0	0	0
16	7	8	3012	0	0	0	0
331	144	136	3088	0	0	0	0
20	12	5	3015	0	0	0	0
6	4	1	3010	0	0	0	0
170	67	61	3055	0	0	0	0
41	29	17	3019	0	0	0	0
251	132	83	3057	0	0	0	0
124	39	48	3026	0	0	0	0
67	26	25	3027	0	0	0	0
26	8	10	3014	0	0	0	0
39	24	25	3025	0	0	0	0
23	12	8	3014	0	0	0	0
30	9	18	3012	0	0	0	0
88	37	37	3024	0	0	0	0
79	39	20	3031	0	0	0	0
61	11	26	3021	0	0	0	0
343	146	143	3080	0	0	0	0
323	139	95	3056	0	0	0	0
213	93	77	3059	0	0	0	0
607	221	201	3106	0	0	0	0
246	124	118	3059	0	0	0	0
72	40	16	3024	0	0	0	0
169	54	62	3054	0	0	0	0
176	74	60	3042	0	0	0	0
314	139	112	3066	0	0	0	0
286	132	90	3069	0	0	0	0
43	24	23	3024	0	0	0	0
72	30	28	3019	0	0	0	0
210	111	88	3059	0	0	0	0
241	101	107	3069	0	0	0	0
265	112	99	3054	0	0	0	0
5	0	0	3012	0	0	0	0
168	53	70	3052	0	0	0	0
48	16	16	3022	0	0	0	0
67	32	12	3022	0	0	0	0
269	99	97	3047	0	0	0	0
494	206	171	3113	0	0	0	0
193	100	88	3039	0	0	0	0
8	3	9	3014	0	0	0	0
259	149	100	3063	0	0	0	0
3	1	3	3012	0	0	0	0
142	55	84	3042	0	0	0	0
89	40	49	3038	0	0	0	0
143	55	60	3040	0	0	0	0
117	41	44	3024	0	0	0	0
134	47	59	3030	0	0	0	0
94	36	43	3029	0	0	0	0
400	194	148	3106	0	0	0	0
23	9	2	3016	0	0	0	0
103	54	31	3027	0	0	0	0
25	12	15	3014	0	0	0	0
33	13	23	3013	0	0	0	0
19	7	4	3014	0	0	0	0
347	128	154	3074	0	0	0	0
45	9	15	3020	0	0	0	0
244	128	72	3080	0	0	0	0
72	39	36	3030	0	0	0	0
345	139	126	3050	0	0	0	0
94	49	43	3031	0	0	0	0
256	106	102	3060	0	0	0	0
144	63	55	3043	0	0	0	0
401	177	146	3102	0	0	0	0
8	9	7	3012	0	0	0	0
31	18	14	3018	0	0	0	0
203	82	74	3047	0	0	0	0
161	75	60	3050	0	0	0	0
310	156	104	3068	0	0	0	0
246	129	68	3076	0	0	0	0
17	5	1	3015	0	0	0	0
150	62	54	3030	0	0	0	0
202	109	91	3048	0	0	0	0
416	173	148	3065	0	0	0	0
12	2	4	3009	0	0	0	0
212	77	66	3060	0	0	0	0
17	5	5	3014	0	0	0	0
7	1	2	3009	0	0	0	0
34	11	14	3016	0	0	0	0
58	20	22	3023	0	0	0	0
24	6	16	3018	0	0	0	0
216	99	89	3056	0	0	0	0
16	9	9	3022	0	0	0	0
272	95	105	3059	0	0	0	0
66	20	22	3023	0	0	0	0
123	69	46	3038	0	0	0	0
23	9	7	3014	0	0	0	0
66	41	28	3034	0	0	0	0
122	52	36	3032	0	0	0	0
368	124	121	3059	0	0	0	0
215	108	113	3046	0	0	0	0
292	111	123	3051	0	0	0	0
8	2	8	3015	0	0	0	0
253	130	114	3055	0	0	0	0
110	69	47	3051	0	0	0	0
371	174	132	3071	0	0	0	0
7	6	3	3015	0	0	0	0
77	24	35	3021	0	0	0	0
112	52	52	3033	0	0	0	0
37	28	23	3020	0	0	0	0
12	5	11	3016	0	0	0	0
92	40	36	3031	0	0	0	0
74	31	23	3038	0	0	0	0
137	66	44	3048	0	0	0	0
197	76	76	3053	0	0	0	0
105	61	42	3041	0	0	0	0
283	120	100	3064	0	0	0	0
1	0	0	3012	0	0	0	0
70	37	37	3025	0	0	0	0
132	48	57	3036	0	0	0	0
30	12	13	3021	0	0	0	0
125	48	51	3038	0	0	0	0
352	135	144	3100	0	0	0	0
434	200	190	3089	0	0	0	0
143	69	53	3042	0	0	0	0
320	153	137	3074	0	0	0	0
19	7	7	3012	0	0	0	0
199	69	76	3037	0	0	0	0
36	12	20	3028	0	0	0	0
224	86	82	3051	0	0	0	0
253	135	105	3065	0	0	0	0
13	9	3	3016	0	0	0	0
133	56	70	3032	0	0	0	0
401	203	169	3072	0	0	0	0
148	67	54	3032	0	0	0	0
183	62	62	3043	0	0	0	0
137	43	55	3027	0	0	0	0
177	91	74	3049	0	0	0	0
250	144	111	3068	0	0	0	0
154	50	54	3046	0	0	0	0
111	63	48	3034	0	0	0	0
60	29	22	3023	0	0	0	0
218	112	82	3087	0	0	0	0
210	76	98	3066	0	0	0	0
74	43	26	3022	0	0	0	0
347	159	144	3078	0	0	0	0
33	13	13	3019	0	0	0	0
181	78	77	3062	0	0	0	0
201	82	70	3041	0	0	0	0
87	30	35	3026	0	0	0	0
248	124	88	3044	0	0	0	0
2	2	3	3011	0	0	0	0
17	4	8	3015	0	0	0	0
153	63	57	3028	0	0	0	0
130	60	53	3059	0	0	0	0
25	5	7	3016	0	0	0	0
141	66	43	3035	0	0	0	0
391	176	149	3106	0	0	0	0
248	121	111	3045	0	0	0	0
532	190	179	3116	0	0	0	0
154	81	74	3044	0	0	0	0
413	162	145	3083	0	0	0	0
191	69	83	3067	0	0	0	0
22	6	5	3012	0	0	0	0
2	0	0	3009	0	0	0	0
70	36	44	3022	0	0	0	0
72	37	40	3024	0	0	0	0
221	96	91	3061	0	0	0	0
61	26	20	3022	0	0	0	0
367	170	139	3068	0	0	0	0
198	111	67	3054	0	0	0	0
231	79	84	3056	0	0	0	0
209	106	103	3035	0	0	0	0
6	0	1	3014	0	0	0	0
39	14	16	3019	0	0	0	0
53	32	27	3021	0	0	0	0
13	2	6	3013	0	0	0	0
289	106	124	3066	0	0	0	0
58	25	23	3038	0	0	0	0
453	202	166	3078	0	0	0	0
84	58	30	3039	0	0	0	0
24	10	10	3021	0	0	0	0
104	50	47	3046	0	0	0	0
398	179	154	3079	0	0	0	0
63	17	20	3020	0	0	0	0
50	25	21	3019	0	0	0	0
106	63	40	3032	0	0	0	0
159	65	67	3048	0	0	0	0
114	55	54	3029	0	0	0	0
18	13	7	3013	0	0	0	0
116	60	43	3036	0	0	0	0
37	21	14	3023	0	0	0	0
63	10	33	3024	0	0	0	0
7	2	2	3018	0	0	0	0
38	6	11	3015	0	0	0	0
120	64	49	3029	0	0	0	0
187	73	52	3045	0	0	0	0
249	79	83	3085	0	0	0	0
10	2	1	3009	0	0	0	0
78	38	39	3032	0	0	0	0
212	83	79	3062	0	0	0	0
528	244	229	3119	0	0	0	0
11	7	5	3010	0	0	0	0
15	10	8	3020	0	0	0	0
61	30	25	3022	0	0	0	0
160	59	56	3050	0	0	0	0
36	12	16	3020	0	0	0	0
17	1	6	3018	0	0	0	0
183	87	91	3042	0	0	0	0
205	92	81	3039	0	0	0	0
187	72	91	3046	0	0	0	0
339	150	140	3071	0	0	0	0
25	5	13	3012	0	0	0	0
424	142	154	3088	0	0	0	0
11	2	4	3009	0	0	0	0
47	16	11	3015	0	0	0	0
127	49	50	3032	0	0	0	0
42	32	15	3020	0	0	0	0
27	8	8	3014	0	0	0	0
17	8	5	3016	0	0	0	0
3	1	5	3010	0	0	0	0
172	76	82	3044	0	0	0	0
41	21	25	3029	0	0	0	0
377	178	141	3070	0	0	0	0
125	54	39	3030	0	0	0	0
6	1	3	3011	0	0	0	0
174	63	59	3037	0	0	0	0
485	222	179	3113	0	0	0	0
115	46	49	3045	0	0	0	0
275	134	95	3053	0	0	0	0
2	3	2	3009	0	0	0	0
80	20	31	3025	0	0	0	0
51	21	21	3020	0	0	0	0
232	122	89	3054	0	0	0	0
108	63	47	3036	0	0	0	0
17	10	17	3017	0	0	0	0
191	77	74	3066	0	0	0	0
76	45	23	3025	0	0	0	0
264	106	99	3067	0	0	0	0
203	77	97	3051	0	0	0	0
110	52	48	3027	0	0	0	0
2	1	0	3009	0	0	0	0
7	2	0	3013	0	0	0	0
15	5	4	3017	0	0	0	0
100	37	40	3027	0	0	0	0
231	97	89	3061	0	0	0	0
54	25	16	3020	0	0	0	0
609	235	221	3153	0	0	0	0
27	7	6	3015	0	0	0	0
368	126	138	3086	0	0	0	0
222	85	103	3058	0	0	0	0
8	3	0	3017	0	0	0	0
195	62	68	3058	0	0	0	0
28	11	17	3014	0	0	0	0
270	140	110	3057	0	0	0	0
140	42	59	3044	0	0	0	0
356	155	135	3098	0	0	0	0
42	13	16	3019	0	0	0	0
98	55	47	3025	0	0	0	0
118	54	41	3029	0	0	0	0
48	24	21	3028	0	0	0	0
72	47	21	3035	0	0	0	0
184	84	75	3051	0	0	0	0
317	128	149	3075	0	0	0	0
38	17	8	3013	0	0	0	0
187	86	68	3046	0	0	0	0
249	124	97	3065	0	0	0	0
336	145	140	3076	0	0	0	0
380	180	152	3072	0	0	0	0
29	9	7	3021	0	0	0	0
15	3	13	3010	0	0	0	0
63	44	29	3025	0	0	0	0
225	84	95	3046	0	0	0	0
62	23	31	3018	0	0	0	0
550	186	174	3086	0	0	0	0
19	3	4	3015	0	0	0	0
246	138	114	3065	0	0	0	0
353	146	135	3068	0	0	0	0
308	146	122	3093	0	0	0	0
21	6	7	3015	0	0	0	0
449	169	169	3091	0	0	0	0
217	78	85	3032	0	0	0	0
57	26	18	3017	0	0	0	0
41	21	20	3019	0	0	0	0
362	166	162	3071	0	0	0	0
79	40	27	3023	0	0	0	0
27	6	8	3014	0	0	0	0
118	62	56	3034	0	0	0	0
50	13	27	3024	0	0	0	0
520	231	184	3111	0	0	0	0
14	7	8	3018	0	0	0	0
51	21	27	3019	0	0	0	0
31	13	6	3015	0	0	0	0
178	96	70	3036	0	0	0	0
18	6	7	3019	0	0	0	0
359	139	124	3084	0	0	0	0
15	5	4	3013	0	0	0	0
3	0	5	3009	0	0	0	0
254	105	110	3058	0	0	0	0
70	44	32	3032	0	0	0	0
128	64	55	3040	0	0	0	0
87	36	24	3031	0	0	0	0
104	40	38	3030	0	0	0	0
89	51	48	3032	0	0	0	0
129	56	63	3040	0	0	0	0
268	136	129	3069	0	0	0	0
61	18	19	3029	0	0	0	0
286	128	128	3062	0	0	0	0
323	150	121	3084	0	0	0	0
133	53	45	3043	0	0	0	0
138	54	53	3029	0	0	0	0
349	120	154	3067	0	0	0	0
20	4	5	3019	0	0	0	0
15	15	5	3016	0	0	0	0
23	11	12	3010	0	0	0	0
78	34	24	3030	0	0	0	0
341	140	126	3073	0	0	0	0
43	33	13	3034	0	0	0	0
108	49	52	3038	0	0	0	0
83	34	47	3027	0	0	0	0
218	97	72	3055	0	0	0	0
216	94	93	3048	0	0	0	0
33	18	18	3026	0	0	0	0
75	40	39	3030	0	0	0	0
53	16	19	3013	0	0	0	0
37	5	18	3023	0	0	0	0
179	66	84	3044	0	0	0	0
271	115	108	3052	0	0	0	0
64	21	38	3032	0	0	0	0
43	27	14	3031	0	0	0	0
23	9	14	3014	0	0	0	0
64	28	36	3023	0	0	0	0
26	8	16	3013	0	0	0	0
17	10	6	3021	0	0	0	0
76	36	29	3030	0	0	0	0
56	15	20	3019	0	0	0	0
49	13	15	3024	0	0	0	0
221	83	96	3063	0	0	0	0
79	32	30	3042	0	0	0	0
323	160	129	3060	0	0	0	0
9	3	4	3009	0	0	0	0
41	11	16	3022	0	0	0	0
138	66	73	3041	0	0	0	0
58	37	22	3028	0	0	0	0
32	25	22	3027	0	0	0	0
3	1	3	3010	0	0	0	0
338	170	133	3076	0	0	0	0
25	6	15	3017	0	0	0	0
48	17	18	3016	0	0	0	0
237	97	89	3055	0	0	0	0
294	137	129	3049	0	0	0	0
269	105	107	3065	0	0	0	0
34	10	11	3014	0	0	0	0
338	171	117	3084	0	0	0	0
45	12	11	3025	0	0	0	0
27	8	5	3022	0	0	0	0
32	4	9	3020	0	0	0	0
168	66	83	3068	0	0	0	0
63	41	26	3032	0	0	0	0
213	107	98	3059	0	0	0	0
41	22	12	3020	0	0	0	0
88	37	30	3040	0	0	0	0
128	56	44	3039	0	0	0	0
442	196	154	3117	0	0	0	0
47	10	23	3024	0	0	0	0
13	3	2	3010	0	0	0	0
103	26	36	3029	0	0	0	0
313	121	109	3086	0	0	0	0
37	6	10	3024	0	0	0	0
31	14	15	3012	0	0	0	0
327	153	126	3081	0	0	0	0
38	16	8	3012	0	0	0	0
285	131	112	3043	0	0	0	0
10	6	3	3010	0	0	0	0
26	5	11	3015	0	0	0	0
61	13	22	3021	0	0	0	0
297	104	109	3057	0	0	0	0
45	10	23	3020	0	0	0	0
31	10	10	3016	0	0	0	0
61	22	24	3016	0	0	0	0
196	90	83	3037	0	0	0	0
22	14	16	3021	0	0	0	0
36	14	17	3023	0	0	0	0
144	60	38	3033	0	0	0	0
153	91	50	3027	0	0	0	0
91	35	40	3023	0	0	0	0
15	1	14	3009	0	0	0	0
174	58	54	3044	0	0	0	0
231	104	100	3077	0	0	0	0
219	94	78	3037	0	0	0	0
9	4	9	3015	0	0	0	0
386	143	131	3064	0	0	0	0
184	84	69	3053	0	0	0	0
60	32	16	3017	0	0	0	0
53	18	22	3022	0	0	0	0
252	136	110	3055	0	0	0	0
37	21	13	3018	0	0	0	0
233	84	84	3055	0	0	0	0
146	92	56	3038	0	0	0	0
133	86	63	3028	0	0	0	0
106	41	53	3032	0	0	0	0
284	130	112	3078	0	0	0	0
38	15	16	3018	0	0	0	0
87	39	33	3035	0	0	0	0
77	37	29	3027	0	0	0	0
286	115	97	3058	0	0	0	0
12	2	9	3010	0	0	0	0
223	109	77	3047	0	0	0	0
220	105	115	3035	0	0	0	0
93	28	19	3035	0	0	0	0
42	26	22	3016	0	0	0	0
56	24	36	3029	0	0	0	0
37	24	21	3023	0	0	0	0
24	6	13	3012	0	0	0	0
35	10	11	3015	0	0	0	0
13	2	3	3017	0	0	0	0
347	161	135	3078	0	0	0	0
386	133	119	3066	0	0	0	0
23	5	12	3013	0	0	0	0
264	128	113	3072	0	0	0	0
157	85	52	3039	0	0	0	0
165	96	58	3052	0	0	0	0
164	74	65	3033	0	0	0	0
185	90	66	3039	0	0	0	0
178	60	75	3032	0	0	0	0
89	50	48	3030	0	0	0	0
224	87	74	3057	0	0	0	0
79	42	26	3028	0	0	0	0
32	11	12	3016	0	0	0	0
123	39	51	3037	0	0	0	0
104	46	41	3028	0	0	0	0
374	156	149	3094	0	0	0	0
261	113	108	3061	0	0	0	0
88	34	30	3022	0	0	0	0
177	79	85	3043	0	0	0	0
312	144	106	3068	0	0	0	0
22	7	5	3013	0	0	0	0
313	118	150	3098	0	0	0	0
293	169	128	3061	0	0	0	0
251	162	107	3077	0	0	0	0
351	154	119	3066	0	0	0	0
256	111	94	3073	0	0	0	0
316	126	133	3078	0	0	0	0
161	82	81	3040	0	0	0	0
114	44	52	3036	0	0	0	0
12	3	3	3012	0	0	0	0
139	79	49	3037	0	0	0	0
356	161	151	3073	0	0	0	0
271	154	120	3064	0	0	0	0
40	18	16	3020	0	0	0	0
309	142	115	3076	0	0	0	0
219	102	89	3077	0	0	0	0
78	60	27	3032	0	0	0	0
25	14	4	3027	0	0	0	0
127	70	53	3030	0	0	0	0
167	102	76	3048	0	0	0	0
251	106	98	3061	0	0	0	0
66	31	32	3037	0	0	0	0
268	151	123	3060	0	0	0	0
307	95	96	3072	0	0	0	0
15	14	7	3010	0	0	0	0
231	98	86	3047	0	0	0	0
219	98	96	3051	0	0	0	0
154	57	55	3050	0	0	0	0
11	4	6	3010	0	0	0	0
250	111	103	3060	0	0	0	0
8	6	6	3015	0	0	0	0
174	76	46	3037	0	0	0	0
278	167	125	3059	0	0	0	0
30	4	12	3009	0	0	0	0
134	43	43	3039	0	0	0	0
15	7	5	3010	0	0	0	0
173	66	55	3056	0	0	0	0
56	20	18	3019	0	0	0	0
174	67	68	3045	0	0	0	0
222	111	102	3057	0	0	0	0
26	9	3	3014	0	0	0	0
361	161	137	3081	0	0	0	0
189	85	59	3052	0	0	0	0
49	21	20	3025	0	0	0	0
411	161	163	3075	0	0	0	0
106	45	44	3024	0	0	0	0
101	47	32	3023	0	0	0	0
328	153	122	3049	0	0	0	0
284	146	123	3081	0	0	0	0
80	40	33	3026	0	0	0	0
200	75	67	3054	0	0	0	0
140	53	60	3038	0	0	0	0
134	61	52	3038	0	0	0	0
102	58	52	3044	0	0	0	0
57	23	28	3024	0	0	0	0
38	16	17	3024	0	0	0	0
68	32	25	3028	0	0	0	0
162	70	75	3027	0	0	0	0
32	18	20	3013	0	0	0	0
415	179	173	3093	0	0	0	0
114	44	45	3028	0	0	0	0
85	32	37	3020	0	0	0	0
41	16	14	3015	0	0	0	0
448	188	161	3119	0	0	0	0
213	126	103	3052	0	0	0	0
285	139	125	3056	0	0	0	0
134	39	37	3042	0	0	0	0
5	3	2	3010	0	0	0	0
198	131	97	3064	0	0	0	0
52	19	18	3020	0	0	0	0
174	88	80	3035	0	0	0	0
57	26	21	3017	0	0	0	0
76	44	39	3030	0	0	0	0
222	95	93	3053	0	0	0	0
388	182	185	3103	0	0	0	0
351	133	129	3077	0	0	0	0
3	1	4	3010	0	0	0	0
5	2	7	3016	0	0	0	0
273	144	96	3046	0	0	0	0
7	2	3	3011	0	0	0	0
105	59	41	3025	0	0	0	0
339	122	117	3064	0	0	0	0
161	75	59	3036	0	0	0	0
133	52	48	3038	0	0	0	0
104	35	31	3032	0	0	0	0
20	3	7	3013	0	0	0	0
29	14	13	3014	0	0	0	0
5	1	4	3013	0	0	0	0
132	52	51	3032	0	0	0	0
164	90	72	3059	0	0	0	0
261	125	98	3078	0	0	0	0
277	104	113	3048	0	0	0	0
291	130	98	3067	0	0	0	0
309	167	134	3067	0	0	0	0
8	4	4	3010	0	0	0	0
88	24	37	3021	0	0	0	0
23	9	10	3014	0	0	0	0
41	12	11	3020	0	0	0	0
9	2	2	3016	0	0	0	0
247	65	92	3048	0	0	0	0
203	98	101	3046	0	0	0	0
143	65	54	3036	0	0	0	0
219	102	69	3034	0	0	0	0
15	8	3	3016	0	0	0	0
212	63	68	3037	0	0	0	0
242	126	82	3041	0	0	0	0
357	143	119	3069	0	0	0	0
455	245	171	3095	0	0	0	0
138	58	63	3040	0	0	0	0
275	100	95	3046	0	0	0	0
51	11	12	3028	0	0	0	0
7	1	3	3013	0	0	0	0
280	134	124	3085	0	0	0	0
142	63	59	3060	0	0	0	0
166	78	78	3046	0	0	0	0
21	11	7	3015	0	0	0	0
27	18	5	3022	0	0	0	0
94	51	45	3037	0	0	0	0
57	20	18	3023	0	0	0	0
228	91	82	3066	0	0	0	0
135	59	49	3044	0	0	0	0
302	145	121	3057	0	0	0	0
74	43	48	3031	0	0	0	0
242	106	92	3050	0	0	0	0
8	1	4	3012	0	0	0	0
272	127	112	3056	0	0	0	0
92	53	30	3025	0	0	0	0
35	19	16	3013	0	0	0	0
65	39	19	3027	0	0	0	0
147	53	63	3033	0	0	0	0
15	0	2	3014	0	0	0	0
206	95	90	3038	0	0	0	0
25	13	13	3017	0	0	0	0
185	47	59	3045	0	0	0	0
23	9	9	3013	0	0	0	0
187	72	87	3065	0	0	0	0
36	13	18	3014	0	0	0	0
84	37	38	3020	0	0	0	0
468	224	224	3120	0	0	0	0
12	4	4	3010	0	0	0	0
147	70	61	3036	0	0	0	0
251	104	110	3058	0	0	0	0
315	178	152	3086	0	0	0	0
104	77	42	3046	0	0	0	0
167	74	90	3050	0	0	0	0
267	105	101	3051	0	0	0	0
41	17	21	3017	0	0	0	0
174	84	64	3034	0	0	0	0
212	114	82	3051	0	0	0	0
4	1	2	3012	0	0	0	0
79	51	29	3022	0	0	0	0
226	90	90	3066	0	0	0	0
61	13	19	3024	0	0	0	0
34	12	8	3020	0	0	0	0
140	62	48	3043	0	0	0	0
38	19	13	3013	0	0	0	0
14	1	5	3017	0	0	0	0
96	51	32	3029	0	0	0	0
36	9	10	3016	0	0	0	0
317	154	108	3072	0	0	0	0
7	6	0	3012	0	0	0	0
310	149	143	3098	0	0	0	0
226	96	76	3065	0	0	0	0
293	121	112	3079	0	0	0	0
212	66	81	3045	0	0	0	0
270	118	119	3081	0	0	0	0
307	156	147	3057	0	0	0	0
357	177	171	3096	0	0	0	0
351	211	166	3091	0	0	0	0
153	48	54	3035	0	0	0	0
69	33	43	3020	0	0	0	0
25	11	8	3022	0	0	0	0
4	0	1	3010	0	0	0	0
40	21	15	3024	0	0	0	0
15	3	4	3015	0	0	0	0
481	215	201	3133	0	0	0	0
206	79	84	3075	0	0	0	0
44	14	20	3018	0	0	0	0
111	41	41	3023	0	0	0	0
139	56	51	3036	0	0	0	0
4	1	1	3011	0	0	0	0
6	5	3	3014	0	0	0	0
324	142	123	3079	0	0	0	0
109	48	55	3043	0	0	0	0
165	81	61	3044	0	0	0	0
14	9	5	3017	0	0	0	0
78	34	42	3026	0	0	0	0
43	25	15	3019	0	0	0	0
18	5	6	3012	0	0	0	0
230	122	97	3050	0	0	0	0
153	64	57	3036	0	0	0	0
6	2	4	3014	0	0	0	0
81	48	43	3037	0	0	0	0
334	165	117	3062	0	0	0	0
108	48	30	3045	0	0	0	0
93	40	46	3032	0	0	0	0
220	127	87	3055	0	0	0	0
33	15	10	3017	0	0	0	0
7	1	3	3012	0	0	0	0
144	73	55	3046	0	0	0	0
59	20	20	3022	0	0	0	0
112	42	31	3034	0	0	0	0
150	77	56	3042	0	0	0	0
11	3	1	3013	0	0	0	0
247	143	92	3057	0	0	0	0
50	14	11	3014	0	0	0	0
43	25	18	3019	0	0	0	0
212	135	61	3072	0	0	0	0
87	36	34	3043	0	0	0	0
189	67	75	3048	0	0	0	0
199	89	79	3040	0	0	0	0
39	10	5	3022	0	0	0	0
347	143	120	3071	0	0	0	0
23	7	17	3016	0	0	0	0
402	171	161	3078	0	0	0	0
141	49	62	3041	0	0	0	0
301	157	109	3071	0	0	0	0
48	14	15	3025	0	0	0	0
25	21	5	3021	0	0	0	0
28	9	9	3015	0	0	0	0
13	6	2	3013	0	0	0	0
36	14	19	3019	0	0	0	0
226	78	82	3046	0	0	0	0
71	24	35	3015	0	0	0	0
89	50	29	3022	0	0	0	0
24	25	15	3023	0	0	0	0
137	50	55	3041	0	0	0	0
173	85	70	3062	0	0	0	0
71	46	37	3026	0	0	0	0
191	110	71	3037	0	0	0	0
86	24	29	3016	0	0	0	0
182	83	61	3046	0	0	0	0
313	136	113	3073	0	0	0	0
139	85	72	3049	0	0	0	0
74	29	37	3016	0	0	0	0
289	116	100	3056	0	0	0	0
124	52	43	3059	0	0	0	0
7	1	4	3012	0	0	0	0
301	149	138	3073	0	0	0	0
407	154	126	3091	0	0	0	0
211	71	76	3041	0	0	0	0
75	38	27	3031	0	0	0	0
5	1	4	3010	0	0	0	0
22	5	6	3012	0	0	0	0
184	59	55	3033	0	0	0	0
321	122	122	3067	0	0	0	0
70	29	18	3026	0	0	0	0
250	120	116	3060	0	0	0	0
32	5	14	3016	0	0	0	0
376	141	150	3085	0	0	0	0
143	56	68	3038	0	0	0	0
242	97	103	3044	0	0	0	0
189	83	67	3047	0	0	0	0
257	89	94	3051	0	0	0	0
41	8	12	3014	0	0	0	0
64	25	20	3027	0	0	0	0
151	54	67	3043	0	0	0	0
93	55	39	3027	0	0	0	0
124	42	45	3023	0	0	0	0
376	149	164	3076	0	0	0	0
85	45	37	3032	0	0	0	0
3	0	2	3011	0	0	0	0
98	33	40	3045	0	0	0	0
257	110	99	3057	0	0	0	0
19	7	7	3012	0	0	0	0
7	1	4	3011	0	0	0	0
68	24	37	3027	0	0	0	0
28	5	14	3011	0	0	0	0
38	28	15	3018	0	0	0	0
108	62	70	3033	0	0	0	0
31	17	8	3019	0	0	0	0
55	19	32	3022	0	0	0	0
223	75	85	3035	0	0	0	0
142	54	63	3031	0	0	0	0
158	69	56	3055	0	0	0	0
33	5	7	3016	0	0	0	0
183	89	89	3050	0	0	0	0
60	24	27	3017	0	0	0	0
342	165	151	3070	0	0	0	0
113	52	52	3056	0	0	0	0
172	63	58	3041	0	0	0	0
34	9	24	3018	0	0	0	0
271	132	107	3062	0	0	0	0
95	42	34	3024	0	0	0	0
59	26	42	3027	0	0	0	0
232	102	115	3042	0	0	0	0
211	88	96	3050	0	0	0	0
69	24	15	3024	0	0	0	0
169	77	77	3035	0	0	0	0
31	22	11	3016	0	0	0	0
209	134	97	3034	0	0	0	0
52	22	18	3015	0	0	0	0
248	126	107	3052	0	0	0	0
221	108	98	3054	0	0	0	0
213	96	100	3060	0	0	0	0
116	43	46	3038	0	0	0	0
259	134	98	3058	0	0	0	0
95	53	52	3024	0	0	0	0
35	11	9	3018	0	0	0	0
306	141	103	3089	0	0	0	0
102	54	46	3028	0	0	0	0
62	23	19	3024	0	0	0	0
35	9	6	3015	0	0	0	0
132	72	44	3046	0	0	0	0
100	57	42	3033	0	0	0	0
364	169	133	3094	0	0	0	0
17	1	6	3010	0	0	0	0
125	60	67	3051	0	0	0	0
137	41	57	3041	0	0	0	0
7	4	2	3013	0	0	0	0
222	118	91	3071	0	0	0	0
105	51	49	3017	0	0	0	0
119	39	29	3046	0	0	0	0
56	16	13	3038	0	0	0	0
22	6	5	3014	0	0	0	0
12	9	8	3015	0	0	0	0
90	42	36	3032	0	0	0	0
224	67	91	3049	0	0	0	0
127	68	53	3032	0	0	0	0
178	76	66	3040	0	0	0	0
378	150	143	3080	0	0	0	0
210	100	94	3041	0	0	0	0
32	12	12	3024	0	0	0	0
354	142	125	3084	0	0	0	0
151	82	59	3059	0	0	0	0
366	151	146	3077	0	0	0	0
352	137	104	3098	0	0	0	0
313	148	147	3063	0	0	0	0
169	88	72	3042	0	0	0	0
43	23	23	3022	0	0	0	0
188	92	79	3037	0	0	0	0
201	86	85	3056	0	0	0	0
363	152	152	3084	0	0	0	0
292	153	134	3070	0	0	0	0
215	91	102	3060	0	0	0	0
6	2	0	3014	0	0	0	0
189	80	97	3037	0	0	0	0
31	7	14	3016	0	0	0	0
63	26	31	3017	0	0	0	0
110	51	45	3037	0	0	0	0
14	6	7	3016	0	0	0	0
181	104	77	3046	0	0	0	0
381	145	140	3099	0	0	0	0
82	34	25	3027	0	0	0	0
20	8	7	3016	0	0	0	0
69	45	37	3030	0	0	0	0
216	122	98	3057	0	0	0	0
289	145	114	3076	0	0	0	0
162	84	48	3045	0	0	0	0
18	10	13	3019	0	0	0	0
240	121	100	3060	0	0	0	0
184	81	77	3040	0	0	0	0
107	44	28	3033	0	0	0	0
87	33	36	3038	0	0	0	0
21	5	6	3017	0	0	0	0
44	12	14	3023	0	0	0	0
480	244	182	3088	0	0	0	0
250	104	87	3053	0	0	0	0
19	4	4	3009	0	0	0	0
48	10	20	3018	0	0	0	0
128	71	56	3046	0	0	0	0
79	24	26	3022	0	0	0	0
307	140	89	3055	0	0	0	0
98	51	31	3027	0	0	0	0
