1.6666666666666667	0.0	0.0	0.0
1.6666666666666667	0.0	0.0	0.0
1.0	2.0	0.0	0.0
0.8333333333333334	0.0	0.0	0.0
1.3333333333333333	1.0	0.0	0.0
0.3333333333333333	0.0	0.0	0.0
1.6666666666666667	0.0	0.0	0.0
2.0	0.0	0.0	0.0
1.8333333333333333	1.0	0.0	0.0
0.3333333333333333	0.0	0.0	0.0
1.5	1.3	0.0	0.0
1.1666666666666667	0.5	0.0	0.0
0.6666666666666666	0.0	0.0	0.0
1.3333333333333333	1.4	0.0	0.0
1.5	1.0	0.0	0.0
1.3333333333333333	1.1666666666666667	0.0	0.0
1.1666666666666667	0.0	0.0	0.0
0.8333333333333334	0.0	0.0	0.0
1.3333333333333333	0.5	0.0	0.0
1.1666666666666667	0.0	0.0	0.0
1.5	0.0	0.0	0.0
1.8333333333333333	0.0	0.0	0.0
0.8333333333333334	0.0	0.0	0.0
1.1666666666666667	0.0	0.0	0.0
0.6666666666666666	0.0	0.0	0.0
0.6666666666666666	0.0	0.0	0.0
1.3333333333333333	0.0	0.0	0.0
1.5	0.0	0.0	0.0
1.8333333333333333	2.0	0.0	0.0
0.6666666666666666	0.0	0.0	0.0
1.6666666666666667	0.0	0.0	0.0
1.6666666666666667	0.0	0.0	0.0
1.3333333333333333	0.5	1.0	0.0
1.1666666666666667	0.8571428571428571	0.0	0.0
1.1666666666666667	0.5	0.0	0.0
2.0	0.0	0.0	0.0
1.6666666666666667	0.0	0.0	0.0
1.3333333333333333	1.0	0.0	0.0
1.0	1.5	0.0	0.0
0.5	0.0	0.0	0.0
1.3333333333333333	0.6666666666666666	0.0	0.0
2.1666666666666665	1.0	0.0	0.0
1.3333333333333333	0.0	0.0	0.0
1.0	0.0	0.0	0.0
1.8333333333333333	0.0	0.0	0.0
0.5	0.0	0.0	0.0
0.8333333333333334	0.0	0.0	0.0
1.8333333333333333	0.0	0.0	0.0
1.0	1.5	0.0	0.0
1.1666666666666667	1.2	0.5	0.0
1.1666666666666667	0.75	1.0	0.0
2.1666666666666665	2.0	1.0	0.0
1.5	0.0	0.0	0.0
0.6666666666666666	0.6666666666666666	0.0	0.0
0.8333333333333334	0.0	0.0	0.0
2.0	0.0	0.0	0.0
1.5	0.0	0.0	0.0
0.6666666666666666	0.0	0.0	0.0
1.3333333333333333	0.75	0.0	0.0
1.0	0.0	0.0	0.0
2.0	1.25	0.0	0.0
1.1666666666666667	1.25	0.0	0.0
1.5	0.0	0.0	0.0
1.1666666666666667	0.0	0.0	0.0
0.8333333333333334	0.0	0.0	0.0
1.1666666666666667	0.4	0.0	0.0
1.8333333333333333	1.8	0.0	0.0
0.8333333333333334	0.0	0.0	0.0
1.5	1.625	0.5	0.0
0.8333333333333334	0.0	0.0	0.0
0.6666666666666666	0.0	0.0	0.0
0.8333333333333334	0.3333333333333333	0.0	0.0
1.5	0.0	0.0	0.0
0.16666666666666666	0.0	0.0	0.0
2.1666666666666665	2.0	0.0	0.0
0.6666666666666666	0.0	0.0	0.0
0.8333333333333334	0.0	3.0	0.0
1.5	1.0	0.0	0.0
1.5	0.0	0.0	0.0
1.0	0.0	0.0	0.0
1.1666666666666667	0.0	0.0	0.0
2.1666666666666665	0.0	0.0	0.0
1.1666666666666667	1.0	1.0	0.0
2.0	0.0	0.0	0.0
1.8333333333333333	0.0	0.0	0.0
2.0	0.0	0.0	0.0
1.1666666666666667	2.0	1.0	0.0
1.3333333333333333	1.0	0.0	0.0
0.5	0.0	0.0	0.0
1.6666666666666667	1.0	0.0	0.0
1.0	0.0	0.0	0.0
1.6666666666666667	0.3333333333333333	0.0	0.0
2.0	1.0	0.0	0.0
1.1666666666666667	0.0	0.0	0.0
1.0	0.0	0.0	0.0
0.5	0.0	0.0	0.0
0.5	1.125	0.0	0.0
0.6666666666666666	0.0	0.0	0.0
1.1666666666666667	0.0	0.0	0.0
0.5	0.0	0.0	0.0
0.16666666666666666	0.0	0.0	0.0
0.5	0.0	0.0	0.0
1.0	0.6666666666666666	0.0	0.0
0.6666666666666666	0.0	0.0	0.0
1.1666666666666667	0.0	0.0	0.0
1.1666666666666667	0.0	0.0	0.0
0.8333333333333334	0.0	0.0	0.0
2.1666666666666665	0.0	0.0	0.0
1.8333333333333333	0.0	0.0	0.0
1.6666666666666667	1.25	0.0	0.0
1.5	0.0	0.0	0.0
2.5	1.0	0.0	0.0
1.3333333333333333	0.0	0.0	0.0
1.8333333333333333	0.0	0.0	0.0
1.6666666666666667	1.0	1.75	0.0
1.8333333333333333	0.6666666666666666	0.0	0.0
1.0	0.0	0.0	0.0
0.5	2.0	0.25	0.0
1.0	0.5	0.0	0.0
1.1666666666666667	0.0	0.0	0.0
0.6666666666666666	0.8	0.0	0.0
1.6666666666666667	2.0	0.0	0.0
0.6666666666666666	0.0	0.0	0.0
1.3333333333333333	0.0	0.0	0.0
1.1666666666666667	4.0	1.3333333333333333	0.0
1.1666666666666667	0.0	2.0	0.0
1.0	0.0	0.0	0.0
0.6666666666666666	0.0	0.0	0.0
1.3333333333333333	0.5	0.0	0.0
1.5	0.0	0.0	0.0
0.6666666666666666	0.0	0.0	0.0
1.5	0.0	0.0	0.0
1.0	0.0	0.0	0.0
2.3333333333333335	0.0	0.5	0.0
1.0	0.6666666666666666	0.0	0.0
1.5	0.0	0.0	0.0
1.8333333333333333	1.5	0.0	0.0
1.0	2.0	0.0	0.0
1.3333333333333333	0.8	2.0	0.0
0.8333333333333334	0.0	0.0	0.0
1.3333333333333333	0.0	0.0	0.0
1.1666666666666667	0.0	0.0	0.0
1.6666666666666667	0.0	0.0	0.0
1.0	0.0	0.0	0.0
1.0	0.0	0.0	0.0
0.5	0.0	0.0	0.0
1.6666666666666667	0.0	0.0	0.0
2.0	0.0	0.0	0.0
2.3333333333333335	1.3333333333333333	0.0	0.0
0.16666666666666666	0.0	0.0	0.0
2.0	0.0	0.0	0.0
1.5	0.0	0.0	0.0
1.1666666666666667	0.0	0.0	0.0
0.5	0.0	0.0	0.0
1.6666666666666667	0.0	0.0	0.0
1.1666666666666667	0.3333333333333333	0.0	0.0
1.0	0.0	0.0	0.0
0.8333333333333334	0.0	0.0	0.0
0.5	0.6666666666666666	0.0	0.0
1.1666666666666667	0.0	0.0	0.0
0.5	0.0	0.0	0.0
1.3333333333333333	0.6	0.0	0.0
0.5	0.0	0.0	0.0
1.1666666666666667	1.5	0.0	0.0
1.6666666666666667	1.1666666666666667	0.0	0.0
2.0	0.0	0.0	0.0
1.6666666666666667	1.1666666666666667	0.0	0.0
1.3333333333333333	0.5	0.0	0.0
1.6666666666666667	0.0	0.0	0.0
1.1666666666666667	0.0	0.0	0.0
1.3333333333333333	0.0	0.0	0.0
2.3333333333333335	0.0	0.0	0.0
2.1666666666666665	1.5	0.0	0.0
2.1666666666666665	1.0	0.0	0.0
1.3333333333333333	0.0	0.0	0.0
0.6666666666666666	0.0	0.0	0.0
1.6666666666666667	0.3333333333333333	0.0	0.0
1.0	0.0	0.0	0.0
1.1666666666666667	0.0	0.0	0.0
0.6666666666666666	0.0	0.0	0.0
1.1666666666666667	0.0	0.0	0.0
0.3333333333333333	0.0	0.0	0.0
1.5	0.42857142857142855	0.3333333333333333	0.0
1.0	0.0	0.0	0.0
1.1666666666666667	0.0	0.0	0.0
0.6666666666666666	0.0	0.0	0.0
0.5	0.0	0.0	0.0
1.0	0.0	0.0	0.0
0.8333333333333334	0.0	0.0	0.0
1.5	0.0	0.0	0.0
1.6666666666666667	1.2	0.0	0.0
0.3333333333333333	0.0	0.0	0.0
2.0	1.3333333333333333	1.0	0.0
1.3333333333333333	0.0	0.0	0.0
1.3333333333333333	0.0	0.0	0.0
1.0	0.75	0.5	0.0
0.6666666666666666	0.0	0.0	0.0
1.1666666666666667	2.8	0.0	0.0
1.0	0.0	0.0	0.0
1.1666666666666667	0.6	0.0	0.0
1.3333333333333333	0.0	0.0	0.0
1.6666666666666667	1.75	0.0	0.0
1.0	0.3333333333333333	0.25	0.0
1.1666666666666667	0.0	0.0	0.0
1.3333333333333333	1.0	0.0	0.0
1.8333333333333333	0.0	0.0	0.0
1.0	0.0	0.0	0.0
0.5	0.0	0.0	0.0
1.8333333333333333	1.7142857142857142	0.0	0.0
0.3333333333333333	0.0	0.0	0.0
1.1666666666666667	1.0	0.0	0.0
1.1666666666666667	1.3333333333333333	0.0	0.0
0.6666666666666666	0.0	0.0	0.0
2.6666666666666665	1.5	0.0	0.0
1.0	0.75	0.0	0.0
1.8333333333333333	0.375	0.0	0.0
0.3333333333333333	0.0	0.0	0.0
2.0	1.1818181818181819	0.0	0.0
0.6666666666666666	0.0	0.0	0.0
1.5	0.0	0.0	0.0
0.6666666666666666	0.3333333333333333	1.0	0.0
1.3333333333333333	0.0	0.0	0.0
1.0	1.0	1.5	0.0
1.6666666666666667	0.0	0.0	0.0
0.6666666666666666	0.0	0.0	0.0
0.6666666666666666	0.0	0.0	0.0
1.1666666666666667	1.0	0.0	0.0
1.5	0.0	0.0	0.0
1.3333333333333333	1.0	0.0	0.0
1.0	0.0	0.0	0.0
1.5	0.25	0.0	0.0
1.0	0.0	0.3333333333333333	0.0
1.1666666666666667	0.0	0.0	0.0
1.6666666666666667	0.0	0.0	0.0
0.5	0.0	0.0	0.0
1.3333333333333333	0.0	0.0	0.0
0.6666666666666666	1.6666666666666667	2.0	0.0
0.6666666666666666	0.0	0.0	0.0
1.3333333333333333	0.0	0.0	0.0
1.0	1.4444444444444444	0.0	0.0
1.3333333333333333	0.0	0.0	0.0
1.5	0.0	3.0	0.0
1.5	0.0	0.0	0.0
0.6666666666666666	1.1666666666666667	0.0	0.0
1.1666666666666667	1.0	0.0	0.0
1.1666666666666667	1.2	0.0	0.0
2.6666666666666665	0.0	0.0	0.0
0.8333333333333334	0.0	0.0	0.0
2.0	1.6666666666666667	0.0	0.0
0.6666666666666666	0.5	0.0	0.0
0.8333333333333334	0.0	0.0	0.0
1.1666666666666667	0.0	0.0	0.0
1.0	0.0	0.0	0.0
0.8333333333333334	0.0	0.0	0.0
1.5	0.5714285714285714	0.0	0.0
0.5	0.8	0.0	0.0
0.8333333333333334	0.0	0.0	0.0
0.8333333333333334	0.0	0.0	0.0
0.6666666666666666	0.0	0.0	0.0
1.0	0.0	0.0	0.0
1.0	0.0	0.0	0.0
1.6666666666666667	0.0	0.0	0.0
1.3333333333333333	2.0	0.0	0.0
1.5	1.1666666666666667	0.0	0.0
0.6666666666666666	0.0	0.0	0.0
1.1666666666666667	2.0	0.0	0.0
2.3333333333333335	0.5	0.0	0.0
1.0	0.0	0.0	0.0
1.5	1.4285714285714286	0.0	0.0
1.8333333333333333	0.5	0.0	0.0
1.1666666666666667	0.0	0.0	0.0
2.0	0.8	0.75	0.0
1.8333333333333333	1.3333333333333333	0.0	0.0
1.1666666666666667	0.5	0.0	0.0
1.3333333333333333	0.0	0.0	0.0
2.0	1.5	0.0	0.0
1.3333333333333333	0.6	0.0	0.0
1.3333333333333333	0.5	0.0	0.0
0.6666666666666666	1.0	0.0	0.0
1.5	0.0	1.0	0.0
0.6666666666666666	0.8333333333333334	0.0	0.0
1.3333333333333333	1.0	0.0	0.0
1.3333333333333333	0.0	0.0	0.0
0.5	2.5	0.5	0.0
1.8333333333333333	0.0	0.0	0.0
1.8333333333333333	0.0	0.0	0.0
1.8333333333333333	1.5	0.0	0.0
1.5	0.0	0.0	0.0
0.8333333333333334	0.0	0.0	0.0
0.8333333333333334	0.0	0.0	0.0
0.8333333333333334	1.0	0.0	0.0
0.8333333333333334	0.0	0.0	0.0
1.1666666666666667	0.75	0.0	0.0
1.5	0.0	0.0	0.0
2.3333333333333335	1.0	0.0	0.0
1.0	0.0	0.0	0.0
0.8333333333333334	0.0	0.0	0.0
1.8333333333333333	2.0	0.0	0.0
1.1666666666666667	0.0	0.0	0.0
1.3333333333333333	0.0	0.0	0.0
0.6666666666666666	0.0	0.0	0.0
1.1666666666666667	0.0	0.0	0.0
0.6666666666666666	0.0	0.0	0.0
2.1666666666666665	0.75	0.0	0.0
1.3333333333333333	1.0	0.0	0.0
1.3333333333333333	0.0	0.0	0.0
0.5	0.0	0.0	0.0
2.3333333333333335	0.0	0.0	0.0
1.5	0.0	0.0	0.0
1.0	0.0	0.0	0.0
2.0	0.6	0.0	0.0
1.0	0.0	0.0	0.0
0.8333333333333334	0.0	0.0	0.0
0.8333333333333334	1.25	0.0	0.0
1.6666666666666667	2.0	0.0	0.0
0.6666666666666666	0.0	0.0	0.0
1.1666666666666667	0.8571428571428571	0.0	0.0
0.3333333333333333	0.0	0.0	0.0
1.1666666666666667	0.0	0.0	0.0
0.16666666666666666	0.0	0.0	0.0
0.3333333333333333	0.0	0.0	0.0
0.16666666666666666	0.0	2.0	0.0
1.0	0.8333333333333334	1.1428571428571428	0.0
1.5	1.5	0.0	0.0
0.3333333333333333	0.0	0.0	0.0
0.8333333333333334	0.0	0.0	0.0
1.6666666666666667	0.7142857142857143	0.0	0.0
1.8333333333333333	0.0	0.0	0.0
1.5	0.0	0.0	0.0
1.3333333333333333	0.0	0.0	0.0
1.0	0.6666666666666666	0.0	0.0
1.1666666666666667	0.0	0.0	0.0
1.8333333333333333	0.0	0.0	0.0
0.8333333333333334	1.0	0.0	0.0
1.6666666666666667	0.75	0.0	0.0
0.6666666666666666	0.0	0.0	0.0
1.0	1.5	0.0	0.0
1.0	0.0	0.0	0.0
2.0	0.0	0.0	0.0
0.8333333333333334	0.0	0.0	0.0
1.3333333333333333	1.0	0.0	0.0
1.5	0.0	0.0	0.0
2.1666666666666665	0.8	0.0	0.0
1.3333333333333333	0.0	0.0	0.0
2.6666666666666665	1.0	0.0	0.0
1.6666666666666667	0.6	0.0	0.0
0.5	2.0	0.0	0.0
1.1666666666666667	2.3333333333333335	1.0	0.0
0.6666666666666666	0.5	0.3333333333333333	0.0
2.6666666666666665	0.0	0.0	0.0
1.8333333333333333	0.0	0.0	0.0
1.5	0.25	0.0	0.0
1.5	0.0	0.0	0.0
0.5	0.0	0.0	0.0
1.8333333333333333	0.75	0.0	0.0
1.1666666666666667	0.0	0.0	0.0
1.0	1.25	0.0	0.0
1.5	0.0	0.0	0.0
1.1666666666666667	1.25	0.0	0.0
1.6666666666666667	0.5	0.0	0.0
0.5	0.0	0.0	0.0
1.1666666666666667	1.3333333333333333	0.0	0.0
1.0	0.0	0.0	0.0
0.6666666666666666	2.0	0.0	0.0
0.8333333333333334	0.0	0.0	0.0
1.3333333333333333	0.5	0.0	0.0
0.8333333333333334	1.0	0.0	0.0
2.0	0.3333333333333333	0.0	0.0
1.6666666666666667	1.0	0.0	0.0
2.3333333333333335	2.0	0.0	0.0
0.8333333333333334	1.2	0.0	0.0
1.1666666666666667	0.75	0.0	0.0
0.6666666666666666	0.0	0.0	0.0
1.0	0.0	0.0	0.0
1.3333333333333333	0.0	0.0	0.0
0.8333333333333334	1.25	0.0	0.0
2.0	0.0	1.0	0.0
1.6666666666666667	1.75	0.0	0.0
1.0	0.0	0.0	0.0
1.1666666666666667	0.5	0.0	0.0
2.0	0.0	0.0	0.0
0.5	0.0	0.0	0.0
1.0	0.0	0.0	0.0
1.5	1.0	0.0	0.0
0.3333333333333333	0.0	0.0	0.0
1.8333333333333333	1.0	0.0	0.0
1.1666666666666667	0.0	0.0	0.0
1.5	0.0	0.0	0.0
1.5	0.0	0.0	0.0
1.3333333333333333	0.0	0.0	0.0
1.5	0.0	0.0	0.0
1.8333333333333333	2.0	0.0	0.0
1.0	0.6	0.0	0.0
0.6666666666666666	0.0	0.0	0.0
1.6666666666666667	0.0	0.0	0.0
1.1666666666666667	0.0	0.0	0.0
0.6666666666666666	0.0	0.0	0.0
1.6666666666666667	0.0	0.0	0.0
0.8333333333333334	2.0	0.25	0.0
0.8333333333333334	0.0	0.0	0.0
0.8333333333333334	0.0	0.0	0.0
1.8333333333333333	2.0	0.0	0.0
1.0	0.0	0.0	0.0
1.3333333333333333	1.75	0.0	0.0
1.5	0.0	0.0	0.0
1.6666666666666667	0.0	0.0	0.0
1.5	4.5	0.0	0.0
2.0	0.0	0.0	0.0
1.1666666666666667	0.0	0.0	0.0
2.0	0.0	0.0	0.0
1.3333333333333333	1.4285714285714286	0.0	0.0
1.6666666666666667	0.0	0.0	0.0
0.8333333333333334	0.0	0.0	0.0
1.0	0.0	0.0	0.0
2.1666666666666665	0.0	0.0	0.0
2.0	0.0	0.0	0.0
1.1666666666666667	0.0	0.0	0.0
0.8333333333333334	0.0	0.0	0.0
1.3333333333333333	0.0	0.0	0.0
0.8333333333333334	0.0	0.0	0.0
0.6666666666666666	0.0	0.0	0.0
1.5	0.0	0.0	0.0
1.1666666666666667	0.0	0.0	0.0
2.0	0.0	0.0	0.0
2.1666666666666665	0.0	0.0	0.0
2.0	2.5	0.0	0.0
1.8333333333333333	0.0	0.0	0.0
1.6666666666666667	0.5	0.0	0.0
2.1666666666666665	0.0	0.0	0.0
0.6666666666666666	0.0	0.0	0.0
1.6666666666666667	1.8181818181818181	0.0	0.0
0.8333333333333334	1.0	0.0	0.0
1.0	0.0	0.0	0.0
1.5	0.6666666666666666	0.0	0.0
0.5	0.0	0.0	0.0
1.3333333333333333	1.25	0.0	0.0
1.1666666666666667	0.0	0.0	0.0
1.0	0.0	0.0	0.0
1.0	0.0	0.0	0.0
0.8333333333333334	0.8333333333333334	0.0	0.0
0.6666666666666666	0.0	0.0	0.0
1.0	0.0	0.0	0.0
0.6666666666666666	0.0	0.0	0.0
0.16666666666666666	0.0	0.0	0.0
1.1666666666666667	0.0	0.0	0.0
0.6666666666666666	0.0	0.0	0.0
1.5	0.0	0.0	0.0
1.1666666666666667	0.0	0.0	0.0
1.3333333333333333	1.2857142857142858	2.0	0.0
1.1666666666666667	0.0	0.0	0.0
1.8333333333333333	1.25	0.0	0.0
1.0	1.8	0.0	0.0
1.3333333333333333	0.0	0.0	0.0
0.5	0.0	0.0	0.0
0.5	1.2	0.0	0.0
1.6666666666666667	3.0	1.0	0.0
0.6666666666666666	0.0	0.0	0.0
1.1666666666666667	2.0	0.0	0.0
1.0	0.0	0.0	0.0
1.5	0.0	0.0	0.0
1.5	0.0	0.0	0.0
1.8333333333333333	0.0	0.0	0.0
1.5	0.0	0.0	0.0
0.16666666666666666	1.375	0.75	0.0
0.5	0.0	0.0	0.0
1.5	1.5	0.0	0.0
1.3333333333333333	0.0	0.0	0.0
2.1666666666666665	0.5	0.0	0.0
2.0	0.0	0.0	0.0
0.8333333333333334	1.0	0.0	0.0
0.5	0.0	0.0	0.0
0.6666666666666666	0.0	0.0	0.0
1.8333333333333333	1.2	0.0	0.0
0.6666666666666666	0.0	0.0	0.0
0.8333333333333334	0.0	0.0	0.0
1.1666666666666667	0.0	0.0	0.0
0.5	0.0	0.0	0.0
0.8333333333333334	0.3333333333333333	0.0	0.0
1.5	0.0	0.0	0.0
1.5	0.0	0.0	0.0
0.8333333333333334	0.5	0.0	0.0
1.6666666666666667	0.0	0.0	0.0
0.6666666666666666	0.0	0.0	0.0
0.8333333333333334	0.0	0.0	0.0
1.6666666666666667	0.0	0.0	0.0
1.3333333333333333	0.0	0.0	0.0
1.1666666666666667	0.5	0.0	0.0
0.6666666666666666	0.3333333333333333	0.0	0.0
2.0	0.0	0.0	0.0
0.3333333333333333	0.0	0.0	0.0
1.1666666666666667	0.0	0.0	0.0
1.3333333333333333	1.0	0.0	0.0
1.6666666666666667	0.25	0.0	0.0
1.0	0.0	0.0	0.0
1.1666666666666667	1.4	0.0	0.0
1.1666666666666667	2.0	0.0	0.0
1.0	0.0	0.0	0.0
1.0	0.0	0.0	0.0
1.3333333333333333	0.0	0.0	0.0
1.5	0.6	0.0	0.0
0.6666666666666666	0.0	0.0	0.0
1.6666666666666667	0.0	0.0	0.0
1.1666666666666667	1.0	0.0	0.0
1.5	0.42857142857142855	0.0	0.0
0.3333333333333333	0.0	0.0	0.0
1.0	0.0	0.0	0.0
1.5	0.0	0.0	0.0
1.0	0.0	0.0	0.0
1.6666666666666667	0.0	0.0	0.0
0.8333333333333334	0.0	0.0	0.0
1.8333333333333333	0.0	0.0	0.0
0.3333333333333333	0.0	0.0	0.0
1.1666666666666667	1.0	0.0	0.0
1.0	0.5	0.0	0.0
0.5	0.0	0.0	0.0
1.0	0.0	0.0	0.0
1.3333333333333333	0.75	0.0	0.0
0.6666666666666666	0.0	0.0	0.0
1.0	0.0	0.0	0.0
0.8333333333333334	0.0	0.0	0.0
2.0	0.0	0.0	0.0
0.8333333333333334	0.0	0.0	0.0
1.0	0.25	0.0	0.0
1.1666666666666667	0.0	0.0	0.0
1.0	0.0	0.0	0.0
1.3333333333333333	1.25	1.5	0.0
1.3333333333333333	0.0	0.0	0.0
1.0	0.0	0.0	0.0
1.5	2.5	0.0	0.0
0.6666666666666666	2.5	1.0	0.0
1.8333333333333333	0.0	0.0	0.0
1.0	1.0	0.0	0.0
0.6666666666666666	0.0	0.0	0.0
0.6666666666666666	0.0	0.0	0.0
0.8333333333333334	0.0	0.0	0.0
0.3333333333333333	0.0	0.0	0.0
1.5	0.6	0.0	0.0
1.0	0.0	0.0	0.0
2.1666666666666665	0.0	0.0	0.0
0.8333333333333334	0.6	0.0	0.0
0.6666666666666666	1.0	0.0	0.0
1.1666666666666667	2.0	0.0	0.0
1.6666666666666667	1.25	2.0	0.0
0.6666666666666666	0.0	0.0	0.0
0.8333333333333334	0.0	0.0	0.0
1.1666666666666667	0.0	0.0	0.0
1.0	0.0	0.0	0.0
0.5	0.0	0.0	0.0
0.5	0.0	0.0	0.0
1.5	1.0	0.0	0.0
0.0	0.0	0.0	0.0
1.1666666666666667	0.0	0.0	0.0
1.0	0.8	0.0	0.0
2.3333333333333335	0.0	0.0	0.0
1.3333333333333333	0.0	0.0	0.0
0.6666666666666666	1.2727272727272727	0.0	0.0
1.1666666666666667	0.0	0.0	0.0
0.6666666666666666	0.0	0.0	0.0
1.3333333333333333	0.2	0.0	0.0
0.8333333333333334	0.0	0.0	0.0
1.3333333333333333	0.25	0.0	0.0
1.0	0.0	0.0	0.0
1.1666666666666667	0.3333333333333333	1.0	0.0
0.6666666666666666	0.0	0.0	0.0
1.1666666666666667	0.0	0.0	0.0
1.5	0.0	0.0	0.0
1.0	0.0	0.0	0.0
1.0	0.0	0.0	0.0
2.0	0.0	0.0	0.0
1.0	0.0	0.0	0.0
1.1666666666666667	0.0	0.0	0.0
0.3333333333333333	0.0	0.0	0.0
1.1666666666666667	0.0	0.0	0.0
1.0	0.0	0.0	0.0
0.8333333333333334	0.0	0.0	0.0
2.0	0.0	0.0	0.0
2.1666666666666665	2.0	0.0	0.0
1.0	0.0	0.0	0.0
1.3333333333333333	0.0	0.0	0.0
1.0	0.0	0.0	0.0
1.1666666666666667	0.5	0.0	0.0
0.8333333333333334	2.0	0.0	0.0
0.5	0.0	0.0	0.0
0.6666666666666666	0.0	0.0	0.0
1.6666666666666667	0.0	0.0	0.0
1.1666666666666667	0.0	0.0	0.0
0.5	0.0	0.0	0.0
1.6666666666666667	0.3333333333333333	0.0	0.0
1.6666666666666667	4.0	0.0	0.0
1.6666666666666667	0.0	0.0	0.0
0.3333333333333333	0.0	0.0	0.0
1.0	0.0	0.0	0.0
0.5	0.0	0.0	0.0
1.0	1.1111111111111112	0.0	0.0
0.6666666666666666	0.0	0.0	0.0
0.8333333333333334	0.0	0.0	0.0
1.1666666666666667	0.0	0.0	0.0
0.6666666666666666	0.0	0.0	0.0
1.0	1.0	0.0	0.0
0.3333333333333333	0.0	0.0	0.0
0.6666666666666666	0.0	0.0	0.0
1.1666666666666667	1.0	0.0	0.0
1.8333333333333333	0.0	0.0	0.0
1.1666666666666667	0.0	0.0	0.0
1.1666666666666667	2.0	0.0	0.0
0.5	0.0	0.0	0.0
0.6666666666666666	0.0	0.0	0.0
1.3333333333333333	0.0	0.0	0.0
1.0	0.0	0.0	0.0
1.8333333333333333	0.0	0.0	0.0
1.3333333333333333	0.0	0.0	0.0
1.1666666666666667	0.0	0.0	0.0
0.8333333333333334	1.75	0.0	0.0
1.0	1.0	0.0	0.0
0.8333333333333334	0.0	0.0	0.0
1.3333333333333333	0.0	0.0	0.0
1.0	0.375	1.0	0.0
1.5	1.0	0.0	0.0
2.0	1.25	0.0	0.0
0.6666666666666666	0.75	0.0	0.0
2.1666666666666665	0.5	0.6666666666666666	0.0
0.8333333333333334	0.0	0.0	0.0
1.6666666666666667	1.6	0.0	0.0
2.0	1.75	0.0	0.0
1.5	0.0	0.0	0.0
1.1666666666666667	0.0	0.0	0.0
1.5	0.0	0.0	0.0
0.8333333333333334	0.0	0.0	0.0
0.5	0.3333333333333333	0.0	0.0
0.5	0.0	0.0	0.0
1.1666666666666667	0.0	0.0	0.0
0.6666666666666666	0.5	0.0	0.0
0.8333333333333334	0.0	0.0	0.0
1.5	0.0	0.0	0.0
0.3333333333333333	0.0	0.0	0.0
0.3333333333333333	0.0	0.0	0.0
1.3333333333333333	1.4	0.0	0.0
2.3333333333333335	2.0	0.0	0.0
1.1666666666666667	3.0	0.0	0.0
2.5	0.0	1.0	0.0
0.3333333333333333	0.0	0.0	0.0
0.3333333333333333	0.0	0.0	0.0
1.5	0.0	0.0	0.0
1.0	0.0	0.0	0.0
1.3333333333333333	0.0	0.0	0.0
0.6666666666666666	1.0	0.0	0.0
2.3333333333333335	1.5	0.0	0.0
1.0	0.0	0.0	0.0
1.3333333333333333	0.0	0.0	0.0
1.3333333333333333	0.6666666666666666	0.0	0.0
1.0	0.6666666666666666	0.0	0.0
1.3333333333333333	2.6666666666666665	0.0	0.0
0.3333333333333333	1.0	0.0	0.0
0.6666666666666666	0.0	0.0	0.0
1.0	0.0	0.0	0.0
1.1666666666666667	0.5	0.0	0.0
0.3333333333333333	0.0	0.0	0.0
2.6666666666666665	0.0	0.0	0.0
1.3333333333333333	0.0	0.0	0.0
0.8333333333333334	0.0	0.0	0.0
1.8333333333333333	0.42857142857142855	0.0	0.0
1.8333333333333333	0.5	0.0	0.0
0.3333333333333333	0.0	0.0	0.0
0.8333333333333334	0.0	0.0	0.0
0.3333333333333333	0.0	0.0	0.0
1.0	0.0	0.0	0.0
1.0	0.0	0.0	0.0
0.3333333333333333	0.0	0.0	0.0
1.0	0.0	0.0	0.0
1.0	0.0	0.0	0.0
2.0	0.0	0.0	0.0
0.6666666666666666	0.0	0.0	0.0
0.6666666666666666	0.0	0.0	0.0
0.5	0.0	0.0	0.0
1.3333333333333333	1.0	0.0	0.0
1.6666666666666667	1.0	0.0	0.0
0.5	1.25	3.0	0.0
1.0	0.0	0.0	0.0
1.8333333333333333	0.0	1.0	0.0
0.5	1.0	0.0	0.0
0.5	2.0	0.0	0.0
1.1666666666666667	1.5	0.0	0.0
1.0	0.5	0.0	0.0
0.8333333333333334	0.0	0.0	0.0
2.0	1.6666666666666667	0.0	0.0
0.8333333333333334	0.0	0.0	0.0
0.8333333333333334	0.0	0.0	0.0
0.6666666666666666	0.6666666666666666	3.0	0.0
1.3333333333333333	1.0	0.0	0.0
0.8333333333333334	0.0	0.0	0.0
1.5	0.0	0.0	0.0
1.6666666666666667	0.0	0.0	0.0
3.6666666666666665	0.0	0.0	0.0
1.8333333333333333	0.0	0.0	0.0
1.1666666666666667	0.0	0.0	0.0
1.0	2.6	0.0	0.0
0.5	0.0	0.0	0.0
1.0	0.0	0.0	0.0
1.5	1.0	0.0	0.0
1.3333333333333333	0.0	0.0	0.0
0.16666666666666666	0.0	0.0	0.0
2.1666666666666665	1.3333333333333333	0.0	0.0
0.8333333333333334	0.0	0.0	0.0
1.6666666666666667	0.5	0.0	0.0
1.1666666666666667	1.8	0.0	0.0
0.6666666666666666	2.0	0.0	0.0
1.1666666666666667	1.4444444444444444	0.0	0.0
2.0	1.3333333333333333	0.0	0.0
1.3333333333333333	1.0	0.0	0.0
2.1666666666666665	1.5	0.0	0.0
0.5	0.0	0.0	0.0
1.1666666666666667	0.0	0.0	0.0
1.3333333333333333	1.0	0.0	0.0
0.8333333333333334	1.5	0.0	0.0
1.5	0.0	0.0	0.0
0.3333333333333333	0.0	0.0	0.0
0.8333333333333334	0.25	0.0	0.0
1.6666666666666667	0.8	0.0	0.0
2.3333333333333335	1.5	0.0	0.0
1.6666666666666667	0.0	0.0	0.0
0.6666666666666666	0.0	0.0	0.0
0.8333333333333334	0.0	0.5	0.0
0.8333333333333334	1.0	0.0	0.0
0.8333333333333334	0.6666666666666666	0.0	0.0
1.0	0.0	0.0	0.0
0.5	0.0	0.0	0.0
1.0	1.0	0.0	0.0
1.1666666666666667	0.0	0.0	0.0
1.0	0.0	0.0	0.0
1.3333333333333333	0.0	0.0	0.0
1.6666666666666667	1.0	0.0	0.0
1.3333333333333333	0.0	0.0	0.0
0.8333333333333334	0.0	0.0	0.0
0.8333333333333334	0.0	0.0	0.0
1.3333333333333333	0.0	0.0	0.0
1.1666666666666667	0.0	0.0	0.0
1.1666666666666667	1.0	0.0	0.0
1.5	1.0	0.0	0.0
1.0	1.0	0.0	0.0
0.6666666666666666	0.0	0.0	0.0
0.8333333333333334	0.0	0.0	0.0
1.5	1.6666666666666667	2.0	0.0
0.8333333333333334	0.0	1.0	0.0
0.8333333333333334	0.0	0.0	0.0
1.8333333333333333	0.3333333333333333	0.0	0.0
0.3333333333333333	0.3333333333333333	0.0	0.0
2.0	2.0	0.0	0.0
1.0	0.0	0.0	0.0
1.5	1.8	0.0	0.0
1.5	0.0	0.0	0.0
0.5	0.0	0.0	0.0
1.8333333333333333	3.0	0.0	0.0
0.8333333333333334	1.0	0.0	0.0
0.8333333333333334	2.0	0.4	0.0
0.8333333333333334	1.0	0.0	0.0
0.8333333333333334	0.8	0.0	0.0
0.6666666666666666	0.0	0.0	0.0
1.5	0.0	0.0	0.0
1.5	1.1111111111111112	0.0	0.0
1.5	0.3333333333333333	0.0	0.0
1.3333333333333333	0.0	0.0	0.0
1.8333333333333333	1.1111111111111112	0.0	0.0
0.8333333333333334	0.7777777777777778	0.0	0.0
1.5	0.0	0.0	0.0
1.0	0.0	0.0	0.0
0.8333333333333334	0.0	0.0	0.0
1.5	0.0	0.0	0.0
0.8333333333333334	0.0	0.0	0.0
0.5	0.0	0.0	0.0
2.1666666666666665	1.0	0.0	0.0
1.3333333333333333	5.0	0.0	0.0
1.5	0.6666666666666666	0.0	0.0
1.1666666666666667	0.0	0.0	0.0
0.6666666666666666	0.0	0.0	0.0
1.1666666666666667	1.0833333333333333	0.0	0.0
1.1666666666666667	1.3636363636363635	0.0	0.0
1.3333333333333333	0.0	0.0	0.0
1.5	0.0	0.0	0.0
2.1666666666666665	0.6	0.0	0.0
0.8333333333333334	0.0	0.0	0.0
0.5	0.0	0.0	0.0
1.8333333333333333	0.0	0.0	0.0
0.5	0.9	0.0	0.0
0.5	0.5	0.0	0.0
1.3333333333333333	0.0	0.0	0.0
1.0	2.0	0.0	0.0
1.5	0.0	0.0	0.0
1.3333333333333333	0.0	0.0	0.0
0.6666666666666666	0.0	0.0	0.0
1.6666666666666667	0.0	0.0	0.0
1.3333333333333333	1.25	0.0	0.0
1.6666666666666667	1.2857142857142858	0.0	0.0
0.6666666666666666	0.0	0.0	0.0
1.1666666666666667	0.0	0.0	0.0
1.1666666666666667	0.0	1.0	0.0
1.8333333333333333	0.0	0.0	0.0
0.6666666666666666	1.7272727272727273	1.0	0.0
1.6666666666666667	0.4	0.0	0.0
2.0	0.2	0.0	0.0
1.3333333333333333	1.25	0.0	0.0
1.6666666666666667	1.1428571428571428	1.5	0.0
2.0	1.1428571428571428	0.0	0.0
1.3333333333333333	0.0	0.0	0.0
0.5	0.0	0.0	0.0
1.1666666666666667	0.0	0.0	0.0
0.5	2.0	0.0	0.0
1.1666666666666667	0.0	0.0	0.0
0.6666666666666666	0.0	0.0	0.0
1.5	2.0	0.0	0.0
0.5	0.0	0.0	0.0
1.0	0.0	0.0	0.0
0.8333333333333334	0.6	0.0	0.0
1.1666666666666667	0.0	0.0	0.0
1.5	0.5	0.0	0.0
1.0	0.0	0.0	0.0
0.16666666666666666	0.0	0.0	0.0
0.6666666666666666	0.3333333333333333	0.0	0.0
0.6666666666666666	0.0	0.0	0.0
0.6666666666666666	2.0	1.0	0.0
0.8333333333333334	0.0	0.0	0.0
0.3333333333333333	0.0	0.0	0.0
0.8333333333333334	0.0	0.0	0.0
0.8333333333333334	0.0	0.0	0.0
1.3333333333333333	0.0	0.0	0.0
1.3333333333333333	1.0	0.0	0.0
0.5	0.0	0.0	0.0
0.6666666666666666	0.0	0.0	0.0
0.6666666666666666	0.5	3.0	0.0
1.5	1.5	0.0	0.0
1.8333333333333333	0.3333333333333333	0.0	0.0
1.0	0.0	0.0	0.0
1.1666666666666667	1.0	0.0	0.0
1.0	1.0	2.0	0.0
1.3333333333333333	0.0	0.0	0.0
2.0	0.8571428571428571	0.0	0.0
1.6666666666666667	1.1	0.0	0.0
0.6666666666666666	0.8	0.0	0.0
1.0	1.0	0.0	0.0
1.5	0.6666666666666666	0.5	0.0
2.1666666666666665	0.0	0.0	0.0
1.1666666666666667	0.0	0.0	0.0
1.1666666666666667	1.0	0.7142857142857143	0.0
1.5	1.5384615384615385	1.6666666666666667	0.0
1.0	0.16666666666666666	0.0	0.0
0.8333333333333334	0.0	0.0	0.0
0.3333333333333333	1.0555555555555556	0.0	0.0
1.0	0.0	0.0	0.0
1.0	0.0	0.0	0.0
1.5	0.0	0.0	0.0
1.1666666666666667	0.0	0.0	0.0
0.6666666666666666	0.5	0.0	0.0
1.3333333333333333	0.75	0.0	0.0
1.6666666666666667	0.0	0.5	0.0
1.1666666666666667	0.0	0.0	0.0
0.8333333333333334	0.8	0.0	0.0
1.0	2.0	1.0	0.0
1.6666666666666667	0.0	0.0	0.0
1.8333333333333333	0.0	0.0	0.0
1.0	2.0	0.0	0.0
1.0	0.0	0.0	0.0
2.3333333333333335	0.0	0.0	0.0
1.3333333333333333	1.0	0.0	0.0
2.3333333333333335	1.2857142857142858	0.0	0.0
2.0	0.3333333333333333	0.0	0.0
1.0	1.0	0.0	0.0
1.0	0.0	0.0	0.0
0.6666666666666666	0.0	0.0	0.0
1.8333333333333333	0.5	0.0	0.0
1.0	0.0	0.0	0.0
1.1666666666666667	1.5	0.0	0.0
1.5	0.0	0.0	0.0
1.5	0.0	0.0	0.0
2.0	0.3333333333333333	0.0	0.0
1.8333333333333333	0.0	0.0	0.0
0.8333333333333334	0.0	0.0	0.0
1.3333333333333333	0.0	0.0	0.0
1.0	0.0	0.0	0.0
2.0	1.0	0.0	0.0
0.8333333333333334	0.8	0.0	0.0
0.8333333333333334	1.5	0.0	0.0
0.8333333333333334	1.6666666666666667	0.0	0.0
0.5	0.7142857142857143	0.0	0.0
0.16666666666666666	0.0	0.0	0.0
0.6666666666666666	0.0	0.0	0.0
0.0	0.0	0.0	0.0
0.5	0.0	0.0	0.0
1.1666666666666667	0.0	0.0	0.0
1.3333333333333333	2.0	0.0	0.0
0.8333333333333334	1.3333333333333333	0.0	0.0
0.3333333333333333	0.0	0.0	0.0
1.6666666666666667	0.8	0.0	0.0
1.6666666666666667	0.0	0.0	0.0
1.5	2.3333333333333335	0.0	0.0
0.5	0.0	0.0	0.0
0.8333333333333334	0.0	0.0	0.0
1.3333333333333333	0.25	0.0	0.0
1.0	0.0	0.0	0.0
1.3333333333333333	0.8	1.0	0.0
1.0	1.1666666666666667	0.42857142857142855	0.0
2.1666666666666665	0.8888888888888888	0.0	0.0
0.8333333333333334	0.0	0.0	0.0
1.3333333333333333	1.0	0.0	0.0
2.0	0.0	0.0	0.0
1.0	0.0	0.0	0.0
0.5	0.0	0.0	0.0
1.5	0.0	0.0	0.0
1.1666666666666667	0.0	0.0	0.0
1.0	0.0	0.0	0.0
0.6666666666666666	0.0	0.0	0.0
2.0	0.0	0.0	0.0
2.1666666666666665	0.5	0.0	0.0
0.5	0.0	0.0	0.0
1.6666666666666667	1.125	2.0	0.0
1.5	0.0	0.0	0.0
1.1666666666666667	0.0	0.0	0.0
2.0	0.6	0.5	0.0
1.5	0.0	0.0	0.0
1.1666666666666667	0.5	1.6666666666666667	0.0
1.6666666666666667	0.0	0.0	0.0
1.0	0.0	1.0	0.0
1.6666666666666667	0.0	0.0	0.0
2.0	0.0	0.0	0.0
0.8333333333333334	0.0	0.0	0.0
1.1666666666666667	0.0	0.0	0.0
1.5	0.5	0.0	0.0
0.5	0.0	0.0	0.0
0.6666666666666666	0.0	0.0	0.0
1.6666666666666667	2.0	2.0	0.0
1.5	2.6666666666666665	0.0	0.0
0.8333333333333334	0.0	0.0	0.0
1.5	3.0	0.0	0.0
2.5	1.0	0.0	0.0
0.5	1.0	0.0	0.0
1.3333333333333333	0.0	0.0	0.0
1.0	2.0	0.0	0.0
1.6666666666666667	0.0	0.0	0.0
1.0	0.0	0.0	0.0
3.0	0.0	0.0	0.0
1.3333333333333333	0.0	0.0	0.0
0.16666666666666666	0.0	0.0	0.0
1.3333333333333333	2.0	0.0	0.0
0.5	0.0	0.0	0.0
0.8333333333333334	0.0	0.0	0.0
0.8333333333333334	0.8	1.0	0.0
1.0	0.0	0.0	0.0
0.6666666666666666	0.0	0.0	0.0
1.5	2.0	0.0	0.0
1.6666666666666667	0.0	0.0	0.0
1.0	0.0	0.0	0.0
1.6666666666666667	1.0	0.0	0.0
0.5	0.0	0.0	0.0
0.6666666666666666	0.0	0.0	0.0
1.6666666666666667	0.75	0.0	0.0
0.8333333333333334	0.0	0.0	0.0
0.5	0.0	0.0	0.0
1.5	0.0	0.0	0.0
1.5	1.4545454545454546	0.0	0.0
1.0	0.3333333333333333	0.0	0.0
1.0	0.0	0.0	0.0
0.0	0.0	0.0	0.0
0.6666666666666666	2.0	0.0	0.0
0.8333333333333334	0.0	0.0	0.0
1.0	1.6666666666666667	0.0	0.0
1.8333333333333333	1.0	0.0	0.0
1.0	0.0	0.0	0.0
1.6666666666666667	0.0	0.0	0.0
1.5	0.6153846153846154	1.0	0.0
1.6666666666666667	0.0	0.0	0.0
1.0	0.8	0.0	0.0
1.0	0.0	0.0	0.0
0.8333333333333334	0.0	0.0	0.0
0.3333333333333333	0.0	0.0	0.0
1.0	2.0	0.0	0.0
1.8333333333333333	0.0	0.0	0.0
1.3333333333333333	0.0	0.0	0.0
0.5	0.0	0.0	0.0
1.1666666666666667	0.42857142857142855	0.0	0.0
2.0	1.4	1.0	0.0
1.1666666666666667	1.0	0.0	0.0
0.8333333333333334	2.0	0.0	0.0
1.0	0.5	0.0	0.0
2.1666666666666665	0.2857142857142857	0.0	0.0
1.5	0.5	0.5	0.0
1.8333333333333333	1.0	0.0	0.0
1.5	3.0	0.0	0.0
1.3333333333333333	0.3333333333333333	0.0	0.0
0.6666666666666666	0.0	0.0	0.0
0.5	0.5	0.0	0.0
1.6666666666666667	1.0	0.0	0.0
0.8333333333333334	1.6	0.0	0.0
1.0	0.0	0.0	0.0
1.1666666666666667	2.0	0.0	0.0
0.5	1.0	0.0	0.0
0.6666666666666666	0.4	0.0	0.0
1.1666666666666667	0.0	0.0	0.0
2.6666666666666665	1.5833333333333333	0.0	0.0
0.8333333333333334	0.0	0.0	0.0
1.3333333333333333	2.0	0.0	0.0
0.8333333333333334	0.0	0.0	0.0
0.6666666666666666	0.0	0.0	0.0
