68	43	29	3024	0	0	0	0
14	7	13	3013	0	0	0	0
116	52	41	3032	0	0	0	0
57	30	20	3025	0	0	0	0
18	8	10	3016	0	0	0	0
49	19	24	3023	0	0	0	0
10	1	8	3010	0	0	0	0
215	91	72	3044	0	0	0	0
9	10	4	3014	0	0	0	0
361	133	140	3100	0	0	0	0
154	98	74	3058	0	0	0	0
110	60	64	3037	0	0	0	0
59	24	29	3032	0	0	0	0
231	79	96	3059	0	0	0	0
190	62	74	3055	0	0	0	0
142	48	61	3030	0	0	0	0
4	1	1	3010	0	0	0	0
282	118	96	3044	0	0	0	0
122	59	53	3050	0	0	0	0
46	22	21	3019	0	0	0	0
71	29	34	3020	0	0	0	0
108	32	34	3045	0	0	0	0
143	55	60	3032	0	0	0	0
275	83	102	3076	0	0	0	0
159	65	73	3035	0	0	0	0
11	5	4	3013	0	0	0	0
4	0	0	3009	0	0	0	0
133	44	42	3034	0	0	0	0
226	99	65	3073	0	0	0	0
66	31	37	3022	0	0	0	0
24	4	5	3019	0	0	0	0
211	94	74	3051	0	0	0	0
260	124	91	3068	0	0	0	0
9	1	4	3014	0	0	0	0
95	45	36	3028	0	0	0	0
313	116	117	3062	0	0	0	0
88	39	45	3035	0	0	0	0
188	87	64	3041	0	0	0	0
65	28	14	3026	0	0	0	0
103	32	45	3027	0	0	0	0
33	6	10	3021	0	0	0	0
89	50	40	3044	0	0	0	0
173	67	44	3047	0	0	0	0
169	79	56	3043	0	0	0	0
30	10	22	3015	0	0	0	0
227	94	96	3058	0	0	0	0
454	198	172	3097	0	0	0	0
5	0	2	3010	0	0	0	0
112	62	52	3038	0	0	0	0
15	3	8	3009	0	0	0	0
210	100	88	3073	0	0	0	0
52	26	20	3020	0	0	0	0
13	13	7	3016	0	0	0	0
170	78	71	3035	0	0	0	0
83	19	22	3030	0	0	0	0
182	102	67	3066	0	0	0	0
212	92	67	3062	0	0	0	0
139	45	48	3029	0	0	0	0
76	28	29	3021	0	0	0	0
276	121	93	3060	0	0	0	0
24	10	13	3016	0	0	0	0
222	89	89	3054	0	0	0	0
154	55	69	3041	0	0	0	0
157	79	51	3056	0	0	0	0
89	29	34	3025	0	0	0	0
208	57	85	3042	0	0	0	0
3	3	2	3011	0	0	0	0
92	40	37	3036	0	0	0	0
157	65	62	3045	0	0	0	0
32	11	17	3014	0	0	0	0
112	74	34	3027	0	0	0	0
129	70	49	3047	0	0	0	0
1	0	1	3010	0	0	0	0
76	29	27	3032	0	0	0	0
8	10	3	3015	0	0	0	0
72	18	23	3022	0	0	0	0
26	2	5	3018	0	0	0	0
353	117	117	3068	0	0	0	0
444	189	149	3084	0	0	0	0
10	6	7	3017	0	0	0	0
176	82	79	3052	0	0	0	0
2	3	1	3010	0	0	0	0
4	1	3	3010	0	0	0	0
211	75	76	3058	0	0	0	0
184	72	60	3051	0	0	0	0
65	28	21	3021	0	0	0	0
37	8	15	3022	0	0	0	0
39	18	13	3018	0	0	0	0
411	185	158	3070	0	0	0	0
360	131	137	3095	0	0	0	0
262	121	111	3048	0	0	0	0
12	7	10	3011	0	0	0	0
51	24	12	3028	0	0	0	0
20	0	11	3018	0	0	0	0
17	7	9	3017	0	0	0	0
21	9	10	3013	0	0	0	0
31	9	13	3017	0	0	0	0
16	4	4	3015	0	0	0	0
317	150	116	3070	0	0	0	0
4	4	2	3009	0	0	0	0
234	81	113	3063	0	0	0	0
22	11	18	3014	0	0	0	0
146	52	66	3044	0	0	0	0
66	19	22	3032	0	0	0	0
139	51	43	3026	0	0	0	0
166	66	55	3056	0	0	0	0
47	18	32	3019	0	0	0	0
16	6	4	3010	0	0	0	0
11	2	5	3013	0	0	0	0
269	114	99	3061	0	0	0	0
126	67	56	3046	0	0	0	0
25	6	16	3019	0	0	0	0
318	109	116	3049	0	0	0	0
314	146	131	3081	0	0	0	0
86	38	26	3027	0	0	0	0
148	58	64	3042	0	0	0	0
14	6	4	3015	0	0	0	0
52	15	22	3021	0	0	0	0
76	46	54	3025	0	0	0	0
70	28	26	3019	0	0	0	0
177	68	64	3038	0	0	0	0
279	136	100	3069	0	0	0	0
30	14	11	3027	0	0	0	0
103	50	38	3038	0	0	0	0
190	98	78	3041	0	0	0	0
196	93	78	3053	0	0	0	0
40	17	17	3022	0	0	0	0
402	148	167	3098	0	0	0	0
291	133	125	3060	0	0	0	0
201	77	62	3044	0	0	0	0
12	2	5	3011	0	0	0	0
423	167	150	3114	0	0	0	0
168	101	58	3046	0	0	0	0
40	12	12	3019	0	0	0	0
153	56	53	3048	0	0	0	0
108	57	47	3033	0	0	0	0
261	142	99	3072	0	0	0	0
51	13	18	3018	0	0	0	0
109	61	46	3027	0	0	0	0
150	55	54	3039	0	0	0	0
175	77	81	3045	0	0	0	0
82	30	36	3027	0	0	0	0
152	62	82	3049	0	0	0	0
178	78	78	3043	0	0	0	0
172	91	70	3052	0	0	0	0
174	107	77	3060	0	0	0	0
221	114	70	3040	0	0	0	0
163	60	73	3027	0	0	0	0
22	7	5	3010	0	0	0	0
141	50	54	3036	0	0	0	0
231	107	95	3057	0	0	0	0
14	5	5	3009	0	0	0	0
121	67	46	3032	0	0	0	0
128	49	52	3027	0	0	0	0
191	53	59	3049	0	0	0	0
257	131	101	3058	0	0	0	0
286	161	105	3070	0	0	0	0
88	26	31	3034	0	0	0	0
88	19	28	3034	0	0	0	0
23	6	5	3017	0	0	0	0
35	9	16	3020	0	0	0	0
48	19	21	3020	0	0	0	0
301	126	151	3065	0	0	0	0
160	54	66	3044	0	0	0	0
92	61	32	3027	0	0	0	0
138	63	56	3048	0	0	0	0
9	1	2	3009	0	0	0	0
329	128	102	3087	0	0	0	0
5	2	2	3015	0	0	0	0
117	40	31	3029	0	0	0	0
68	12	16	3025	0	0	0	0
92	34	33	3025	0	0	0	0
259	93	89	3074	0	0	0	0
68	28	25	3035	0	0	0	0
7	3	3	3014	0	0	0	0
58	36	41	3018	0	0	0	0
111	58	40	3026	0	0	0	0
123	56	51	3023	0	0	0	0
246	117	90	3047	0	0	0	0
23	13	9	3018	0	0	0	0
59	19	13	3017	0	0	0	0
163	80	76	3037	0	0	0	0
74	42	35	3030	0	0	0	0
271	104	97	3069	0	0	0	0
151	57	62	3044	0	0	0	0
45	14	17	3015	0	0	0	0
189	74	66	3049	0	0	0	0
186	71	88	3048	0	0	0	0
119	50	68	3031	0	0	0	0
50	18	14	3017	0	0	0	0
171	84	79	3037	0	0	0	0
7	0	2	3010	0	0	0	0
190	72	75	3040	0	0	0	0
52	15	20	3035	0	0	0	0
124	49	36	3039	0	0	0	0
115	33	46	3027	0	0	0	0
16	4	4	3014	0	0	0	0
128	69	57	3061	0	0	0	0
286	102	144	3051	0	0	0	0
14	4	2	3010	0	0	0	0
224	96	75	3039	0	0	0	0
151	79	64	3041	0	0	0	0
27	5	11	3013	0	0	0	0
327	134	128	3087	0	0	0	0
79	27	29	3029	0	0	0	0
18	0	4	3017	0	0	0	0
56	17	12	3028	0	0	0	0
56	31	20	3019	0	0	0	0
15	1	8	3012	0	0	0	0
201	96	85	3046	0	0	0	0
112	32	55	3039	0	0	0	0
120	33	57	3038	0	0	0	0
23	7	18	3013	0	0	0	0
398	173	158	3092	0	0	0	0
20	12	5	3015	0	0	0	0
6	4	1	3010	0	0	0	0
237	91	84	3076	0	0	0	0
34	29	17	3020	0	0	0	0
274	126	121	3050	0	0	0	0
100	30	39	3024	0	0	0	0
85	29	27	3032	0	0	0	0
26	8	10	3014	0	0	0	0
72	24	29	3032	0	0	0	0
23	12	8	3014	0	0	0	0
30	9	18	3012	0	0	0	0
74	30	39	3023	0	0	0	0
80	37	22	3030	0	0	0	0
81	19	31	3022	0	0	0	0
164	76	67	3051	0	0	0	0
293	127	91	3048	0	0	0	0
96	53	33	3039	0	0	0	0
330	151	121	3070	0	0	0	0
350	141	159	3069	0	0	0	0
74	37	19	3023	0	0	0	0
129	43	51	3046	0	0	0	0
69	22	24	3026	0	0	0	0
275	134	119	3066	0	0	0	0
257	131	112	3047	0	0	0	0
30	17	21	3023	0	0	0	0
79	30	33	3020	0	0	0	0
247	96	94	3067	0	0	0	0
164	72	58	3059	0	0	0	0
224	104	82	3041	0	0	0	0
5	0	0	3012	0	0	0	0
180	74	70	3055	0	0	0	0
45	13	15	3024	0	0	0	0
63	31	12	3022	0	0	0	0
271	105	74	3054	0	0	0	0
360	156	141	3068	0	0	0	0
182	78	60	3037	0	0	0	0
8	3	9	3014	0	0	0	0
267	166	111	3069	0	0	0	0
3	1	3	3012	0	0	0	0
292	118	125	3060	0	0	0	0
301	138	128	3081	0	0	0	0
173	82	94	3037	0	0	0	0
170	57	62	3047	0	0	0	0
218	93	74	3046	0	0	0	0
94	38	43	3031	0	0	0	0
250	131	105	3086	0	0	0	0
23	9	2	3016	0	0	0	0
50	46	17	3021	0	0	0	0
25	12	15	3014	0	0	0	0
33	13	23	3013	0	0	0	0
19	7	4	3014	0	0	0	0
187	79	77	3053	0	0	0	0
45	9	15	3020	0	0	0	0
168	63	66	3049	0	0	0	0
71	41	32	3033	0	0	0	0
121	42	46	3041	0	0	0	0
200	85	100	3043	0	0	0	0
125	58	57	3058	0	0	0	0
93	51	35	3038	0	0	0	0
145	80	51	3031	0	0	0	0
8	9	7	3012	0	0	0	0
36	28	17	3015	0	0	0	0
203	79	104	3053	0	0	0	0
152	70	70	3054	0	0	0	0
111	36	44	3037	0	0	0	0
180	99	60	3071	0	0	0	0
17	5	1	3015	0	0	0	0
133	56	61	3027	0	0	0	0
261	91	98	3037	0	0	0	0
250	101	68	3074	0	0	0	0
12	2	4	3009	0	0	0	0
209	85	72	3049	0	0	0	0
17	5	5	3014	0	0	0	0
7	1	2	3009	0	0	0	0
34	11	14	3016	0	0	0	0
90	26	44	3027	0	0	0	0
24	6	16	3018	0	0	0	0
109	50	49	3038	0	0	0	0
16	9	9	3022	0	0	0	0
98	37	30	3028	0	0	0	0
60	18	22	3022	0	0	0	0
158	78	61	3046	0	0	0	0
23	9	7	3014	0	0	0	0
37	24	11	3024	0	0	0	0
108	49	35	3030	0	0	0	0
253	98	86	3049	0	0	0	0
293	152	118	3076	0	0	0	0
298	117	128	3049	0	0	0	0
8	2	8	3015	0	0	0	0
246	134	81	3062	0	0	0	0
209	109	97	3060	0	0	0	0
307	152	131	3069	0	0	0	0
7	6	3	3015	0	0	0	0
58	21	25	3020	0	0	0	0
101	41	48	3032	0	0	0	0
33	19	17	3018	0	0	0	0
12	5	11	3016	0	0	0	0
92	39	36	3031	0	0	0	0
80	32	29	3035	0	0	0	0
241	104	95	3069	0	0	0	0
143	74	55	3049	0	0	0	0
58	33	20	3029	0	0	0	0
160	69	55	3051	0	0	0	0
1	0	0	3012	0	0	0	0
153	56	62	3028	0	0	0	0
175	64	70	3050	0	0	0	0
38	18	18	3023	0	0	0	0
107	41	41	3040	0	0	0	0
294	109	98	3059	0	0	0	0
208	127	76	3056	0	0	0	0
330	153	94	3078	0	0	0	0
257	131	78	3057	0	0	0	0
19	7	7	3012	0	0	0	0
173	74	58	3036	0	0	0	0
69	19	25	3034	0	0	0	0
132	74	46	3025	0	0	0	0
308	121	133	3065	0	0	0	0
13	9	3	3016	0	0	0	0
173	55	91	3042	0	0	0	0
107	61	46	3030	0	0	0	0
171	97	59	3032	0	0	0	0
196	64	60	3047	0	0	0	0
245	110	80	3061	0	0	0	0
266	128	104	3057	0	0	0	0
252	135	83	3061	0	0	0	0
95	33	27	3041	0	0	0	0
78	36	23	3039	0	0	0	0
60	29	22	3023	0	0	0	0
265	129	96	3090	0	0	0	0
254	135	114	3066	0	0	0	0
88	53	33	3020	0	0	0	0
444	202	167	3097	0	0	0	0
33	13	13	3019	0	0	0	0
253	93	90	3069	0	0	0	0
73	45	30	3029	0	0	0	0
87	30	35	3026	0	0	0	0
173	104	76	3037	0	0	0	0
2	2	3	3011	0	0	0	0
17	4	8	3015	0	0	0	0
46	23	15	3020	0	0	0	0
73	52	37	3046	0	0	0	0
25	5	7	3016	0	0	0	0
113	61	44	3031	0	0	0	0
338	134	126	3115	0	0	0	0
172	54	59	3039	0	0	0	0
250	86	81	3061	0	0	0	0
174	92	54	3046	0	0	0	0
352	146	129	3057	0	0	0	0
282	131	115	3059	0	0	0	0
22	6	5	3012	0	0	0	0
2	0	0	3009	0	0	0	0
41	14	28	3022	0	0	0	0
261	87	113	3065	0	0	0	0
171	57	69	3055	0	0	0	0
17	8	7	3020	0	0	0	0
146	71	65	3041	0	0	0	0
113	69	39	3026	0	0	0	0
147	52	58	3044	0	0	0	0
271	134	102	3062	0	0	0	0
6	0	1	3014	0	0	0	0
39	14	16	3019	0	0	0	0
43	26	18	3019	0	0	0	0
13	2	6	3013	0	0	0	0
122	86	50	3045	0	0	0	0
163	67	62	3052	0	0	0	0
326	133	108	3058	0	0	0	0
55	36	22	3038	0	0	0	0
19	12	8	3023	0	0	0	0
107	53	53	3047	0	0	0	0
73	36	25	3029	0	0	0	0
63	17	20	3020	0	0	0	0
50	25	21	3019	0	0	0	0
98	55	37	3037	0	0	0	0
96	38	37	3036	0	0	0	0
102	49	61	3031	0	0	0	0
19	14	6	3011	0	0	0	0
171	81	76	3056	0	0	0	0
97	43	39	3033	0	0	0	0
69	11	34	3024	0	0	0	0
7	2	2	3018	0	0	0	0
38	6	11	3015	0	0	0	0
215	89	77	3044	0	0	0	0
159	55	53	3041	0	0	0	0
106	40	49	3039	0	0	0	0
10	2	1	3009	0	0	0	0
89	51	45	3029	0	0	0	0
278	118	115	3062	0	0	0	0
378	176	160	3075	0	0	0	0
11	7	5	3010	0	0	0	0
15	10	8	3020	0	0	0	0
90	54	35	3028	0	0	0	0
251	110	94	3063	0	0	0	0
36	12	16	3020	0	0	0	0
17	1	6	3018	0	0	0	0
227	101	121	3054	0	0	0	0
391	194	187	3073	0	0	0	0
136	36	55	3035	0	0	0	0
345	179	146	3081	0	0	0	0
25	5	13	3012	0	0	0	0
282	96	105	3069	0	0	0	0
11	2	4	3009	0	0	0	0
47	16	11	3015	0	0	0	0
123	59	56	3032	0	0	0	0
42	32	15	3020	0	0	0	0
27	8	8	3014	0	0	0	0
17	8	5	3016	0	0	0	0
3	1	5	3010	0	0	0	0
57	19	22	3022	0	0	0	0
41	22	25	3029	0	0	0	0
246	135	73	3062	0	0	0	0
71	26	27	3014	0	0	0	0
6	1	3	3011	0	0	0	0
119	62	67	3035	0	0	0	0
461	197	195	3097	0	0	0	0
107	36	48	3046	0	0	0	0
428	177	147	3093	0	0	0	0
2	3	2	3009	0	0	0	0
80	20	31	3025	0	0	0	0
92	45	34	3035	0	0	0	0
243	117	111	3068	0	0	0	0
323	179	122	3081	0	0	0	0
17	10	17	3017	0	0	0	0
265	109	95	3063	0	0	0	0
76	44	23	3025	0	0	0	0
183	82	67	3048	0	0	0	0
149	54	69	3034	0	0	0	0
110	69	40	3026	0	0	0	0
2	1	0	3009	0	0	0	0
7	2	0	3013	0	0	0	0
15	5	4	3017	0	0	0	0
69	17	25	3020	0	0	0	0
202	65	55	3046	0	0	0	0
103	51	36	3037	0	0	0	0
430	184	170	3113	0	0	0	0
27	7	6	3015	0	0	0	0
317	115	120	3082	0	0	0	0
157	69	84	3044	0	0	0	0
8	3	0	3017	0	0	0	0
271	100	77	3067	0	0	0	0
28	7	16	3014	0	0	0	0
56	37	31	3017	0	0	0	0
131	41	55	3041	0	0	0	0
99	54	34	3041	0	0	0	0
42	13	16	3019	0	0	0	0
36	14	14	3018	0	0	0	0
122	64	42	3023	0	0	0	0
127	58	47	3043	0	0	0	0
89	56	29	3040	0	0	0	0
115	42	43	3046	0	0	0	0
365	147	149	3073	0	0	0	0
38	17	8	3013	0	0	0	0
178	93	85	3063	0	0	0	0
238	113	107	3061	0	0	0	0
253	115	103	3059	0	0	0	0
199	105	75	3051	0	0	0	0
29	9	7	3021	0	0	0	0
15	3	13	3010	0	0	0	0
41	26	20	3023	0	0	0	0
244	94	92	3067	0	0	0	0
69	21	34	3019	0	0	0	0
324	129	114	3069	0	0	0	0
19	3	4	3015	0	0	0	0
215	91	97	3066	0	0	0	0
246	87	95	3056	0	0	0	0
291	134	113	3086	0	0	0	0
21	6	7	3015	0	0	0	0
326	150	131	3060	0	0	0	0
195	84	79	3042	0	0	0	0
55	23	17	3017	0	0	0	0
38	23	19	3019	0	0	0	0
286	122	113	3057	0	0	0	0
94	44	37	3024	0	0	0	0
27	6	8	3014	0	0	0	0
155	65	66	3030	0	0	0	0
116	62	57	3034	0	0	0	0
372	173	148	3089	0	0	0	0
14	7	8	3018	0	0	0	0
42	18	23	3017	0	0	0	0
31	13	6	3015	0	0	0	0
242	89	78	3043	0	0	0	0
146	77	53	3042	0	0	0	0
201	119	75	3046	0	0	0	0
15	5	4	3013	0	0	0	0
3	0	5	3009	0	0	0	0
314	97	128	3053	0	0	0	0
156	84	67	3042	0	0	0	0
96	42	40	3028	0	0	0	0
171	73	61	3040	0	0	0	0
157	44	51	3040	0	0	0	0
83	34	44	3031	0	0	0	0
82	52	36	3030	0	0	0	0
166	82	76	3053	0	0	0	0
127	40	51	3054	0	0	0	0
165	80	76	3044	0	0	0	0
135	60	37	3042	0	0	0	0
71	35	22	3036	0	0	0	0
48	9	13	3018	0	0	0	0
151	78	57	3046	0	0	0	0
20	4	5	3019	0	0	0	0
15	15	5	3016	0	0	0	0
23	11	12	3010	0	0	0	0
83	34	25	3030	0	0	0	0
220	124	89	3070	0	0	0	0
43	33	13	3034	0	0	0	0
51	18	15	3025	0	0	0	0
198	81	76	3066	0	0	0	0
200	86	76	3064	0	0	0	0
236	122	99	3050	0	0	0	0
33	18	18	3026	0	0	0	0
45	21	26	3021	0	0	0	0
53	15	19	3013	0	0	0	0
52	26	33	3035	0	0	0	0
149	80	48	3034	0	0	0	0
44	33	27	3014	0	0	0	0
64	21	38	3031	0	0	0	0
35	24	13	3028	0	0	0	0
23	9	14	3014	0	0	0	0
59	24	30	3020	0	0	0	0
26	8	16	3013	0	0	0	0
17	10	6	3021	0	0	0	0
104	35	21	3033	0	0	0	0
56	15	20	3019	0	0	0	0
49	13	15	3024	0	0	0	0
240	105	88	3071	0	0	0	0
175	77	65	3036	0	0	0	0
131	52	43	3042	0	0	0	0
9	3	4	3009	0	0	0	0
41	11	16	3022	0	0	0	0
69	31	24	3021	0	0	0	0
56	37	22	3027	0	0	0	0
22	16	18	3021	0	0	0	0
3	1	3	3010	0	0	0	0
247	138	98	3055	0	0	0	0
106	40	42	3029	0	0	0	0
67	24	31	3018	0	0	0	0
348	153	157	3059	0	0	0	0
223	108	85	3045	0	0	0	0
217	84	77	3057	0	0	0	0
34	10	11	3014	0	0	0	0
224	94	83	3050	0	0	0	0
45	12	11	3025	0	0	0	0
29	16	5	3021	0	0	0	0
32	4	9	3020	0	0	0	0
83	24	29	3045	0	0	0	0
63	34	29	3032	0	0	0	0
163	83	93	3054	0	0	0	0
44	23	16	3020	0	0	0	0
150	64	47	3039	0	0	0	0
180	71	72	3042	0	0	0	0
129	45	43	3057	0	0	0	0
47	10	23	3024	0	0	0	0
13	3	2	3010	0	0	0	0
109	35	37	3029	0	0	0	0
314	119	109	3072	0	0	0	0
37	6	10	3024	0	0	0	0
46	29	16	3015	0	0	0	0
417	178	174	3090	0	0	0	0
38	16	8	3012	0	0	0	0
52	29	21	3018	0	0	0	0
10	6	3	3010	0	0	0	0
26	5	11	3015	0	0	0	0
49	9	16	3019	0	0	0	0
201	78	72	3037	0	0	0	0
76	24	37	3022	0	0	0	0
31	10	10	3016	0	0	0	0
168	83	54	3034	0	0	0	0
197	96	85	3040	0	0	0	0
22	14	16	3021	0	0	0	0
33	13	15	3022	0	0	0	0
139	47	42	3032	0	0	0	0
35	14	10	3014	0	0	0	0
73	23	30	3024	0	0	0	0
15	1	14	3009	0	0	0	0
164	67	77	3035	0	0	0	0
141	63	49	3066	0	0	0	0
236	98	89	3047	0	0	0	0
9	4	9	3015	0	0	0	0
185	61	65	3038	0	0	0	0
181	82	71	3044	0	0	0	0
51	26	14	3015	0	0	0	0
35	12	14	3020	0	0	0	0
368	194	158	3072	0	0	0	0
37	21	13	3018	0	0	0	0
164	48	59	3043	0	0	0	0
304	170	128	3068	0	0	0	0
95	74	44	3024	0	0	0	0
94	44	47	3038	0	0	0	0
184	90	71	3050	0	0	0	0
38	20	16	3018	0	0	0	0
75	43	33	3044	0	0	0	0
37	7	13	3022	0	0	0	0
120	56	55	3026	0	0	0	0
12	2	9	3010	0	0	0	0
232	99	90	3043	0	0	0	0
98	28	38	3034	0	0	0	0
65	23	22	3033	0	0	0	0
42	26	22	3016	0	0	0	0
95	45	47	3039	0	0	0	0
38	25	23	3023	0	0	0	0
24	6	13	3012	0	0	0	0
30	7	8	3012	0	0	0	0
13	2	3	3017	0	0	0	0
358	151	146	3083	0	0	0	0
250	98	93	3043	0	0	0	0
23	5	12	3013	0	0	0	0
327	146	116	3077	0	0	0	0
67	33	25	3034	0	0	0	0
226	116	62	3069	0	0	0	0
146	69	68	3042	0	0	0	0
71	23	20	3020	0	0	0	0
99	27	44	3019	0	0	0	0
137	60	58	3036	0	0	0	0
154	54	50	3045	0	0	0	0
127	53	38	3026	0	0	0	0
32	11	12	3016	0	0	0	0
72	26	27	3021	0	0	0	0
42	23	15	3022	0	0	0	0
165	60	67	3063	0	0	0	0
151	66	64	3049	0	0	0	0
92	29	35	3023	0	0	0	0
177	89	87	3054	0	0	0	0
259	77	82	3042	0	0	0	0
22	7	5	3013	0	0	0	0
294	125	124	3099	0	0	0	0
256	107	136	3069	0	0	0	0
259	115	91	3056	0	0	0	0
285	125	107	3053	0	0	0	0
143	66	46	3051	0	0	0	0
164	75	60	3054	0	0	0	0
231	117	92	3057	0	0	0	0
67	23	29	3020	0	0	0	0
12	3	3	3012	0	0	0	0
319	145	101	3047	0	0	0	0
382	173	165	3082	0	0	0	0
291	125	115	3089	0	0	0	0
45	25	29	3020	0	0	0	0
166	61	49	3042	0	0	0	0
456	203	180	3072	0	0	0	0
227	101	79	3059	0	0	0	0
25	14	4	3027	0	0	0	0
155	71	52	3029	0	0	0	0
83	50	36	3031	0	0	0	0
293	89	105	3068	0	0	0	0
23	16	10	3018	0	0	0	0
120	58	44	3029	0	0	0	0
269	86	104	3061	0	0	0	0
15	14	7	3010	0	0	0	0
314	136	117	3052	0	0	0	0
277	124	111	3069	0	0	0	0
159	56	44	3041	0	0	0	0
11	4	6	3010	0	0	0	0
217	89	90	3049	0	0	0	0
8	6	6	3015	0	0	0	0
139	49	37	3039	0	0	0	0
216	129	88	3057	0	0	0	0
30	4	12	3009	0	0	0	0
91	32	32	3030	0	0	0	0
15	7	5	3010	0	0	0	0
83	30	34	3029	0	0	0	0
53	14	15	3019	0	0	0	0
299	144	138	3086	0	0	0	0
213	98	90	3059	0	0	0	0
26	9	3	3014	0	0	0	0
90	53	34	3033	0	0	0	0
287	128	111	3041	0	0	0	0
49	21	20	3025	0	0	0	0
344	153	156	3074	0	0	0	0
33	12	19	3023	0	0	0	0
71	42	32	3021	0	0	0	0
196	107	79	3043	0	0	0	0
120	48	45	3044	0	0	0	0
40	25	17	3018	0	0	0	0
133	54	45	3034	0	0	0	0
225	93	81	3049	0	0	0	0
232	82	79	3055	0	0	0	0
108	58	54	3044	0	0	0	0
87	41	35	3030	0	0	0	0
38	16	17	3024	0	0	0	0
82	35	30	3029	0	0	0	0
138	42	49	3032	0	0	0	0
32	18	20	3013	0	0	0	0
169	75	61	3052	0	0	0	0
202	82	90	3069	0	0	0	0
39	14	14	3020	0	0	0	0
52	20	16	3016	0	0	0	0
301	119	108	3082	0	0	0	0
189	76	79	3048	0	0	0	0
285	133	125	3053	0	0	0	0
264	111	91	3073	0	0	0	0
5	3	2	3010	0	0	0	0
254	158	109	3081	0	0	0	0
35	12	15	3018	0	0	0	0
109	57	43	3031	0	0	0	0
56	26	21	3017	0	0	0	0
70	34	38	3031	0	0	0	0
147	58	66	3041	0	0	0	0
332	133	159	3098	0	0	0	0
192	62	66	3055	0	0	0	0
3	1	4	3010	0	0	0	0
5	2	7	3016	0	0	0	0
155	97	62	3039	0	0	0	0
7	2	3	3011	0	0	0	0
77	37	27	3025	0	0	0	0
219	93	87	3066	0	0	0	0
164	64	68	3046	0	0	0	0
186	87	88	3046	0	0	0	0
124	53	60	3044	0	0	0	0
20	3	7	3013	0	0	0	0
29	14	13	3014	0	0	0	0
5	1	4	3013	0	0	0	0
230	103	93	3061	0	0	0	0
145	47	66	3067	0	0	0	0
213	146	93	3078	0	0	0	0
92	28	34	3018	0	0	0	0
298	122	107	3077	0	0	0	0
193	93	65	3047	0	0	0	0
8	4	4	3010	0	0	0	0
107	37	57	3030	0	0	0	0
23	9	10	3014	0	0	0	0
41	12	11	3020	0	0	0	0
9	2	2	3016	0	0	0	0
258	67	92	3056	0	0	0	0
304	129	116	3062	0	0	0	0
246	91	80	3049	0	0	0	0
219	98	97	3070	0	0	0	0
15	8	3	3016	0	0	0	0
123	43	42	3025	0	0	0	0
220	110	83	3039	0	0	0	0
312	94	87	3060	0	0	0	0
121	49	58	3031	0	0	0	0
92	38	38	3042	0	0	0	0
129	50	40	3030	0	0	0	0
51	11	12	3028	0	0	0	0
7	1	3	3013	0	0	0	0
340	181	135	3080	0	0	0	0
340	121	113	3091	0	0	0	0
274	118	115	3064	0	0	0	0
21	11	7	3015	0	0	0	0
22	10	5	3019	0	0	0	0
64	22	30	3027	0	0	0	0
57	20	18	3023	0	0	0	0
322	119	115	3064	0	0	0	0
117	40	48	3045	0	0	0	0
352	174	115	3053	0	0	0	0
95	46	57	3031	0	0	0	0
31	23	16	3020	0	0	0	0
8	1	4	3012	0	0	0	0
263	109	115	3064	0	0	0	0
88	37	29	3021	0	0	0	0
35	19	16	3013	0	0	0	0
114	34	32	3040	0	0	0	0
115	39	37	3037	0	0	0	0
15	0	2	3014	0	0	0	0
263	92	87	3050	0	0	0	0
25	13	13	3017	0	0	0	0
209	85	86	3053	0	0	0	0
23	9	9	3013	0	0	0	0
306	129	115	3078	0	0	0	0
36	13	18	3014	0	0	0	0
237	107	78	3046	0	0	0	0
245	86	90	3062	0	0	0	0
12	4	4	3010	0	0	0	0
245	109	74	3049	0	0	0	0
256	93	89	3061	0	0	0	0
179	86	63	3056	0	0	0	0
175	80	73	3052	0	0	0	0
121	53	56	3041	0	0	0	0
201	86	71	3035	0	0	0	0
64	36	31	3027	0	0	0	0
349	148	142	3066	0	0	0	0
257	139	113	3049	0	0	0	0
4	1	2	3012	0	0	0	0
240	119	99	3059	0	0	0	0
64	32	29	3029	0	0	0	0
61	13	19	3024	0	0	0	0
34	12	8	3020	0	0	0	0
148	77	50	3048	0	0	0	0
38	19	13	3013	0	0	0	0
14	1	5	3017	0	0	0	0
79	37	24	3029	0	0	0	0
30	8	9	3015	0	0	0	0
244	85	78	3061	0	0	0	0
7	6	0	3012	0	0	0	0
215	71	102	3057	0	0	0	0
332	152	131	3084	0	0	0	0
190	92	75	3059	0	0	0	0
200	94	93	3052	0	0	0	0
119	53	45	3041	0	0	0	0
381	187	147	3071	0	0	0	0
132	76	51	3039	0	0	0	0
255	94	112	3078	0	0	0	0
136	41	50	3032	0	0	0	0
73	36	40	3019	0	0	0	0
25	11	8	3022	0	0	0	0
4	0	1	3010	0	0	0	0
40	20	10	3024	0	0	0	0
15	3	4	3015	0	0	0	0
395	170	166	3116	0	0	0	0
189	70	71	3059	0	0	0	0
38	9	13	3015	0	0	0	0
270	138	86	3052	0	0	0	0
221	120	92	3048	0	0	0	0
4	1	1	3011	0	0	0	0
6	5	3	3014	0	0	0	0
395	178	148	3088	0	0	0	0
72	44	28	3045	0	0	0	0
97	50	31	3030	0	0	0	0
14	9	5	3017	0	0	0	0
144	72	73	3051	0	0	0	0
43	23	15	3019	0	0	0	0
18	5	6	3012	0	0	0	0
183	84	67	3051	0	0	0	0
143	57	44	3036	0	0	0	0
6	2	4	3014	0	0	0	0
77	29	37	3030	0	0	0	0
500	194	202	3073	0	0	0	0
168	82	65	3053	0	0	0	0
187	88	89	3069	0	0	0	0
123	61	38	3034	0	0	0	0
33	15	10	3017	0	0	0	0
7	1	3	3012	0	0	0	0
162	66	61	3058	0	0	0	0
57	20	21	3019	0	0	0	0
121	53	37	3037	0	0	0	0
214	90	74	3061	0	0	0	0
11	3	1	3013	0	0	0	0
75	50	26	3028	0	0	0	0
50	14	11	3014	0	0	0	0
43	25	18	3019	0	0	0	0
180	98	72	3031	0	0	0	0
68	25	22	3040	0	0	0	0
284	110	115	3064	0	0	0	0
138	68	66	3035	0	0	0	0
39	10	5	3022	0	0	0	0
267	120	101	3068	0	0	0	0
33	20	25	3018	0	0	0	0
205	79	79	3038	0	0	0	0
154	52	71	3034	0	0	0	0
104	85	49	3029	0	0	0	0
93	29	35	3040	0	0	0	0
25	21	5	3021	0	0	0	0
28	9	9	3015	0	0	0	0
13	6	2	3013	0	0	0	0
45	23	19	3021	0	0	0	0
187	82	81	3049	0	0	0	0
132	69	61	3034	0	0	0	0
247	112	97	3052	0	0	0	0
21	21	10	3019	0	0	0	0
182	53	71	3038	0	0	0	0
117	58	55	3060	0	0	0	0
171	73	72	3045	0	0	0	0
304	147	112	3043	0	0	0	0
180	94	77	3038	0	0	0	0
133	36	37	3036	0	0	0	0
319	127	100	3075	0	0	0	0
86	57	53	3041	0	0	0	0
168	91	73	3034	0	0	0	0
164	59	65	3037	0	0	0	0
120	58	45	3050	0	0	0	0
7	1	4	3012	0	0	0	0
105	50	46	3049	0	0	0	0
275	108	79	3061	0	0	0	0
71	17	18	3022	0	0	0	0
120	46	37	3033	0	0	0	0
5	1	4	3010	0	0	0	0
22	5	6	3012	0	0	0	0
75	29	26	3019	0	0	0	0
253	112	90	3061	0	0	0	0
62	38	20	3026	0	0	0	0
146	71	69	3045	0	0	0	0
54	9	23	3016	0	0	0	0
164	63	56	3062	0	0	0	0
121	38	60	3025	0	0	0	0
165	60	64	3031	0	0	0	0
123	54	44	3038	0	0	0	0
183	67	69	3039	0	0	0	0
41	8	12	3014	0	0	0	0
132	51	53	3029	0	0	0	0
100	41	42	3040	0	0	0	0
204	96	89	3038	0	0	0	0
331	131	136	3046	0	0	0	0
42	21	25	3025	0	0	0	0
107	55	47	3034	0	0	0	0
3	0	2	3011	0	0	0	0
133	54	57	3043	0	0	0	0
396	172	175	3119	0	0	0	0
19	7	7	3012	0	0	0	0
7	1	4	3011	0	0	0	0
135	65	67	3034	0	0	0	0
28	5	14	3011	0	0	0	0
28	22	14	3014	0	0	0	0
70	36	49	3024	0	0	0	0
39	19	12	3023	0	0	0	0
159	78	73	3038	0	0	0	0
237	116	92	3037	0	0	0	0
148	63	63	3032	0	0	0	0
108	45	48	3047	0	0	0	0
33	5	7	3016	0	0	0	0
162	87	75	3042	0	0	0	0
98	35	43	3029	0	0	0	0
145	42	74	3040	0	0	0	0
96	42	32	3053	0	0	0	0
372	152	123	3094	0	0	0	0
95	37	56	3039	0	0	0	0
151	83	55	3043	0	0	0	0
139	57	47	3029	0	0	0	0
59	25	39	3027	0	0	0	0
195	93	99	3041	0	0	0	0
206	73	85	3046	0	0	0	0
69	24	15	3024	0	0	0	0
102	43	31	3031	0	0	0	0
28	20	6	3014	0	0	0	0
114	67	57	3024	0	0	0	0
52	28	18	3013	0	0	0	0
238	102	103	3066	0	0	0	0
291	140	119	3075	0	0	0	0
232	107	104	3067	0	0	0	0
64	31	27	3025	0	0	0	0
174	96	96	3045	0	0	0	0
114	68	49	3019	0	0	0	0
35	11	9	3018	0	0	0	0
245	86	80	3074	0	0	0	0
69	46	41	3023	0	0	0	0
56	26	17	3025	0	0	0	0
35	9	6	3015	0	0	0	0
92	55	32	3038	0	0	0	0
69	38	45	3032	0	0	0	0
197	75	73	3074	0	0	0	0
17	1	6	3010	0	0	0	0
278	144	113	3081	0	0	0	0
88	38	40	3037	0	0	0	0
7	4	2	3013	0	0	0	0
251	136	85	3073	0	0	0	0
89	48	51	3016	0	0	0	0
270	108	90	3050	0	0	0	0
57	16	14	3038	0	0	0	0
22	6	5	3014	0	0	0	0
12	9	8	3015	0	0	0	0
196	94	69	3059	0	0	0	0
208	73	76	3055	0	0	0	0
68	28	33	3029	0	0	0	0
180	71	67	3040	0	0	0	0
133	54	46	3044	0	0	0	0
102	43	37	3042	0	0	0	0
36	14	15	3026	0	0	0	0
311	117	126	3055	0	0	0	0
134	64	56	3038	0	0	0	0
33	15	17	3020	0	0	0	0
173	79	93	3053	0	0	0	0
316	147	143	3068	0	0	0	0
359	192	131	3104	0	0	0	0
33	17	14	3022	0	0	0	0
89	38	34	3021	0	0	0	0
130	58	51	3051	0	0	0	0
345	139	145	3100	0	0	0	0
189	92	87	3053	0	0	0	0
113	43	53	3035	0	0	0	0
6	2	0	3014	0	0	0	0
114	48	55	3033	0	0	0	0
31	7	14	3016	0	0	0	0
54	21	28	3017	0	0	0	0
43	19	17	3023	0	0	0	0
14	6	7	3016	0	0	0	0
82	40	42	3022	0	0	0	0
347	117	132	3080	0	0	0	0
108	42	44	3035	0	0	0	0
20	8	7	3016	0	0	0	0
70	54	43	3026	0	0	0	0
64	47	26	3021	0	0	0	0
208	99	97	3064	0	0	0	0
81	40	35	3032	0	0	0	0
18	10	13	3019	0	0	0	0
156	40	59	3038	0	0	0	0
358	129	129	3079	0	0	0	0
202	88	79	3062	0	0	0	0
194	86	90	3055	0	0	0	0
21	5	6	3017	0	0	0	0
142	73	60	3040	0	0	0	0
310	138	123	3065	0	0	0	0
109	35	53	3027	0	0	0	0
19	4	4	3009	0	0	0	0
46	9	19	3018	0	0	0	0
71	42	29	3036	0	0	0	0
309	127	119	3063	0	0	0	0
237	90	81	3047	0	0	0	0
46	21	15	3017	0	0	0	0
