131	48	49	3045	0	0	0	0
22	12	5	3015	0	0	0	0
71	39	26	3030	0	0	0	0
62	24	21	3022	0	0	0	0
34	22	20	3017	0	0	0	0
21	8	6	3014	0	0	0	0
10	1	8	3010	0	0	0	0
207	70	66	3056	0	0	0	0
9	10	4	3014	0	0	0	0
157	54	52	3039	0	0	0	0
49	14	22	3049	0	0	0	0
37	16	19	3024	0	0	0	0
125	59	52	3045	0	0	0	0
14	1	9	3016	0	0	0	0
97	47	35	3023	0	0	0	0
18	5	6	3013	0	0	0	0
4	1	1	3010	0	0	0	0
80	23	21	3019	0	0	0	0
70	33	33	3030	0	0	0	0
87	33	24	3029	0	0	0	0
34	13	13	3016	0	0	0	0
91	31	30	3035	0	0	0	0
110	37	51	3031	0	0	0	0
69	26	27	3022	0	0	0	0
111	27	35	3030	0	0	0	0
15	7	10	3011	0	0	0	0
4	0	0	3009	0	0	0	0
12	10	3	3012	0	0	0	0
140	70	52	3053	0	0	0	0
17	13	7	3018	0	0	0	0
161	70	57	3045	0	0	0	0
46	34	19	3024	0	0	0	0
143	77	57	3054	0	0	0	0
9	1	4	3014	0	0	0	0
97	37	36	3017	0	0	0	0
172	74	76	3049	0	0	0	0
28	11	12	3021	0	0	0	0
23	13	5	3014	0	0	0	0
82	43	29	3030	0	0	0	0
41	15	14	3013	0	0	0	0
96	38	32	3051	0	0	0	0
85	45	40	3040	0	0	0	0
190	53	59	3052	0	0	0	0
113	44	46	3027	0	0	0	0
153	65	71	3025	0	0	0	0
147	65	72	3039	0	0	0	0
141	49	38	3034	0	0	0	0
5	0	2	3009	0	0	0	0
57	34	17	3024	0	0	0	0
38	5	27	3009	0	0	0	0
85	46	18	3034	0	0	0	0
39	26	18	3020	0	0	0	0
13	13	7	3016	0	0	0	0
190	68	68	3042	0	0	0	0
64	18	24	3022	0	0	0	0
88	40	26	3037	0	0	0	0
154	68	69	3056	0	0	0	0
80	50	32	3030	0	0	0	0
146	72	60	3033	0	0	0	0
256	114	109	3069	0	0	0	0
73	41	38	3029	0	0	0	0
135	59	69	3029	0	0	0	0
54	19	21	3015	0	0	0	0
183	93	63	3058	0	0	0	0
238	97	93	3035	0	0	0	0
100	35	42	3033	0	0	0	0
16	5	13	3011	0	0	0	0
48	11	29	3016	0	0	0	0
13	3	5	3012	0	0	0	0
37	24	11	3024	0	0	0	0
208	130	100	3069	0	0	0	0
46	19	24	3022	0	0	0	0
19	10	8	3016	0	0	0	0
63	9	22	3027	0	0	0	0
97	37	38	3028	0	0	0	0
36	10	11	3018	0	0	0	0
139	69	62	3030	0	0	0	0
125	52	42	3022	0	0	0	0
44	28	14	3028	0	0	0	0
10	6	7	3017	0	0	0	0
84	40	42	3026	0	0	0	0
2	3	1	3010	0	0	0	0
4	1	3	3010	0	0	0	0
170	72	76	3040	0	0	0	0
186	46	49	3037	0	0	0	0
215	75	80	3073	0	0	0	0
87	28	35	3035	0	0	0	0
35	19	13	3018	0	0	0	0
186	76	81	3037	0	0	0	0
161	63	62	3038	0	0	0	0
103	51	43	3024	0	0	0	0
59	23	35	3019	0	0	0	0
36	11	7	3021	0	0	0	0
59	31	31	3023	0	0	0	0
54	19	19	3025	0	0	0	0
21	10	10	3013	0	0	0	0
23	2	12	3012	0	0	0	0
61	18	17	3019	0	0	0	0
101	61	45	3029	0	0	0	0
4	4	2	3009	0	0	0	0
199	69	74	3041	0	0	0	0
21	8	15	3013	0	0	0	0
114	51	48	3052	0	0	0	0
142	61	58	3045	0	0	0	0
106	48	34	3022	0	0	0	0
137	63	53	3050	0	0	0	0
69	38	34	3018	0	0	0	0
16	6	4	3010	0	0	0	0
19	13	6	3015	0	0	0	0
139	80	64	3029	0	0	0	0
127	55	47	3037	0	0	0	0
118	50	56	3023	0	0	0	0
181	66	80	3045	0	0	0	0
243	103	97	3049	0	0	0	0
229	117	80	3039	0	0	0	0
101	36	57	3038	0	0	0	0
64	18	24	3029	0	0	0	0
80	24	27	3027	0	0	0	0
236	98	82	3056	0	0	0	0
30	11	9	3016	0	0	0	0
104	18	28	3030	0	0	0	0
211	109	98	3033	0	0	0	0
52	32	22	3032	0	0	0	0
82	41	34	3030	0	0	0	0
69	31	30	3028	0	0	0	0
43	20	17	3019	0	0	0	0
81	26	31	3024	0	0	0	0
378	153	140	3080	0	0	0	0
148	63	61	3045	0	0	0	0
22	15	6	3020	0	0	0	0
12	2	5	3011	0	0	0	0
107	35	42	3022	0	0	0	0
158	61	49	3041	0	0	0	0
70	40	31	3025	0	0	0	0
10	12	7	3018	0	0	0	0
26	15	14	3018	0	0	0	0
54	14	13	3021	0	0	0	0
138	49	57	3021	0	0	0	0
57	40	24	3021	0	0	0	0
131	41	70	3036	0	0	0	0
165	48	64	3035	0	0	0	0
80	34	32	3033	0	0	0	0
102	45	37	3042	0	0	0	0
29	21	10	3018	0	0	0	0
49	33	20	3022	0	0	0	0
105	54	41	3040	0	0	0	0
102	30	41	3026	0	0	0	0
107	55	44	3023	0	0	0	0
26	9	8	3010	0	0	0	0
60	29	18	3025	0	0	0	0
51	21	19	3021	0	0	0	0
14	4	10	3009	0	0	0	0
173	63	56	3039	0	0	0	0
154	69	66	3041	0	0	0	0
240	126	72	3054	0	0	0	0
107	35	28	3020	0	0	0	0
62	33	30	3024	0	0	0	0
84	29	29	3028	0	0	0	0
111	43	42	3045	0	0	0	0
29	7	6	3018	0	0	0	0
80	34	30	3030	0	0	0	0
176	69	60	3034	0	0	0	0
178	73	78	3044	0	0	0	0
223	85	95	3053	0	0	0	0
84	26	21	3025	0	0	0	0
52	19	17	3022	0	0	0	0
8	1	1	3009	0	0	0	0
94	32	39	3025	0	0	0	0
5	2	2	3015	0	0	0	0
21	3	5	3012	0	0	0	0
61	12	11	3020	0	0	0	0
256	115	133	3047	0	0	0	0
191	80	66	3047	0	0	0	0
132	50	52	3059	0	0	0	0
204	73	47	3058	0	0	0	0
179	53	67	3046	0	0	0	0
53	24	21	3018	0	0	0	0
60	29	15	3022	0	0	0	0
151	60	63	3035	0	0	0	0
20	8	8	3018	0	0	0	0
94	35	32	3033	0	0	0	0
80	26	27	3025	0	0	0	0
19	13	6	3019	0	0	0	0
110	62	34	3028	0	0	0	0
79	24	38	3050	0	0	0	0
273	123	123	3060	0	0	0	0
126	32	48	3034	0	0	0	0
6	2	2	3010	0	0	0	0
151	60	54	3035	0	0	0	0
50	18	14	3017	0	0	0	0
170	61	67	3040	0	0	0	0
7	0	2	3010	0	0	0	0
44	15	25	3024	0	0	0	0
125	50	51	3043	0	0	0	0
44	19	18	3025	0	0	0	0
38	14	19	3017	0	0	0	0
14	4	4	3012	0	0	0	0
140	64	46	3041	0	0	0	0
205	90	91	3041	0	0	0	0
14	4	2	3010	0	0	0	0
231	104	74	3037	0	0	0	0
102	65	34	3040	0	0	0	0
38	10	15	3018	0	0	0	0
69	30	23	3022	0	0	0	0
98	40	29	3032	0	0	0	0
38	10	9	3018	0	0	0	0
233	99	79	3061	0	0	0	0
25	6	7	3020	0	0	0	0
228	103	86	3044	0	0	0	0
75	23	29	3026	0	0	0	0
96	46	53	3036	0	0	0	0
182	72	62	3052	0	0	0	0
6	1	4	3011	0	0	0	0
174	79	62	3055	0	0	0	0
20	11	5	3014	0	0	0	0
66	26	25	3016	0	0	0	0
285	116	93	3060	0	0	0	0
115	37	59	3023	0	0	0	0
144	52	42	3028	0	0	0	0
100	43	46	3017	0	0	0	0
73	23	27	3017	0	0	0	0
26	8	10	3014	0	0	0	0
92	46	33	3033	0	0	0	0
23	12	10	3014	0	0	0	0
41	16	23	3013	0	0	0	0
95	30	48	3023	0	0	0	0
50	17	23	3021	0	0	0	0
99	27	42	3025	0	0	0	0
44	17	19	3027	0	0	0	0
209	113	90	3042	0	0	0	0
51	15	18	3027	0	0	0	0
393	145	145	3072	0	0	0	0
151	64	60	3048	0	0	0	0
154	63	56	3039	0	0	0	0
73	51	37	3035	0	0	0	0
77	34	29	3024	0	0	0	0
341	144	124	3087	0	0	0	0
54	33	24	3020	0	0	0	0
44	24	15	3021	0	0	0	0
57	17	22	3019	0	0	0	0
106	43	55	3029	0	0	0	0
86	53	31	3018	0	0	0	0
155	54	71	3039	0	0	0	0
5	0	0	3012	0	0	0	0
161	79	68	3045	0	0	0	0
74	49	33	3029	0	0	0	0
36	19	7	3018	0	0	0	0
176	57	50	3042	0	0	0	0
310	119	146	3056	0	0	0	0
179	77	60	3031	0	0	0	0
8	3	8	3014	0	0	0	0
83	67	51	3033	0	0	0	0
3	1	3	3012	0	0	0	0
101	46	54	3020	0	0	0	0
95	42	29	3033	0	0	0	0
87	37	31	3036	0	0	0	0
50	31	29	3020	0	0	0	0
43	20	24	3016	0	0	0	0
47	27	14	3022	0	0	0	0
33	15	5	3025	0	0	0	0
24	12	5	3017	0	0	0	0
24	13	9	3012	0	0	0	0
166	68	62	3032	0	0	0	0
141	54	53	3032	0	0	0	0
62	14	23	3019	0	0	0	0
191	85	71	3039	0	0	0	0
45	9	15	3020	0	0	0	0
214	94	71	3055	0	0	0	0
81	32	36	3018	0	0	0	0
90	34	34	3025	0	0	0	0
58	31	21	3030	0	0	0	0
215	99	81	3049	0	0	0	0
79	59	28	3034	0	0	0	0
109	57	39	3032	0	0	0	0
8	8	6	3011	0	0	0	0
8	4	3	3010	0	0	0	0
49	27	23	3021	0	0	0	0
173	93	75	3032	0	0	0	0
32	9	12	3023	0	0	0	0
161	70	44	3036	0	0	0	0
17	5	1	3015	0	0	0	0
81	32	26	3021	0	0	0	0
144	47	51	3026	0	0	0	0
62	20	20	3026	0	0	0	0
12	2	4	3009	0	0	0	0
236	89	83	3051	0	0	0	0
17	5	5	3014	0	0	0	0
7	1	2	3009	0	0	0	0
50	22	22	3020	0	0	0	0
40	14	16	3023	0	0	0	0
78	34	29	3026	0	0	0	0
56	28	31	3027	0	0	0	0
18	11	5	3025	0	0	0	0
217	94	83	3050	0	0	0	0
31	20	13	3018	0	0	0	0
159	74	61	3043	0	0	0	0
65	31	12	3022	0	0	0	0
67	26	39	3035	0	0	0	0
165	85	73	3042	0	0	0	0
93	29	38	3024	0	0	0	0
158	65	66	3030	0	0	0	0
144	72	63	3027	0	0	0	0
8	2	8	3015	0	0	0	0
64	39	19	3019	0	0	0	0
241	92	103	3068	0	0	0	0
143	78	59	3027	0	0	0	0
9	8	5	3014	0	0	0	0
33	13	14	3018	0	0	0	0
92	38	22	3040	0	0	0	0
31	14	15	3021	0	0	0	0
9	4	4	3021	0	0	0	0
80	32	40	3021	0	0	0	0
120	60	55	3032	0	0	0	0
56	23	29	3020	0	0	0	0
56	19	20	3032	0	0	0	0
56	24	16	3022	0	0	0	0
256	86	114	3060	0	0	0	0
1	0	0	3012	0	0	0	0
49	21	27	3024	0	0	0	0
23	4	2	3019	0	0	0	0
218	75	89	3048	0	0	0	0
33	10	9	3018	0	0	0	0
218	54	56	3045	0	0	0	0
197	71	73	3055	0	0	0	0
107	50	43	3050	0	0	0	0
170	97	57	3034	0	0	0	0
19	7	7	3012	0	0	0	0
56	27	16	3021	0	0	0	0
126	34	47	3042	0	0	0	0
34	6	10	3018	0	0	0	0
74	26	26	3021	0	0	0	0
133	45	63	3037	0	0	0	0
77	19	25	3019	0	0	0	0
199	118	100	3061	0	0	0	0
109	55	28	3028	0	0	0	0
71	27	27	3025	0	0	0	0
137	34	59	3026	0	0	0	0
66	21	29	3037	0	0	0	0
86	51	62	3022	0	0	0	0
95	18	24	3041	0	0	0	0
68	23	24	3024	0	0	0	0
162	66	51	3043	0	0	0	0
16	10	5	3019	0	0	0	0
238	83	108	3052	0	0	0	0
174	83	75	3029	0	0	0	0
154	58	60	3042	0	0	0	0
95	41	42	3023	0	0	0	0
86	61	63	3033	0	0	0	0
86	36	28	3028	0	0	0	0
81	30	33	3023	0	0	0	0
65	18	22	3023	0	0	0	0
2	2	3	3011	0	0	0	0
84	31	32	3024	0	0	0	0
34	18	14	3019	0	0	0	0
240	103	82	3063	0	0	0	0
25	5	7	3016	0	0	0	0
64	41	23	3018	0	0	0	0
177	93	64	3037	0	0	0	0
38	22	21	3021	0	0	0	0
146	49	39	3028	0	0	0	0
220	84	76	3054	0	0	0	0
290	94	120	3057	0	0	0	0
153	63	59	3059	0	0	0	0
19	5	4	3013	0	0	0	0
2	0	0	3009	0	0	0	0
66	26	38	3018	0	0	0	0
124	49	47	3035	0	0	0	0
41	13	17	3016	0	0	0	0
92	43	36	3042	0	0	0	0
169	78	72	3047	0	0	0	0
94	38	27	3023	0	0	0	0
111	49	37	3038	0	0	0	0
64	35	24	3017	0	0	0	0
6	0	1	3014	0	0	0	0
141	57	50	3026	0	0	0	0
43	26	18	3019	0	0	0	0
13	2	6	3013	0	0	0	0
222	113	85	3055	0	0	0	0
104	33	42	3044	0	0	0	0
92	28	47	3028	0	0	0	0
58	37	29	3035	0	0	0	0
19	14	12	3023	0	0	0	0
101	35	30	3039	0	0	0	0
74	37	36	3019	0	0	0	0
39	16	16	3015	0	0	0	0
19	13	5	3016	0	0	0	0
182	58	61	3044	0	0	0	0
53	18	20	3024	0	0	0	0
27	6	13	3016	0	0	0	0
22	11	6	3011	0	0	0	0
180	89	87	3033	0	0	0	0
17	9	13	3015	0	0	0	0
40	13	19	3018	0	0	0	0
7	2	2	3018	0	0	0	0
100	62	32	3037	0	0	0	0
123	46	51	3029	0	0	0	0
182	58	65	3029	0	0	0	0
117	34	36	3040	0	0	0	0
10	2	1	3009	0	0	0	0
62	31	32	3013	0	0	0	0
187	77	73	3046	0	0	0	0
98	31	27	3042	0	0	0	0
9	1	6	3009	0	0	0	0
32	9	14	3026	0	0	0	0
161	73	59	3077	0	0	0	0
55	28	23	3027	0	0	0	0
114	49	38	3025	0	0	0	0
17	1	6	3018	0	0	0	0
158	68	68	3039	0	0	0	0
80	25	26	3024	0	0	0	0
52	14	11	3024	0	0	0	0
294	137	101	3080	0	0	0	0
25	5	13	3012	0	0	0	0
33	10	4	3014	0	0	0	0
11	2	4	3009	0	0	0	0
130	49	41	3024	0	0	0	0
96	26	33	3022	0	0	0	0
87	56	38	3024	0	0	0	0
26	5	8	3014	0	0	0	0
17	8	5	3016	0	0	0	0
3	1	5	3010	0	0	0	0
39	7	19	3028	0	0	0	0
113	63	51	3025	0	0	0	0
214	90	87	3050	0	0	0	0
81	37	35	3032	0	0	0	0
6	1	3	3011	0	0	0	0
169	53	78	3025	0	0	0	0
223	90	93	3082	0	0	0	0
113	24	52	3035	0	0	0	0
43	22	18	3023	0	0	0	0
2	3	2	3009	0	0	0	0
106	30	41	3037	0	0	0	0
17	6	2	3022	0	0	0	0
83	37	28	3017	0	0	0	0
18	8	2	3017	0	0	0	0
23	10	23	3015	0	0	0	0
291	126	111	3066	0	0	0	0
82	36	22	3025	0	0	0	0
91	24	27	3026	0	0	0	0
152	60	48	3034	0	0	0	0
113	40	41	3046	0	0	0	0
4	3	1	3009	0	0	0	0
7	2	0	3013	0	0	0	0
15	5	4	3017	0	0	0	0
48	11	13	3020	0	0	0	0
137	68	33	3037	0	0	0	0
43	15	8	3022	0	0	0	0
221	73	83	3032	0	0	0	0
120	55	29	3038	0	0	0	0
171	70	73	3039	0	0	0	0
99	36	54	3028	0	0	0	0
8	3	0	3017	0	0	0	0
215	119	82	3059	0	0	0	0
19	5	14	3013	0	0	0	0
162	58	62	3040	0	0	0	0
93	42	40	3038	0	0	0	0
51	14	19	3028	0	0	0	0
54	18	20	3021	0	0	0	0
21	4	5	3013	0	0	0	0
85	42	41	3026	0	0	0	0
119	47	54	3029	0	0	0	0
65	38	29	3025	0	0	0	0
135	43	57	3030	0	0	0	0
144	67	64	3048	0	0	0	0
49	20	22	3018	0	0	0	0
178	92	71	3040	0	0	0	0
39	26	18	3027	0	0	0	0
127	52	48	3031	0	0	0	0
54	24	15	3022	0	0	0	0
87	35	23	3030	0	0	0	0
8	0	9	3010	0	0	0	0
59	24	27	3023	0	0	0	0
24	11	10	3018	0	0	0	0
221	105	94	3059	0	0	0	0
172	80	62	3049	0	0	0	0
19	3	4	3015	0	0	0	0
192	85	62	3055	0	0	0	0
18	6	9	3014	0	0	0	0
76	31	25	3022	0	0	0	0
21	9	7	3015	0	0	0	0
228	122	91	3052	0	0	0	0
182	87	71	3037	0	0	0	0
147	68	55	3033	0	0	0	0
33	17	10	3017	0	0	0	0
138	47	42	3039	0	0	0	0
99	42	43	3041	0	0	0	0
37	7	15	3021	0	0	0	0
119	40	72	3032	0	0	0	0
232	127	93	3049	0	0	0	0
287	127	100	3054	0	0	0	0
14	7	8	3018	0	0	0	0
42	16	21	3020	0	0	0	0
58	20	18	3022	0	0	0	0
117	65	43	3026	0	0	0	0
21	7	8	3020	0	0	0	0
16	8	10	3016	0	0	0	0
31	11	11	3018	0	0	0	0
3	0	5	3009	0	0	0	0
210	76	106	3040	0	0	0	0
69	28	22	3024	0	0	0	0
76	35	33	3035	0	0	0	0
141	74	71	3042	0	0	0	0
127	59	53	3031	0	0	0	0
31	15	16	3015	0	0	0	0
44	9	11	3026	0	0	0	0
20	3	5	3016	0	0	0	0
72	32	28	3033	0	0	0	0
184	80	82	3035	0	0	0	0
151	55	46	3045	0	0	0	0
52	27	21	3025	0	0	0	0
69	19	20	3019	0	0	0	0
209	75	75	3038	0	0	0	0
19	4	4	3019	0	0	0	0
15	15	5	3016	0	0	0	0
27	15	11	3010	0	0	0	0
148	54	60	3035	0	0	0	0
23	8	10	3018	0	0	0	0
20	7	5	3019	0	0	0	0
46	18	13	3025	0	0	0	0
92	29	40	3035	0	0	0	0
81	38	34	3037	0	0	0	0
153	72	55	3046	0	0	0	0
132	57	53	3048	0	0	0	0
92	48	48	3035	0	0	0	0
38	16	7	3023	0	0	0	0
137	68	55	3045	0	0	0	0
18	1	3	3013	0	0	0	0
61	36	20	3018	0	0	0	0
51	29	31	3030	0	0	0	0
35	24	13	3028	0	0	0	0
80	23	43	3019	0	0	0	0
123	59	45	3038	0	0	0	0
37	13	13	3015	0	0	0	0
36	29	18	3023	0	0	0	0
44	15	16	3029	0	0	0	0
125	40	50	3029	0	0	0	0
85	26	21	3022	0	0	0	0
52	14	14	3024	0	0	0	0
103	71	66	3045	0	0	0	0
172	77	62	3035	0	0	0	0
9	3	4	3009	0	0	0	0
211	86	90	3064	0	0	0	0
62	35	33	3020	0	0	0	0
49	35	19	3018	0	0	0	0
21	8	12	3019	0	0	0	0
3	1	3	3010	0	0	0	0
246	127	90	3059	0	0	0	0
31	18	23	3019	0	0	0	0
74	44	40	3028	0	0	0	0
188	69	65	3049	0	0	0	0
102	57	41	3032	0	0	0	0
112	41	36	3039	0	0	0	0
27	7	8	3014	0	0	0	0
268	144	98	3055	0	0	0	0
271	120	76	3052	0	0	0	0
13	3	1	3013	0	0	0	0
96	20	28	3035	0	0	0	0
92	26	36	3040	0	0	0	0
70	16	27	3020	0	0	0	0
26	15	12	3025	0	0	0	0
60	32	15	3024	0	0	0	0
214	89	93	3045	0	0	0	0
74	21	25	3026	0	0	0	0
101	33	38	3033	0	0	0	0
87	46	31	3028	0	0	0	0
13	3	2	3010	0	0	0	0
114	41	40	3027	0	0	0	0
148	54	42	3041	0	0	0	0
175	59	62	3045	0	0	0	0
44	16	23	3017	0	0	0	0
177	92	52	3055	0	0	0	0
53	21	17	3014	0	0	0	0
25	6	3	3016	0	0	0	0
10	6	3	3010	0	0	0	0
26	5	11	3015	0	0	0	0
71	27	21	3019	0	0	0	0
89	41	38	3029	0	0	0	0
67	35	33	3025	0	0	0	0
18	1	7	3010	0	0	0	0
75	49	30	3019	0	0	0	0
81	44	39	3022	0	0	0	0
23	4	3	3015	0	0	0	0
106	64	44	3041	0	0	0	0
96	36	42	3030	0	0	0	0
17	10	4	3009	0	0	0	0
37	9	22	3015	0	0	0	0
48	19	22	3013	0	0	0	0
73	16	24	3025	0	0	0	0
168	60	75	3051	0	0	0	0
226	67	83	3037	0	0	0	0
9	4	9	3015	0	0	0	0
154	63	66	3048	0	0	0	0
76	25	25	3035	0	0	0	0
12	7	5	3013	0	0	0	0
77	33	29	3028	0	0	0	0
280	110	111	3049	0	0	0	0
37	21	13	3018	0	0	0	0
16	3	4	3013	0	0	0	0
75	40	27	3020	0	0	0	0
114	36	58	3028	0	0	0	0
141	62	48	3036	0	0	0	0
119	43	42	3040	0	0	0	0
43	21	13	3016	0	0	0	0
123	68	43	3031	0	0	0	0
85	38	46	3026	0	0	0	0
104	46	50	3020	0	0	0	0
100	24	41	3027	0	0	0	0
110	59	38	3029	0	0	0	0
57	21	27	3017	0	0	0	0
31	7	6	3013	0	0	0	0
41	22	24	3018	0	0	0	0
206	116	105	3046	0	0	0	0
41	16	25	3023	0	0	0	0
24	6	13	3012	0	0	0	0
10	0	1	3010	0	0	0	0
13	2	3	3017	0	0	0	0
230	75	63	3034	0	0	0	0
130	47	46	3027	0	0	0	0
24	12	13	3019	0	0	0	0
169	70	39	3073	0	0	0	0
57	9	20	3028	0	0	0	0
34	15	14	3022	0	0	0	0
52	21	24	3020	0	0	0	0
127	40	55	3045	0	0	0	0
37	12	21	3013	0	0	0	0
174	69	78	3046	0	0	0	0
36	20	14	3019	0	0	0	0
102	37	46	3028	0	0	0	0
82	49	40	3029	0	0	0	0
10	1	3	3013	0	0	0	0
38	26	6	3021	0	0	0	0
253	91	109	3060	0	0	0	0
93	35	35	3032	0	0	0	0
35	13	16	3012	0	0	0	0
74	48	23	3021	0	0	0	0
124	41	39	3040	0	0	0	0
22	7	5	3013	0	0	0	0
147	75	72	3076	0	0	0	0
64	29	33	3032	0	0	0	0
210	86	98	3047	0	0	0	0
130	53	26	3034	0	0	0	0
12	14	5	3020	0	0	0	0
88	13	24	3023	0	0	0	0
109	57	63	3029	0	0	0	0
153	68	64	3034	0	0	0	0
74	28	28	3020	0	0	0	0
133	77	57	3021	0	0	0	0
59	29	30	3031	0	0	0	0
78	45	35	3038	0	0	0	0
43	25	24	3020	0	0	0	0
154	78	84	3039	0	0	0	0
166	84	74	3057	0	0	0	0
33	13	20	3021	0	0	0	0
26	14	6	3027	0	0	0	0
166	86	61	3037	0	0	0	0
173	68	74	3035	0	0	0	0
30	7	13	3023	0	0	0	0
56	21	24	3019	0	0	0	0
82	26	27	3022	0	0	0	0
199	84	72	3051	0	0	0	0
12	13	7	3010	0	0	0	0
110	49	46	3035	0	0	0	0
175	108	55	3049	0	0	0	0
95	26	28	3030	0	0	0	0
11	4	6	3010	0	0	0	0
125	50	60	3038	0	0	0	0
104	39	46	3030	0	0	0	0
122	34	36	3030	0	0	0	0
253	100	78	3060	0	0	0	0
106	44	37	3023	0	0	0	0
93	36	39	3033	0	0	0	0
15	6	4	3010	0	0	0	0
189	82	71	3048	0	0	0	0
187	80	80	3042	0	0	0	0
99	41	40	3023	0	0	0	0
140	66	56	3027	0	0	0	0
25	9	3	3014	0	0	0	0
16	4	6	3018	0	0	0	0
74	31	23	3036	0	0	0	0
65	41	29	3034	0	0	0	0
42	16	19	3019	0	0	0	0
125	45	31	3045	0	0	0	0
123	57	54	3024	0	0	0	0
117	49	51	3024	0	0	0	0
203	105	71	3044	0	0	0	0
11	5	3	3013	0	0	0	0
153	50	47	3048	0	0	0	0
258	124	119	3063	0	0	0	0
37	14	13	3022	0	0	0	0
82	42	50	3036	0	0	0	0
82	17	37	3022	0	0	0	0
110	44	44	3039	0	0	0	0
117	51	46	3032	0	0	0	0
99	29	35	3017	0	0	0	0
76	31	36	3031	0	0	0	0
101	30	39	3032	0	0	0	0
67	18	30	3027	0	0	0	0
20	5	13	3014	0	0	0	0
20	15	8	3013	0	0	0	0
214	89	76	3064	0	0	0	0
31	11	5	3021	0	0	0	0
53	15	22	3025	0	0	0	0
236	128	86	3068	0	0	0	0
5	3	2	3010	0	0	0	0
184	96	86	3069	0	0	0	0
119	60	56	3034	0	0	0	0
51	25	26	3021	0	0	0	0
14	5	5	3011	0	0	0	0
153	71	79	3036	0	0	0	0
60	7	17	3024	0	0	0	0
247	97	94	3057	0	0	0	0
97	39	41	3034	0	0	0	0
3	1	4	3010	0	0	0	0
7	5	7	3019	0	0	0	0
192	78	77	3038	0	0	0	0
6	4	1	3011	0	0	0	0
61	30	18	3021	0	0	0	0
311	123	113	3069	0	0	0	0
15	5	3	3019	0	0	0	0
117	52	62	3033	0	0	0	0
131	50	50	3033	0	0	0	0
22	8	14	3015	0	0	0	0
64	39	36	3023	0	0	0	0
5	1	4	3013	0	0	0	0
42	14	17	3016	0	0	0	0
85	34	41	3039	0	0	0	0
56	50	29	3039	0	0	0	0
20	4	10	3011	0	0	0	0
134	45	49	3055	0	0	0	0
191	64	76	3043	0	0	0	0
85	45	37	3018	0	0	0	0
62	23	38	3014	0	0	0	0
29	10	10	3015	0	0	0	0
59	37	36	3026	0	0	0	0
13	4	2	3016	0	0	0	0
179	49	72	3045	0	0	0	0
143	78	54	3051	0	0	0	0
86	37	46	3026	0	0	0	0
97	47	40	3034	0	0	0	0
15	8	3	3016	0	0	0	0
196	58	66	3039	0	0	0	0
13	5	3	3012	0	0	0	0
166	58	49	3039	0	0	0	0
90	45	53	3027	0	0	0	0
37	14	13	3025	0	0	0	0
104	35	48	3034	0	0	0	0
51	12	12	3027	0	0	0	0
7	1	3	3013	0	0	0	0
181	72	76	3057	0	0	0	0
164	93	82	3040	0	0	0	0
221	61	80	3053	0	0	0	0
27	13	10	3015	0	0	0	0
22	10	5	3019	0	0	0	0
58	23	31	3024	0	0	0	0
189	106	84	3032	0	0	0	0
91	53	46	3037	0	0	0	0
196	87	79	3042	0	0	0	0
245	90	76	3053	0	0	0	0
65	39	35	3025	0	0	0	0
48	40	23	3024	0	0	0	0
8	1	4	3012	0	0	0	0
316	146	119	3065	0	0	0	0
39	10	16	3014	0	0	0	0
32	19	16	3017	0	0	0	0
181	70	54	3042	0	0	0	0
97	27	20	3030	0	0	0	0
100	44	31	3037	0	0	0	0
106	40	29	3028	0	0	0	0
25	13	13	3017	0	0	0	0
93	40	48	3035	0	0	0	0
23	9	9	3013	0	0	0	0
101	49	60	3043	0	0	0	0
51	26	23	3017	0	0	0	0
67	33	33	3019	0	0	0	0
167	85	56	3050	0	0	0	0
13	3	4	3012	0	0	0	0
48	29	16	3013	0	0	0	0
133	66	52	3033	0	0	0	0
123	52	51	3039	0	0	0	0
104	31	19	3037	0	0	0	0
308	144	109	3078	0	0	0	0
38	8	20	3012	0	0	0	0
31	14	15	3016	0	0	0	0
72	36	36	3024	0	0	0	0
115	49	50	3034	0	0	0	0
4	1	2	3012	0	0	0	0
48	25	17	3023	0	0	0	0
184	55	81	3047	0	0	0	0
67	28	19	3024	0	0	0	0
10	11	3	3019	0	0	0	0
244	90	95	3058	0	0	0	0
38	19	13	3013	0	0	0	0
63	13	31	3016	0	0	0	0
57	34	14	3033	0	0	0	0
66	25	21	3020	0	0	0	0
96	43	40	3029	0	0	0	0
7	6	0	3012	0	0	0	0
248	85	68	3056	0	0	0	0
77	26	22	3044	0	0	0	0
268	109	127	3061	0	0	0	0
89	83	51	3027	0	0	0	0
154	77	58	3039	0	0	0	0
161	72	71	3053	0	0	0	0
63	16	22	3030	0	0	0	0
125	36	52	3035	0	0	0	0
132	53	47	3032	0	0	0	0
41	17	22	3015	0	0	0	0
25	11	7	3022	0	0	0	0
4	0	1	3010	0	0	0	0
44	30	25	3025	0	0	0	0
21	6	6	3015	0	0	0	0
95	68	52	3052	0	0	0	0
233	121	112	3062	0	0	0	0
81	31	28	3018	0	0	0	0
73	28	37	3018	0	0	0	0
33	26	13	3018	0	0	0	0
4	1	1	3011	0	0	0	0
6	5	3	3014	0	0	0	0
199	101	82	3043	0	0	0	0
71	27	19	3021	0	0	0	0
113	55	42	3039	0	0	0	0
14	9	5	3017	0	0	0	0
9	1	5	3017	0	0	0	0
39	23	15	3020	0	0	0	0
3	2	3	3013	0	0	0	0
167	75	55	3045	0	0	0	0
146	70	49	3042	0	0	0	0
6	2	4	3014	0	0	0	0
171	64	61	3055	0	0	0	0
89	63	47	3034	0	0	0	0
65	30	22	3028	0	0	0	0
64	34	34	3025	0	0	0	0
35	24	9	3014	0	0	0	0
56	22	11	3023	0	0	0	0
7	1	3	3012	0	0	0	0
51	26	14	3035	0	0	0	0
227	74	115	3039	0	0	0	0
133	64	57	3022	0	0	0	0
228	112	74	3049	0	0	0	0
9	2	1	3013	0	0	0	0
33	13	14	3014	0	0	0	0
50	14	11	3014	0	0	0	0
91	45	32	3036	0	0	0	0
198	89	80	3043	0	0	0	0
12	2	4	3016	0	0	0	0
167	67	74	3034	0	0	0	0
79	37	39	3019	0	0	0	0
23	7	1	3016	0	0	0	0
234	90	90	3043	0	0	0	0
42	19	24	3016	0	0	0	0
100	45	37	3022	0	0	0	0
33	12	23	3018	0	0	0	0
100	65	44	3027	0	0	0	0
120	55	47	3041	0	0	0	0
30	14	2	3024	0	0	0	0
109	38	43	3031	0	0	0	0
18	7	3	3014	0	0	0	0
38	17	7	3023	0	0	0	0
167	74	61	3050	0	0	0	0
142	63	61	3041	0	0	0	0
53	23	13	3018	0	0	0	0
15	10	6	3014	0	0	0	0
20	5	6	3015	0	0	0	0
160	81	70	3056	0	0	0	0
66	29	33	3022	0	0	0	0
152	61	50	3031	0	0	0	0
13	4	4	3011	0	0	0	0
138	38	71	3047	0	0	0	0
107	66	35	3037	0	0	0	0
51	23	23	3022	0	0	0	0
39	26	14	3014	0	0	0	0
230	122	101	3045	0	0	0	0
46	13	11	3033	0	0	0	0
6	1	4	3012	0	0	0	0
84	28	17	3037	0	0	0	0
166	70	56	3050	0	0	0	0
24	1	4	3014	0	0	0	0
55	29	26	3033	0	0	0	0
5	1	4	3010	0	0	0	0
22	5	6	3012	0	0	0	0
96	32	24	3022	0	0	0	0
50	18	23	3017	0	0	0	0
81	24	26	3026	0	0	0	0
192	91	87	3030	0	0	0	0
83	38	63	3020	0	0	0	0
78	29	32	3020	0	0	0	0
102	43	49	3035	0	0	0	0
84	26	35	3023	0	0	0	0
112	57	47	3035	0	0	0	0
68	27	37	3029	0	0	0	0
40	9	22	3015	0	0	0	0
53	17	17	3024	0	0	0	0
29	20	14	3024	0	0	0	0
114	54	56	3025	0	0	0	0
46	21	18	3015	0	0	0	0
69	27	28	3028	0	0	0	0
105	38	34	3031	0	0	0	0
3	0	2	3011	0	0	0	0
72	24	21	3031	0	0	0	0
67	22	23	3020	0	0	0	0
14	2	5	3011	0	0	0	0
7	1	4	3011	0	0	0	0
106	41	39	3021	0	0	0	0
38	5	19	3019	0	0	0	0
44	9	14	3014	0	0	0	0
48	25	33	3024	0	0	0	0
122	43	51	3032	0	0	0	0
63	26	32	3019	0	0	0	0
73	28	21	3021	0	0	0	0
65	12	26	3028	0	0	0	0
149	67	70	3035	0	0	0	0
27	5	6	3016	0	0	0	0
277	124	103	3080	0	0	0	0
34	10	10	3013	0	0	0	0
147	56	49	3030	0	0	0	0
62	30	28	3025	0	0	0	0
110	48	50	3032	0	0	0	0
127	56	54	3031	0	0	0	0
97	65	44	3030	0	0	0	0
112	46	41	3035	0	0	0	0
52	16	23	3021	0	0	0	0
92	40	29	3029	0	0	0	0
38	13	20	3020	0	0	0	0
54	29	16	3032	0	0	0	0
44	12	23	3018	0	0	0	0
23	13	8	3011	0	0	0	0
70	40	25	3017	0	0	0	0
102	43	37	3024	0	0	0	0
98	52	48	3024	0	0	0	0
192	71	63	3053	0	0	0	0
249	119	104	3062	0	0	0	0
112	44	44	3025	0	0	0	0
156	56	61	3037	0	0	0	0
34	22	13	3013	0	0	0	0
35	11	9	3018	0	0	0	0
167	63	67	3053	0	0	0	0
35	24	22	3014	0	0	0	0
32	22	16	3018	0	0	0	0
35	8	6	3015	0	0	0	0
50	22	8	3028	0	0	0	0
59	31	31	3024	0	0	0	0
133	62	74	3043	0	0	0	0
16	1	7	3009	0	0	0	0
213	86	83	3069	0	0	0	0
30	32	12	3018	0	0	0	0
7	4	2	3013	0	0	0	0
98	50	33	3042	0	0	0	0
32	9	10	3013	0	0	0	0
51	14	15	3025	0	0	0	0
122	50	61	3040	0	0	0	0
99	42	22	3027	0	0	0	0
12	9	8	3015	0	0	0	0
42	21	18	3025	0	0	0	0
128	37	48	3027	0	0	0	0
40	12	16	3021	0	0	0	0
100	34	31	3030	0	0	0	0
235	89	94	3040	0	0	0	0
243	116	83	3065	0	0	0	0
25	13	12	3019	0	0	0	0
104	37	46	3020	0	0	0	0
77	41	30	3035	0	0	0	0
45	26	15	3021	0	0	0	0
284	88	109	3056	0	0	0	0
180	59	64	3045	0	0	0	0
32	32	20	3022	0	0	0	0
37	26	13	3022	0	0	0	0
68	40	35	3022	0	0	0	0
148	52	55	3042	0	0	0	0
168	59	54	3046	0	0	0	0
97	27	44	3035	0	0	0	0
59	27	32	3019	0	0	0	0
6	2	0	3014	0	0	0	0
57	15	22	3024	0	0	0	0
24	7	8	3012	0	0	0	0
55	16	26	3023	0	0	0	0
32	9	13	3019	0	0	0	0
14	6	7	3016	0	0	0	0
131	58	67	3022	0	0	0	0
213	87	96	3038	0	0	0	0
51	35	30	3025	0	0	0	0
20	8	7	3016	0	0	0	0
60	17	23	3023	0	0	0	0
44	22	13	3017	0	0	0	0
180	64	60	3042	0	0	0	0
235	96	94	3049	0	0	0	0
18	10	13	3019	0	0	0	0
106	34	31	3028	0	0	0	0
145	41	45	3038	0	0	0	0
141	57	60	3057	0	0	0	0
70	33	16	3027	0	0	0	0
75	25	15	3026	0	0	0	0
30	7	10	3019	0	0	0	0
40	25	22	3026	0	0	0	0
72	10	29	3015	0	0	0	0
19	4	4	3009	0	0	0	0
49	17	27	3021	0	0	0	0
16	3	5	3015	0	0	0	0
15	0	8	3013	0	0	0	0
154	69	80	3022	0	0	0	0
77	33	25	3020	0	0	0	0
