68	43	29	3024	0	0	0	0
14	7	13	3013	0	0	0	0
116	52	41	3032	0	0	0	0
59	29	20	3025	0	0	0	0
18	8	10	3016	0	0	0	0
106	47	42	3028	0	0	0	0
10	1	8	3010	0	0	0	0
185	92	65	3042	0	0	0	0
9	10	4	3014	0	0	0	0
286	110	91	3080	0	0	0	0
137	59	58	3052	0	0	0	0
174	57	83	3045	0	0	0	0
59	23	28	3031	0	0	0	0
145	66	65	3045	0	0	0	0
166	90	61	3046	0	0	0	0
79	23	32	3016	0	0	0	0
4	1	1	3010	0	0	0	0
271	119	96	3037	0	0	0	0
92	47	55	3039	0	0	0	0
46	22	21	3019	0	0	0	0
158	65	64	3033	0	0	0	0
165	52	63	3053	0	0	0	0
278	137	100	3076	0	0	0	0
326	108	115	3070	0	0	0	0
168	96	73	3039	0	0	0	0
11	5	4	3013	0	0	0	0
4	0	0	3009	0	0	0	0
103	44	37	3031	0	0	0	0
309	135	108	3067	0	0	0	0
118	50	46	3028	0	0	0	0
24	4	5	3019	0	0	0	0
113	60	49	3040	0	0	0	0
372	167	172	3068	0	0	0	0
9	1	4	3014	0	0	0	0
247	120	97	3037	0	0	0	0
301	123	115	3072	0	0	0	0
92	35	39	3048	0	0	0	0
361	172	149	3068	0	0	0	0
65	28	14	3026	0	0	0	0
225	94	84	3048	0	0	0	0
33	6	10	3021	0	0	0	0
94	51	42	3043	0	0	0	0
190	76	55	3047	0	0	0	0
118	53	45	3030	0	0	0	0
30	10	22	3015	0	0	0	0
244	104	108	3071	0	0	0	0
448	198	186	3099	0	0	0	0
5	0	2	3010	0	0	0	0
84	77	42	3031	0	0	0	0
15	3	8	3009	0	0	0	0
128	69	43	3053	0	0	0	0
183	73	67	3038	0	0	0	0
13	13	7	3016	0	0	0	0
129	63	48	3033	0	0	0	0
83	18	22	3030	0	0	0	0
241	98	90	3088	0	0	0	0
166	71	57	3061	0	0	0	0
154	48	56	3038	0	0	0	0
91	41	35	3025	0	0	0	0
251	113	88	3066	0	0	0	0
24	10	13	3016	0	0	0	0
180	87	59	3039	0	0	0	0
176	63	70	3044	0	0	0	0
264	118	94	3076	0	0	0	0
190	92	92	3048	0	0	0	0
197	71	71	3042	0	0	0	0
3	3	2	3011	0	0	0	0
116	51	37	3038	0	0	0	0
48	33	20	3034	0	0	0	0
56	15	24	3015	0	0	0	0
101	56	26	3025	0	0	0	0
233	105	74	3061	0	0	0	0
1	0	1	3010	0	0	0	0
77	30	26	3032	0	0	0	0
8	10	3	3015	0	0	0	0
68	29	21	3010	0	0	0	0
26	2	5	3018	0	0	0	0
402	170	144	3079	0	0	0	0
371	156	128	3073	0	0	0	0
10	6	7	3017	0	0	0	0
292	138	113	3068	0	0	0	0
2	3	1	3010	0	0	0	0
4	1	3	3010	0	0	0	0
195	89	61	3055	0	0	0	0
201	55	83	3034	0	0	0	0
65	28	21	3021	0	0	0	0
37	8	15	3022	0	0	0	0
33	21	11	3019	0	0	0	0
316	149	103	3058	0	0	0	0
261	131	99	3079	0	0	0	0
166	86	53	3052	0	0	0	0
66	40	27	3027	0	0	0	0
51	24	10	3028	0	0	0	0
20	0	11	3018	0	0	0	0
17	7	9	3017	0	0	0	0
21	9	10	3013	0	0	0	0
31	9	13	3017	0	0	0	0
16	4	4	3015	0	0	0	0
335	145	138	3079	0	0	0	0
4	4	2	3009	0	0	0	0
194	96	87	3047	0	0	0	0
22	12	18	3014	0	0	0	0
104	43	44	3035	0	0	0	0
66	19	22	3032	0	0	0	0
147	72	62	3035	0	0	0	0
158	78	50	3056	0	0	0	0
129	60	48	3030	0	0	0	0
16	6	4	3010	0	0	0	0
11	2	5	3013	0	0	0	0
298	111	97	3065	0	0	0	0
105	37	42	3041	0	0	0	0
25	6	16	3019	0	0	0	0
126	35	55	3036	0	0	0	0
302	153	120	3079	0	0	0	0
86	38	26	3027	0	0	0	0
157	80	77	3054	0	0	0	0
14	6	4	3015	0	0	0	0
52	15	22	3021	0	0	0	0
81	44	49	3025	0	0	0	0
59	31	30	3019	0	0	0	0
295	110	97	3057	0	0	0	0
211	112	77	3051	0	0	0	0
30	14	11	3027	0	0	0	0
92	48	32	3035	0	0	0	0
110	41	41	3025	0	0	0	0
283	118	110	3054	0	0	0	0
40	17	17	3022	0	0	0	0
448	171	192	3095	0	0	0	0
211	121	102	3056	0	0	0	0
217	81	94	3045	0	0	0	0
12	2	5	3011	0	0	0	0
148	79	72	3056	0	0	0	0
442	211	166	3120	0	0	0	0
68	26	22	3024	0	0	0	0
64	35	24	3031	0	0	0	0
85	36	40	3026	0	0	0	0
304	143	107	3072	0	0	0	0
91	27	35	3031	0	0	0	0
89	33	39	3024	0	0	0	0
163	81	58	3045	0	0	0	0
189	64	80	3054	0	0	0	0
66	22	31	3021	0	0	0	0
126	45	77	3046	0	0	0	0
173	82	83	3040	0	0	0	0
175	107	83	3044	0	0	0	0
188	104	79	3064	0	0	0	0
289	138	96	3072	0	0	0	0
232	74	90	3046	0	0	0	0
22	7	5	3010	0	0	0	0
127	46	53	3037	0	0	0	0
249	116	88	3066	0	0	0	0
14	5	5	3009	0	0	0	0
280	118	100	3055	0	0	0	0
94	30	27	3015	0	0	0	0
154	65	52	3043	0	0	0	0
324	145	137	3068	0	0	0	0
314	141	112	3071	0	0	0	0
113	42	59	3030	0	0	0	0
88	19	28	3034	0	0	0	0
23	6	5	3017	0	0	0	0
35	9	16	3020	0	0	0	0
46	17	19	3017	0	0	0	0
198	87	67	3045	0	0	0	0
321	92	117	3076	0	0	0	0
153	79	69	3038	0	0	0	0
260	123	96	3060	0	0	0	0
9	1	2	3009	0	0	0	0
346	158	145	3066	0	0	0	0
5	2	2	3015	0	0	0	0
78	48	25	3030	0	0	0	0
68	12	16	3025	0	0	0	0
74	28	37	3025	0	0	0	0
228	77	76	3060	0	0	0	0
232	111	94	3051	0	0	0	0
7	3	3	3014	0	0	0	0
152	96	79	3032	0	0	0	0
52	15	20	3017	0	0	0	0
126	58	47	3020	0	0	0	0
192	95	65	3053	0	0	0	0
23	13	9	3018	0	0	0	0
61	21	14	3017	0	0	0	0
74	49	38	3025	0	0	0	0
78	38	40	3028	0	0	0	0
216	65	83	3054	0	0	0	0
44	12	12	3019	0	0	0	0
45	14	17	3015	0	0	0	0
149	51	56	3034	0	0	0	0
170	89	91	3044	0	0	0	0
173	89	83	3045	0	0	0	0
50	18	14	3017	0	0	0	0
131	59	61	3033	0	0	0	0
7	0	2	3010	0	0	0	0
288	112	108	3069	0	0	0	0
52	15	20	3035	0	0	0	0
91	40	44	3036	0	0	0	0
91	33	30	3017	0	0	0	0
16	4	4	3014	0	0	0	0
127	70	56	3061	0	0	0	0
93	41	40	3026	0	0	0	0
14	4	2	3010	0	0	0	0
245	108	88	3047	0	0	0	0
195	84	66	3047	0	0	0	0
27	5	11	3013	0	0	0	0
197	106	67	3032	0	0	0	0
60	22	25	3024	0	0	0	0
18	0	4	3017	0	0	0	0
56	17	12	3028	0	0	0	0
60	32	20	3019	0	0	0	0
15	1	8	3012	0	0	0	0
294	136	124	3072	0	0	0	0
276	85	110	3072	0	0	0	0
177	61	67	3042	0	0	0	0
16	7	8	3012	0	0	0	0
428	180	164	3112	0	0	0	0
20	12	5	3015	0	0	0	0
6	4	1	3010	0	0	0	0
148	67	39	3051	0	0	0	0
258	99	105	3060	0	0	0	0
212	106	81	3046	0	0	0	0
116	46	44	3025	0	0	0	0
69	25	28	3027	0	0	0	0
26	8	10	3014	0	0	0	0
43	23	28	3026	0	0	0	0
23	12	8	3014	0	0	0	0
30	9	18	3012	0	0	0	0
88	37	37	3024	0	0	0	0
79	39	20	3031	0	0	0	0
61	11	26	3021	0	0	0	0
191	74	76	3056	0	0	0	0
206	103	53	3035	0	0	0	0
128	65	37	3041	0	0	0	0
564	196	197	3103	0	0	0	0
330	138	137	3073	0	0	0	0
72	40	16	3024	0	0	0	0
131	51	47	3044	0	0	0	0
164	55	59	3045	0	0	0	0
326	138	116	3082	0	0	0	0
133	57	53	3044	0	0	0	0
44	29	24	3026	0	0	0	0
72	30	28	3019	0	0	0	0
253	114	103	3064	0	0	0	0
160	61	67	3050	0	0	0	0
213	93	87	3048	0	0	0	0
5	0	0	3012	0	0	0	0
153	53	61	3046	0	0	0	0
48	16	16	3022	0	0	0	0
67	32	12	3022	0	0	0	0
186	82	56	3038	0	0	0	0
484	212	160	3094	0	0	0	0
200	107	85	3041	0	0	0	0
8	3	9	3014	0	0	0	0
259	149	100	3063	0	0	0	0
3	1	3	3012	0	0	0	0
154	72	86	3051	0	0	0	0
89	40	49	3038	0	0	0	0
257	129	133	3049	0	0	0	0
184	67	71	3033	0	0	0	0
117	45	47	3028	0	0	0	0
94	36	43	3029	0	0	0	0
254	118	113	3079	0	0	0	0
23	9	2	3016	0	0	0	0
73	50	28	3024	0	0	0	0
25	12	15	3014	0	0	0	0
33	13	23	3013	0	0	0	0
19	7	4	3014	0	0	0	0
330	143	137	3072	0	0	0	0
45	9	15	3020	0	0	0	0
185	99	49	3072	0	0	0	0
72	39	36	3030	0	0	0	0
143	65	54	3038	0	0	0	0
108	66	50	3039	0	0	0	0
189	93	74	3058	0	0	0	0
110	53	41	3033	0	0	0	0
303	131	134	3074	0	0	0	0
8	9	7	3012	0	0	0	0
28	17	15	3015	0	0	0	0
171	73	69	3040	0	0	0	0
115	61	47	3040	0	0	0	0
178	73	71	3048	0	0	0	0
208	105	69	3071	0	0	0	0
17	5	1	3015	0	0	0	0
85	31	40	3027	0	0	0	0
189	112	86	3049	0	0	0	0
279	130	100	3059	0	0	0	0
12	2	4	3009	0	0	0	0
206	80	76	3058	0	0	0	0
17	5	5	3014	0	0	0	0
7	1	2	3009	0	0	0	0
34	11	14	3016	0	0	0	0
59	25	27	3022	0	0	0	0
24	6	16	3018	0	0	0	0
139	65	58	3048	0	0	0	0
16	9	9	3022	0	0	0	0
193	105	75	3045	0	0	0	0
66	20	22	3023	0	0	0	0
123	68	47	3038	0	0	0	0
23	9	7	3014	0	0	0	0
49	30	14	3026	0	0	0	0
108	49	35	3030	0	0	0	0
284	98	92	3046	0	0	0	0
251	127	126	3050	0	0	0	0
209	93	82	3056	0	0	0	0
8	2	8	3015	0	0	0	0
225	105	83	3058	0	0	0	0
214	122	75	3060	0	0	0	0
356	177	143	3072	0	0	0	0
7	6	3	3015	0	0	0	0
61	21	27	3022	0	0	0	0
100	49	49	3033	0	0	0	0
42	21	22	3020	0	0	0	0
12	5	11	3016	0	0	0	0
92	40	36	3031	0	0	0	0
74	31	23	3038	0	0	0	0
85	29	32	3036	0	0	0	0
172	71	62	3053	0	0	0	0
92	43	38	3043	0	0	0	0
153	73	61	3046	0	0	0	0
1	0	0	3012	0	0	0	0
70	37	37	3025	0	0	0	0
102	35	40	3034	0	0	0	0
52	15	23	3028	0	0	0	0
173	60	66	3048	0	0	0	0
172	59	79	3058	0	0	0	0
219	108	82	3058	0	0	0	0
125	70	39	3036	0	0	0	0
266	148	101	3067	0	0	0	0
19	7	7	3012	0	0	0	0
134	46	50	3024	0	0	0	0
36	12	20	3028	0	0	0	0
226	97	80	3055	0	0	0	0
189	85	70	3035	0	0	0	0
13	9	3	3016	0	0	0	0
145	57	68	3029	0	0	0	0
106	62	46	3030	0	0	0	0
147	65	53	3034	0	0	0	0
193	80	60	3042	0	0	0	0
262	103	107	3061	0	0	0	0
365	166	163	3067	0	0	0	0
222	119	99	3054	0	0	0	0
78	25	20	3037	0	0	0	0
112	66	42	3034	0	0	0	0
60	29	22	3023	0	0	0	0
215	96	89	3065	0	0	0	0
197	89	92	3051	0	0	0	0
74	43	26	3022	0	0	0	0
350	140	134	3089	0	0	0	0
33	13	13	3019	0	0	0	0
205	104	93	3059	0	0	0	0
141	80	50	3034	0	0	0	0
87	30	35	3026	0	0	0	0
190	109	72	3037	0	0	0	0
2	2	3	3011	0	0	0	0
17	4	8	3015	0	0	0	0
40	23	17	3019	0	0	0	0
121	70	50	3045	0	0	0	0
25	5	7	3016	0	0	0	0
99	53	37	3029	0	0	0	0
321	135	122	3097	0	0	0	0
137	59	60	3039	0	0	0	0
414	175	147	3101	0	0	0	0
205	105	82	3052	0	0	0	0
322	148	133	3063	0	0	0	0
230	87	95	3065	0	0	0	0
22	6	5	3012	0	0	0	0
2	0	0	3009	0	0	0	0
150	83	64	3032	0	0	0	0
72	37	40	3024	0	0	0	0
190	59	72	3051	0	0	0	0
61	26	20	3022	0	0	0	0
329	126	116	3066	0	0	0	0
141	100	60	3030	0	0	0	0
215	83	73	3052	0	0	0	0
317	147	128	3056	0	0	0	0
6	0	1	3014	0	0	0	0
39	14	16	3019	0	0	0	0
53	32	27	3021	0	0	0	0
13	2	6	3013	0	0	0	0
245	110	84	3061	0	0	0	0
60	26	23	3038	0	0	0	0
434	208	145	3085	0	0	0	0
67	45	27	3039	0	0	0	0
23	10	10	3021	0	0	0	0
113	52	49	3047	0	0	0	0
267	117	113	3058	0	0	0	0
63	17	20	3020	0	0	0	0
50	25	21	3019	0	0	0	0
85	37	32	3030	0	0	0	0
210	111	111	3058	0	0	0	0
103	40	55	3026	0	0	0	0
18	13	7	3013	0	0	0	0
111	57	43	3035	0	0	0	0
37	21	14	3023	0	0	0	0
63	10	33	3024	0	0	0	0
7	2	2	3018	0	0	0	0
38	6	11	3015	0	0	0	0
107	49	37	3023	0	0	0	0
150	82	61	3029	0	0	0	0
279	112	97	3075	0	0	0	0
10	2	1	3009	0	0	0	0
245	142	103	3046	0	0	0	0
210	85	85	3061	0	0	0	0
491	217	200	3096	0	0	0	0
11	7	5	3010	0	0	0	0
15	10	8	3020	0	0	0	0
82	42	33	3029	0	0	0	0
186	65	70	3052	0	0	0	0
36	12	16	3020	0	0	0	0
17	1	6	3018	0	0	0	0
197	95	94	3039	0	0	0	0
195	103	76	3041	0	0	0	0
221	72	94	3055	0	0	0	0
235	96	96	3051	0	0	0	0
25	5	13	3012	0	0	0	0
314	109	115	3064	0	0	0	0
11	2	4	3009	0	0	0	0
47	16	11	3015	0	0	0	0
139	56	57	3031	0	0	0	0
42	32	15	3020	0	0	0	0
27	8	8	3014	0	0	0	0
17	8	5	3016	0	0	0	0
3	1	5	3010	0	0	0	0
99	29	46	3031	0	0	0	0
41	21	25	3029	0	0	0	0
219	95	86	3056	0	0	0	0
70	20	23	3023	0	0	0	0
6	1	3	3011	0	0	0	0
198	84	84	3055	0	0	0	0
469	233	163	3103	0	0	0	0
177	60	61	3052	0	0	0	0
417	165	162	3060	0	0	0	0
2	3	2	3009	0	0	0	0
80	20	31	3025	0	0	0	0
52	20	22	3022	0	0	0	0
246	120	106	3068	0	0	0	0
131	90	55	3047	0	0	0	0
17	10	17	3017	0	0	0	0
178	72	68	3056	0	0	0	0
76	45	23	3025	0	0	0	0
157	63	64	3044	0	0	0	0
130	47	73	3033	0	0	0	0
110	52	48	3027	0	0	0	0
2	1	0	3009	0	0	0	0
7	2	0	3013	0	0	0	0
15	5	4	3017	0	0	0	0
154	51	54	3039	0	0	0	0
95	31	32	3038	0	0	0	0
63	30	17	3020	0	0	0	0
503	192	188	3118	0	0	0	0
27	7	6	3015	0	0	0	0
321	129	125	3081	0	0	0	0
179	59	89	3029	0	0	0	0
8	3	0	3017	0	0	0	0
255	91	83	3078	0	0	0	0
28	11	17	3014	0	0	0	0
54	36	28	3017	0	0	0	0
152	55	73	3043	0	0	0	0
288	131	119	3071	0	0	0	0
42	13	16	3019	0	0	0	0
52	34	22	3018	0	0	0	0
111	44	35	3023	0	0	0	0
48	24	21	3028	0	0	0	0
72	47	21	3035	0	0	0	0
158	50	76	3045	0	0	0	0
423	169	163	3088	0	0	0	0
38	17	8	3013	0	0	0	0
194	84	74	3058	0	0	0	0
333	158	136	3075	0	0	0	0
335	155	136	3079	0	0	0	0
239	101	76	3053	0	0	0	0
29	9	7	3021	0	0	0	0
15	3	13	3010	0	0	0	0
61	41	28	3025	0	0	0	0
198	72	92	3055	0	0	0	0
71	22	38	3020	0	0	0	0
485	159	150	3085	0	0	0	0
19	3	4	3015	0	0	0	0
283	122	123	3069	0	0	0	0
196	94	83	3048	0	0	0	0
343	147	120	3096	0	0	0	0
21	6	7	3015	0	0	0	0
387	180	159	3066	0	0	0	0
133	61	52	3034	0	0	0	0
57	26	18	3017	0	0	0	0
41	21	20	3019	0	0	0	0
283	141	131	3060	0	0	0	0
79	39	27	3023	0	0	0	0
27	6	8	3014	0	0	0	0
143	68	60	3031	0	0	0	0
50	13	27	3024	0	0	0	0
406	209	137	3084	0	0	0	0
14	7	8	3018	0	0	0	0
98	55	48	3031	0	0	0	0
31	13	6	3015	0	0	0	0
100	44	29	3025	0	0	0	0
18	6	7	3019	0	0	0	0
187	74	60	3051	0	0	0	0
15	5	4	3013	0	0	0	0
3	0	5	3009	0	0	0	0
218	86	90	3052	0	0	0	0
70	44	32	3032	0	0	0	0
185	88	74	3061	0	0	0	0
99	31	40	3040	0	0	0	0
103	40	38	3031	0	0	0	0
89	51	48	3032	0	0	0	0
181	76	76	3043	0	0	0	0
170	72	80	3051	0	0	0	0
61	18	19	3029	0	0	0	0
166	74	75	3033	0	0	0	0
286	134	96	3075	0	0	0	0
72	31	19	3032	0	0	0	0
48	9	13	3018	0	0	0	0
277	99	103	3055	0	0	0	0
20	4	5	3019	0	0	0	0
15	15	5	3016	0	0	0	0
23	11	12	3010	0	0	0	0
84	26	25	3034	0	0	0	0
164	103	73	3057	0	0	0	0
43	33	13	3034	0	0	0	0
90	32	34	3034	0	0	0	0
83	34	47	3027	0	0	0	0
209	105	63	3056	0	0	0	0
145	64	65	3038	0	0	0	0
33	18	18	3026	0	0	0	0
45	21	26	3021	0	0	0	0
53	16	19	3013	0	0	0	0
37	5	18	3023	0	0	0	0
197	105	68	3033	0	0	0	0
151	70	64	3027	0	0	0	0
64	21	38	3032	0	0	0	0
43	27	14	3031	0	0	0	0
23	9	14	3014	0	0	0	0
160	84	72	3030	0	0	0	0
26	8	16	3013	0	0	0	0
17	10	6	3021	0	0	0	0
136	55	45	3036	0	0	0	0
56	15	20	3019	0	0	0	0
49	13	15	3024	0	0	0	0
165	51	62	3050	0	0	0	0
79	32	30	3042	0	0	0	0
384	202	164	3064	0	0	0	0
9	3	4	3009	0	0	0	0
41	11	16	3022	0	0	0	0
141	84	80	3035	0	0	0	0
58	37	22	3028	0	0	0	0
24	19	18	3024	0	0	0	0
3	1	3	3010	0	0	0	0
149	82	55	3039	0	0	0	0
146	45	66	3029	0	0	0	0
48	17	18	3016	0	0	0	0
292	116	106	3059	0	0	0	0
217	94	83	3043	0	0	0	0
161	65	56	3045	0	0	0	0
34	10	11	3014	0	0	0	0
198	105	56	3061	0	0	0	0
45	12	11	3025	0	0	0	0
27	8	5	3022	0	0	0	0
32	4	9	3020	0	0	0	0
131	50	57	3059	0	0	0	0
60	33	30	3032	0	0	0	0
269	145	122	3060	0	0	0	0
41	22	12	3020	0	0	0	0
88	37	30	3040	0	0	0	0
224	80	81	3050	0	0	0	0
338	173	121	3113	0	0	0	0
47	10	23	3024	0	0	0	0
13	3	2	3010	0	0	0	0
103	26	36	3029	0	0	0	0
360	157	121	3098	0	0	0	0
37	6	10	3024	0	0	0	0
31	14	15	3012	0	0	0	0
303	141	127	3074	0	0	0	0
38	16	8	3012	0	0	0	0
98	46	45	3029	0	0	0	0
10	6	3	3010	0	0	0	0
26	5	11	3015	0	0	0	0
61	13	22	3021	0	0	0	0
194	78	73	3041	0	0	0	0
118	45	58	3025	0	0	0	0
31	10	10	3016	0	0	0	0
205	87	80	3042	0	0	0	0
133	68	48	3027	0	0	0	0
22	14	16	3021	0	0	0	0
36	14	17	3023	0	0	0	0
197	84	57	3037	0	0	0	0
105	45	24	3026	0	0	0	0
123	56	46	3027	0	0	0	0
15	1	14	3009	0	0	0	0
66	32	22	3024	0	0	0	0
249	113	99	3075	0	0	0	0
236	99	91	3049	0	0	0	0
9	4	9	3015	0	0	0	0
299	115	107	3049	0	0	0	0
212	100	74	3056	0	0	0	0
42	26	7	3015	0	0	0	0
53	18	22	3022	0	0	0	0
235	112	96	3046	0	0	0	0
37	21	13	3018	0	0	0	0
243	91	88	3055	0	0	0	0
96	56	46	3030	0	0	0	0
108	80	52	3035	0	0	0	0
111	46	56	3037	0	0	0	0
175	85	69	3044	0	0	0	0
38	18	18	3018	0	0	0	0
74	36	28	3035	0	0	0	0
58	21	18	3021	0	0	0	0
223	81	82	3044	0	0	0	0
12	2	9	3010	0	0	0	0
92	43	35	3030	0	0	0	0
229	124	124	3041	0	0	0	0
84	41	22	3038	0	0	0	0
42	26	22	3016	0	0	0	0
60	27	35	3029	0	0	0	0
37	24	21	3023	0	0	0	0
24	6	13	3012	0	0	0	0
34	10	11	3015	0	0	0	0
13	2	3	3017	0	0	0	0
278	129	104	3056	0	0	0	0
318	115	91	3061	0	0	0	0
23	5	12	3013	0	0	0	0
226	104	82	3066	0	0	0	0
90	34	26	3033	0	0	0	0
253	146	95	3072	0	0	0	0
129	67	58	3033	0	0	0	0
95	36	23	3027	0	0	0	0
201	102	71	3037	0	0	0	0
93	52	53	3032	0	0	0	0
189	62	60	3055	0	0	0	0
146	52	56	3041	0	0	0	0
32	11	12	3016	0	0	0	0
88	31	28	3032	0	0	0	0
68	39	26	3023	0	0	0	0
435	176	172	3105	0	0	0	0
179	81	77	3058	0	0	0	0
76	35	31	3029	0	0	0	0
116	56	54	3035	0	0	0	0
283	91	118	3056	0	0	0	0
22	7	5	3013	0	0	0	0
367	151	162	3117	0	0	0	0
233	131	112	3050	0	0	0	0
207	103	68	3056	0	0	0	0
351	176	134	3062	0	0	0	0
111	51	39	3047	0	0	0	0
256	119	111	3066	0	0	0	0
139	68	67	3042	0	0	0	0
107	28	35	3043	0	0	0	0
12	3	3	3012	0	0	0	0
141	81	54	3034	0	0	0	0
239	101	83	3045	0	0	0	0
260	135	100	3076	0	0	0	0
40	18	16	3020	0	0	0	0
184	103	75	3055	0	0	0	0
355	136	126	3098	0	0	0	0
78	60	27	3032	0	0	0	0
25	14	4	3027	0	0	0	0
177	124	78	3036	0	0	0	0
182	85	68	3054	0	0	0	0
302	131	129	3049	0	0	0	0
62	36	29	3030	0	0	0	0
278	112	97	3051	0	0	0	0
338	110	111	3082	0	0	0	0
15	14	7	3010	0	0	0	0
330	134	123	3072	0	0	0	0
258	141	118	3055	0	0	0	0
260	115	111	3058	0	0	0	0
11	4	6	3010	0	0	0	0
257	139	130	3059	0	0	0	0
8	6	6	3015	0	0	0	0
131	51	36	3035	0	0	0	0
287	166	122	3055	0	0	0	0
30	4	12	3009	0	0	0	0
229	112	101	3057	0	0	0	0
15	7	5	3010	0	0	0	0
203	84	82	3063	0	0	0	0
53	14	16	3019	0	0	0	0
169	63	69	3045	0	0	0	0
167	81	74	3052	0	0	0	0
26	9	3	3014	0	0	0	0
315	124	138	3071	0	0	0	0
195	84	58	3042	0	0	0	0
49	21	20	3025	0	0	0	0
292	125	141	3063	0	0	0	0
145	95	66	3037	0	0	0	0
118	52	42	3024	0	0	0	0
342	171	149	3072	0	0	0	0
203	86	99	3055	0	0	0	0
94	49	48	3042	0	0	0	0
291	107	103	3052	0	0	0	0
140	53	60	3038	0	0	0	0
234	90	96	3053	0	0	0	0
111	66	56	3048	0	0	0	0
57	23	28	3024	0	0	0	0
38	16	17	3024	0	0	0	0
68	32	25	3028	0	0	0	0
99	49	40	3020	0	0	0	0
32	18	20	3013	0	0	0	0
191	105	73	3048	0	0	0	0
115	43	49	3028	0	0	0	0
31	12	22	3017	0	0	0	0
41	16	14	3015	0	0	0	0
359	133	114	3103	0	0	0	0
151	68	71	3053	0	0	0	0
342	153	152	3059	0	0	0	0
127	41	41	3038	0	0	0	0
5	3	2	3010	0	0	0	0
185	116	90	3051	0	0	0	0
50	15	19	3019	0	0	0	0
166	86	70	3035	0	0	0	0
57	26	21	3017	0	0	0	0
77	47	39	3030	0	0	0	0
132	58	52	3038	0	0	0	0
416	166	192	3099	0	0	0	0
178	78	68	3042	0	0	0	0
3	1	4	3010	0	0	0	0
5	2	7	3016	0	0	0	0
140	62	59	3031	0	0	0	0
7	2	3	3011	0	0	0	0
74	43	34	3023	0	0	0	0
358	117	133	3070	0	0	0	0
112	48	43	3038	0	0	0	0
176	72	64	3052	0	0	0	0
61	17	20	3024	0	0	0	0
20	3	7	3013	0	0	0	0
29	14	13	3014	0	0	0	0
5	1	4	3013	0	0	0	0
132	52	51	3032	0	0	0	0
268	116	110	3084	0	0	0	0
189	118	76	3066	0	0	0	0
211	93	95	3038	0	0	0	0
275	119	100	3084	0	0	0	0
186	100	66	3044	0	0	0	0
8	4	4	3010	0	0	0	0
83	24	51	3022	0	0	0	0
23	9	10	3014	0	0	0	0
41	12	11	3020	0	0	0	0
9	2	2	3016	0	0	0	0
154	25	62	3036	0	0	0	0
153	70	64	3038	0	0	0	0
85	39	26	3035	0	0	0	0
199	97	72	3045	0	0	0	0
15	8	3	3016	0	0	0	0
224	77	80	3042	0	0	0	0
215	95	81	3037	0	0	0	0
305	116	107	3054	0	0	0	0
198	132	99	3037	0	0	0	0
77	40	31	3032	0	0	0	0
97	27	36	3022	0	0	0	0
51	11	12	3028	0	0	0	0
7	1	3	3013	0	0	0	0
286	136	111	3076	0	0	0	0
142	63	59	3060	0	0	0	0
129	55	46	3038	0	0	0	0
21	11	7	3015	0	0	0	0
27	18	5	3022	0	0	0	0
105	45	49	3030	0	0	0	0
57	20	18	3023	0	0	0	0
325	123	147	3054	0	0	0	0
134	42	46	3054	0	0	0	0
273	120	106	3047	0	0	0	0
71	49	48	3031	0	0	0	0
148	85	68	3039	0	0	0	0
8	1	4	3012	0	0	0	0
356	184	153	3075	0	0	0	0
88	34	32	3023	0	0	0	0
35	19	16	3013	0	0	0	0
65	39	19	3027	0	0	0	0
104	33	36	3031	0	0	0	0
15	0	2	3014	0	0	0	0
131	57	51	3028	0	0	0	0
25	13	13	3017	0	0	0	0
180	51	55	3045	0	0	0	0
23	9	9	3013	0	0	0	0
171	70	65	3061	0	0	0	0
36	13	18	3014	0	0	0	0
84	37	38	3020	0	0	0	0
372	168	165	3095	0	0	0	0
12	4	4	3010	0	0	0	0
150	67	60	3036	0	0	0	0
251	104	110	3058	0	0	0	0
222	133	96	3060	0	0	0	0
125	89	50	3055	0	0	0	0
120	54	60	3043	0	0	0	0
172	78	46	3036	0	0	0	0
29	13	16	3016	0	0	0	0
164	78	58	3032	0	0	0	0
244	134	93	3047	0	0	0	0
4	1	2	3012	0	0	0	0
79	51	29	3022	0	0	0	0
148	65	51	3047	0	0	0	0
61	13	19	3024	0	0	0	0
34	12	8	3020	0	0	0	0
164	89	53	3038	0	0	0	0
38	19	13	3013	0	0	0	0
14	1	5	3017	0	0	0	0
91	41	27	3031	0	0	0	0
36	9	10	3016	0	0	0	0
321	155	144	3075	0	0	0	0
7	6	0	3012	0	0	0	0
263	109	115	3071	0	0	0	0
315	135	114	3073	0	0	0	0
244	83	92	3068	0	0	0	0
172	72	82	3040	0	0	0	0
287	132	123	3065	0	0	0	0
332	180	144	3059	0	0	0	0
230	104	97	3057	0	0	0	0
317	158	139	3082	0	0	0	0
193	82	77	3041	0	0	0	0
108	51	53	3024	0	0	0	0
25	11	8	3022	0	0	0	0
4	0	1	3010	0	0	0	0
40	21	14	3024	0	0	0	0
15	3	4	3015	0	0	0	0
430	191	158	3136	0	0	0	0
188	109	81	3059	0	0	0	0
44	14	20	3018	0	0	0	0
97	23	36	3020	0	0	0	0
229	120	90	3049	0	0	0	0
4	1	1	3011	0	0	0	0
6	5	3	3014	0	0	0	0
472	206	164	3130	0	0	0	0
124	62	42	3039	0	0	0	0
140	65	38	3033	0	0	0	0
14	9	5	3017	0	0	0	0
63	29	35	3023	0	0	0	0
43	25	15	3019	0	0	0	0
18	5	6	3012	0	0	0	0
268	131	116	3058	0	0	0	0
175	69	65	3043	0	0	0	0
6	2	4	3014	0	0	0	0
89	49	41	3036	0	0	0	0
336	141	107	3062	0	0	0	0
176	77	52	3052	0	0	0	0
94	41	51	3036	0	0	0	0
78	44	23	3024	0	0	0	0
33	15	10	3017	0	0	0	0
7	1	3	3012	0	0	0	0
237	87	66	3079	0	0	0	0
61	21	26	3019	0	0	0	0
120	52	38	3036	0	0	0	0
130	66	48	3040	0	0	0	0
11	3	1	3013	0	0	0	0
85	64	30	3030	0	0	0	0
50	14	11	3014	0	0	0	0
43	25	18	3019	0	0	0	0
306	184	96	3097	0	0	0	0
87	34	34	3043	0	0	0	0
263	113	122	3056	0	0	0	0
147	47	62	3025	0	0	0	0
39	10	5	3022	0	0	0	0
313	139	104	3069	0	0	0	0
23	7	17	3016	0	0	0	0
196	97	79	3043	0	0	0	0
99	31	42	3028	0	0	0	0
157	85	60	3039	0	0	0	0
48	14	15	3025	0	0	0	0
25	21	5	3021	0	0	0	0
28	9	9	3015	0	0	0	0
13	6	2	3013	0	0	0	0
36	14	19	3019	0	0	0	0
200	80	80	3043	0	0	0	0
69	23	36	3014	0	0	0	0
128	54	52	3038	0	0	0	0
24	23	12	3024	0	0	0	0
142	63	66	3043	0	0	0	0
219	98	101	3065	0	0	0	0
82	45	38	3026	0	0	0	0
223	134	107	3041	0	0	0	0
129	51	52	3023	0	0	0	0
162	62	55	3034	0	0	0	0
227	115	80	3052	0	0	0	0
95	66	66	3048	0	0	0	0
194	105	80	3039	0	0	0	0
268	98	97	3052	0	0	0	0
124	52	43	3059	0	0	0	0
7	1	4	3012	0	0	0	0
155	64	72	3054	0	0	0	0
237	103	86	3059	0	0	0	0
82	21	23	3023	0	0	0	0
75	38	27	3031	0	0	0	0
5	1	4	3010	0	0	0	0
22	5	6	3012	0	0	0	0
85	31	30	3023	0	0	0	0
292	100	108	3066	0	0	0	0
66	28	17	3025	0	0	0	0
186	98	76	3062	0	0	0	0
32	5	14	3016	0	0	0	0
185	70	62	3056	0	0	0	0
117	36	49	3035	0	0	0	0
187	78	74	3039	0	0	0	0
296	129	97	3061	0	0	0	0
207	91	82	3042	0	0	0	0
41	8	12	3014	0	0	0	0
89	38	27	3027	0	0	0	0
245	119	110	3056	0	0	0	0
121	61	57	3034	0	0	0	0
175	58	58	3036	0	0	0	0
162	81	67	3047	0	0	0	0
85	45	37	3032	0	0	0	0
3	0	2	3011	0	0	0	0
170	90	72	3056	0	0	0	0
151	53	57	3041	0	0	0	0
19	7	7	3012	0	0	0	0
7	1	4	3011	0	0	0	0
68	24	37	3027	0	0	0	0
28	5	14	3011	0	0	0	0
38	28	15	3018	0	0	0	0
68	35	51	3025	0	0	0	0
31	17	8	3019	0	0	0	0
55	19	32	3022	0	0	0	0
215	80	75	3032	0	0	0	0
154	50	60	3035	0	0	0	0
123	51	56	3045	0	0	0	0
33	5	7	3016	0	0	0	0
224	109	94	3039	0	0	0	0
60	24	27	3017	0	0	0	0
243	100	100	3044	0	0	0	0
131	37	52	3053	0	0	0	0
200	55	63	3044	0	0	0	0
34	9	24	3018	0	0	0	0
171	83	59	3050	0	0	0	0
151	70	53	3037	0	0	0	0
59	25	39	3027	0	0	0	0
208	99	101	3051	0	0	0	0
294	104	111	3054	0	0	0	0
69	24	15	3024	0	0	0	0
160	74	67	3036	0	0	0	0
31	22	11	3016	0	0	0	0
123	79	66	3023	0	0	0	0
52	22	18	3015	0	0	0	0
185	110	87	3043	0	0	0	0
247	98	82	3066	0	0	0	0
218	102	90	3063	0	0	0	0
79	36	42	3026	0	0	0	0
255	138	107	3061	0	0	0	0
85	55	49	3023	0	0	0	0
35	11	9	3018	0	0	0	0
317	137	115	3075	0	0	0	0
226	105	96	3037	0	0	0	0
155	68	65	3038	0	0	0	0
35	9	6	3015	0	0	0	0
101	59	33	3041	0	0	0	0
92	48	51	3036	0	0	0	0
237	128	102	3077	0	0	0	0
17	1	6	3010	0	0	0	0
110	48	61	3051	0	0	0	0
86	36	37	3039	0	0	0	0
7	4	2	3013	0	0	0	0
236	123	98	3067	0	0	0	0
106	45	40	3018	0	0	0	0
307	126	99	3070	0	0	0	0
70	24	25	3044	0	0	0	0
22	6	5	3014	0	0	0	0
12	9	8	3015	0	0	0	0
90	42	36	3032	0	0	0	0
194	62	81	3048	0	0	0	0
132	75	65	3040	0	0	0	0
180	79	65	3047	0	0	0	0
230	85	86	3059	0	0	0	0
191	80	81	3047	0	0	0	0
32	12	12	3024	0	0	0	0
264	105	88	3056	0	0	0	0
255	141	107	3079	0	0	0	0
344	130	152	3064	0	0	0	0
136	52	56	3033	0	0	0	0
289	123	147	3072	0	0	0	0
92	58	40	3028	0	0	0	0
43	23	23	3022	0	0	0	0
162	74	61	3034	0	0	0	0
221	81	84	3058	0	0	0	0
316	128	108	3077	0	0	0	0
239	129	103	3059	0	0	0	0
150	63	70	3036	0	0	0	0
6	2	0	3014	0	0	0	0
142	77	65	3038	0	0	0	0
31	7	14	3016	0	0	0	0
63	26	31	3017	0	0	0	0
47	14	15	3023	0	0	0	0
14	6	7	3016	0	0	0	0
180	101	78	3047	0	0	0	0
246	99	97	3054	0	0	0	0
90	35	24	3027	0	0	0	0
20	8	7	3016	0	0	0	0
69	45	37	3030	0	0	0	0
67	47	25	3023	0	0	0	0
288	142	123	3087	0	0	0	0
166	100	71	3052	0	0	0	0
18	10	13	3019	0	0	0	0
260	85	100	3048	0	0	0	0
254	118	121	3062	0	0	0	0
131	51	41	3034	0	0	0	0
90	33	37	3038	0	0	0	0
21	5	6	3017	0	0	0	0
44	12	14	3023	0	0	0	0
315	188	138	3057	0	0	0	0
115	49	51	3028	0	0	0	0
19	4	4	3009	0	0	0	0
48	10	20	3018	0	0	0	0
89	44	36	3043	0	0	0	0
122	34	29	3033	0	0	0	0
239	96	99	3044	0	0	0	0
46	21	15	3017	0	0	0	0
