21	7	3	2009	0	0	0	0
13	2	3	2015	0	0	0	0
131	60	42	2038	0	0	0	0
2	0	3	2007	0	0	0	0
279	144	134	2064	0	0	0	0
3	0	0	2009	0	0	0	0
251	98	88	2045	0	0	0	0
380	153	170	2077	0	0	0	0
266	95	108	2053	0	0	0	0
1	0	1	2008	0	0	0	0
148	68	39	2037	0	0	0	0
27	16	9	2010	0	0	0	0
41	10	7	2013	0	0	0	0
108	62	58	2023	0	0	0	0
122	39	32	2040	0	0	0	0
197	96	73	2042	0	0	0	0
219	109	66	2058	0	0	0	0
7	5	4	2006	0	0	0	0
68	20	35	2022	0	0	0	0
203	109	82	2034	0	0	0	0
74	31	27	2022	0	0	0	0
181	92	90	2044	0	0	0	0
86	49	37	2035	0	0	0	0
37	5	10	2015	0	0	0	0
113	60	47	2037	0	0	0	0
5	0	1	2007	0	0	0	0
98	36	47	2036	0	0	0	0
10	1	0	2009	0	0	0	0
274	138	131	2052	0	0	0	0
18	6	9	2013	0	0	0	0
38	28	24	2012	0	0	0	0
70	23	22	2027	0	0	0	0
149	71	55	2028	0	0	0	0
113	67	51	2029	0	0	0	0
208	110	96	2058	0	0	0	0
108	44	36	2019	0	0	0	0
51	15	18	2027	0	0	0	0
115	45	42	2022	0	0	0	0
124	36	41	2026	0	0	0	0
3	0	1	2006	0	0	0	0
155	53	57	2038	0	0	0	0
186	77	61	2049	0	0	0	0
80	48	30	2024	0	0	0	0
21	10	5	2015	0	0	0	0
257	108	90	2054	0	0	0	0
8	3	1	2006	0	0	0	0
24	8	15	2011	0	0	0	0
126	44	51	2037	0	0	0	0
151	85	63	2037	0	0	0	0
124	67	47	2030	0	0	0	0
74	36	40	2021	0	0	0	0
99	42	45	2026	0	0	0	0
35	12	8	2023	0	0	0	0
20	2	7	2011	0	0	0	0
63	23	29	2017	0	0	0	0
296	115	113	2056	0	0	0	0
18	9	11	2011	0	0	0	0
8	0	6	2007	0	0	0	0
398	197	152	2065	0	0	0	0
304	112	118	2055	0	0	0	0
243	123	105	2057	0	0	0	0
77	24	28	2034	0	0	0	0
130	61	41	2044	0	0	0	0
206	85	73	2034	0	0	0	0
32	6	7	2012	0	0	0	0
113	46	46	2010	0	0	0	0
271	117	80	2061	0	0	0	0
25	10	12	2007	0	0	0	0
110	75	42	2030	0	0	0	0
26	6	14	2015	0	0	0	0
8	4	3	2011	0	0	0	0
101	58	44	2024	0	0	0	0
260	129	100	2053	0	0	0	0
2	2	1	2006	0	0	0	0
79	18	26	2030	0	0	0	0
5	3	5	2007	0	0	0	0
102	55	57	2025	0	0	0	0
217	94	94	2050	0	0	0	0
22	14	15	2014	0	0	0	0
163	70	81	2045	0	0	0	0
223	111	82	2039	0	0	0	0
179	120	88	2046	0	0	0	0
145	75	68	2033	0	0	0	0
160	42	49	2026	0	0	0	0
182	112	89	2044	0	0	0	0
14	3	4	2014	0	0	0	0
27	7	7	2008	0	0	0	0
145	57	75	2034	0	0	0	0
34	14	15	2020	0	0	0	0
248	100	88	2060	0	0	0	0
58	33	12	2015	0	0	0	0
48	20	20	2016	0	0	0	0
284	167	132	2069	0	0	0	0
10	4	5	2007	0	0	0	0
11	3	8	2012	0	0	0	0
166	84	79	2033	0	0	0	0
84	40	41	2029	0	0	0	0
101	23	35	2020	0	0	0	0
6	1	5	2006	0	0	0	0
3	0	0	2006	0	0	0	0
119	39	62	2031	0	0	0	0
4	3	2	2006	0	0	0	0
348	102	134	2060	0	0	0	0
47	15	10	2021	0	0	0	0
63	27	27	2015	0	0	0	0
142	73	71	2019	0	0	0	0
7	2	1	2010	0	0	0	0
17	8	17	2024	0	0	0	0
42	18	11	2013	0	0	0	0
150	68	59	2028	0	0	0	0
8	3	3	2009	0	0	0	0
324	151	136	2057	0	0	0	0
5	7	4	2014	0	0	0	0
49	40	23	2017	0	0	0	0
146	81	71	2031	0	0	0	0
256	108	128	2058	0	0	0	0
177	92	78	2043	0	0	0	0
50	24	14	2023	0	0	0	0
92	42	42	2027	0	0	0	0
257	113	116	2056	0	0	0	0
165	90	77	2033	0	0	0	0
222	93	104	2036	0	0	0	0
13	6	9	2009	0	0	0	0
85	41	37	2021	0	0	0	0
48	36	11	2020	0	0	0	0
64	22	22	2024	0	0	0	0
7	3	1	2008	0	0	0	0
3	5	5	2006	0	0	0	0
120	59	61	2029	0	0	0	0
24	5	18	2008	0	0	0	0
3	2	1	2011	0	0	0	0
173	59	40	2038	0	0	0	0
21	10	7	2010	0	0	0	0
71	15	17	2020	0	0	0	0
295	149	137	2068	0	0	0	0
17	3	8	2008	0	0	0	0
229	117	87	2049	0	0	0	0
47	25	18	2019	0	0	0	0
164	63	53	2042	0	0	0	0
5	2	4	2014	0	0	0	0
18	3	5	2012	0	0	0	0
13	0	2	2006	0	0	0	0
169	82	69	2039	0	0	0	0
5	2	2	2007	0	0	0	0
227	108	98	2048	0	0	0	0
3	3	0	2006	0	0	0	0
139	61	38	2031	0	0	0	0
15	5	5	2016	0	0	0	0
202	80	57	2021	0	0	0	0
1	0	0	2006	0	0	0	0
49	14	14	2025	0	0	0	0
11	8	10	2016	0	0	0	0
102	35	31	2023	0	0	0	0
6	2	0	2010	0	0	0	0
19	18	14	2013	0	0	0	0
305	119	98	2064	0	0	0	0
69	27	27	2026	0	0	0	0
33	5	10	2010	0	0	0	0
143	75	64	2022	0	0	0	0
278	122	134	2042	0	0	0	0
10	9	8	2006	0	0	0	0
564	237	208	2106	0	0	0	0
0	0	1	2006	0	0	0	0
112	54	44	2018	0	0	0	0
345	121	117	2085	0	0	0	0
127	58	60	2046	0	0	0	0
245	102	102	2050	0	0	0	0
97	43	49	2012	0	0	0	0
316	137	134	2072	0	0	0	0
210	104	78	2061	0	0	0	0
43	14	15	2026	0	0	0	0
100	47	40	2032	0	0	0	0
80	30	30	2019	0	0	0	0
167	69	57	2042	0	0	0	0
55	28	26	2014	0	0	0	0
12	1	7	2009	0	0	0	0
229	111	77	2049	0	0	0	0
8	5	2	2009	0	0	0	0
10	2	6	2009	0	0	0	0
2	1	3	2008	0	0	0	0
11	5	3	2006	0	0	0	0
4	0	1	2007	0	0	0	0
169	80	85	2039	0	0	0	0
102	24	37	2015	0	0	0	0
119	59	77	2037	0	0	0	0
4	1	2	2007	0	0	0	0
15	16	9	2012	0	0	0	0
17	2	9	2011	0	0	0	0
14	0	5	2009	0	0	0	0
9	10	6	2008	0	0	0	0
129	55	52	2040	0	0	0	0
5	0	1	2006	0	0	0	0
349	175	135	2070	0	0	0	0
84	47	43	2040	0	0	0	0
6	6	7	2009	0	0	0	0
47	18	11	2026	0	0	0	0
5	0	1	2008	0	0	0	0
57	10	21	2022	0	0	0	0
234	100	106	2044	0	0	0	0
21	3	8	2013	0	0	0	0
38	16	8	2019	0	0	0	0
309	124	125	2062	0	0	0	0
110	60	55	2045	0	0	0	0
13	2	9	2008	0	0	0	0
210	125	98	2065	0	0	0	0
341	129	152	2076	0	0	0	0
417	177	171	2062	0	0	0	0
211	109	97	2051	0	0	0	0
154	75	73	2058	0	0	0	0
4	0	1	2006	0	0	0	0
162	67	68	2030	0	0	0	0
124	40	48	2035	0	0	0	0
14	7	5	2012	0	0	0	0
315	163	144	2056	0	0	0	0
380	146	156	2059	0	0	0	0
145	57	52	2036	0	0	0	0
6	2	4	2006	0	0	0	0
73	32	31	2020	0	0	0	0
34	15	15	2019	0	0	0	0
20	6	5	2009	0	0	0	0
23	15	9	2011	0	0	0	0
9	2	5	2007	0	0	0	0
333	113	133	2070	0	0	0	0
26	4	9	2014	0	0	0	0
18	12	14	2011	0	0	0	0
21	7	9	2009	0	0	0	0
92	38	30	2033	0	0	0	0
68	13	19	2008	0	0	0	0
211	92	106	2045	0	0	0	0
253	81	108	2048	0	0	0	0
82	45	56	2018	0	0	0	0
128	72	60	2034	0	0	0	0
235	126	84	2044	0	0	0	0
55	27	31	2021	0	0	0	0
5	0	1	2006	0	0	0	0
69	39	24	2031	0	0	0	0
79	31	22	2010	0	0	0	0
5	0	0	2006	0	0	0	0
12	4	1	2011	0	0	0	0
259	123	115	2051	0	0	0	0
13	3	3	2010	0	0	0	0
12	2	2	2007	0	0	0	0
91	36	21	2022	0	0	0	0
308	131	127	2058	0	0	0	0
73	52	34	2029	0	0	0	0
333	129	129	2064	0	0	0	0
55	19	23	2023	0	0	0	0
116	44	38	2026	0	0	0	0
145	54	62	2042	0	0	0	0
228	102	57	2035	0	0	0	0
7	4	6	2007	0	0	0	0
8	1	1	2008	0	0	0	0
12	12	5	2012	0	0	0	0
6	2	3	2006	0	0	0	0
138	55	46	2042	0	0	0	0
71	35	29	2022	0	0	0	0
53	18	12	2016	0	0	0	0
5	1	0	2007	0	0	0	0
8	5	5	2008	0	0	0	0
7	5	2	2009	0	0	0	0
198	85	84	2044	0	0	0	0
72	21	40	2016	0	0	0	0
21	11	12	2013	0	0	0	0
111	48	48	2039	0	0	0	0
38	20	14	2009	0	0	0	0
18	4	12	2009	0	0	0	0
88	38	33	2022	0	0	0	0
120	36	32	2034	0	0	0	0
118	58	37	2039	0	0	0	0
269	91	106	2072	0	0	0	0
39	8	11	2015	0	0	0	0
80	39	27	2027	0	0	0	0
103	19	39	2027	0	0	0	0
20	4	9	2008	0	0	0	0
49	18	20	2023	0	0	0	0
146	58	68	2017	0	0	0	0
213	121	88	2046	0	0	0	0
86	37	29	2020	0	0	0	0
70	30	37	2017	0	0	0	0
229	123	92	2040	0	0	0	0
246	146	88	2057	0	0	0	0
215	93	126	2029	0	0	0	0
23	4	8	2014	0	0	0	0
121	42	43	2029	0	0	0	0
75	41	38	2030	0	0	0	0
274	149	124	2061	0	0	0	0
88	58	27	2021	0	0	0	0
110	36	52	2037	0	0	0	0
98	37	42	2019	0	0	0	0
6	10	5	2008	0	0	0	0
236	134	103	2049	0	0	0	0
11	0	1	2008	0	0	0	0
75	45	22	2016	0	0	0	0
237	112	93	2043	0	0	0	0
135	48	55	2037	0	0	0	0
235	87	86	2062	0	0	0	0
65	39	22	2020	0	0	0	0
162	65	56	2033	0	0	0	0
49	17	20	2016	0	0	0	0
25	17	9	2013	0	0	0	0
28	5	5	2006	0	0	0	0
123	70	45	2038	0	0	0	0
232	93	78	2043	0	0	0	0
199	79	79	2031	0	0	0	0
110	50	47	2033	0	0	0	0
129	63	36	2042	0	0	0	0
9	8	11	2007	0	0	0	0
16	2	7	2018	0	0	0	0
160	85	60	2033	0	0	0	0
55	33	21	2009	0	0	0	0
191	85	93	2057	0	0	0	0
11	1	5	2009	0	0	0	0
5	7	2	2009	0	0	0	0
131	66	56	2027	0	0	0	0
101	52	52	2038	0	0	0	0
8	2	1	2007	0	0	0	0
106	29	37	2023	0	0	0	0
1	1	0	2007	0	0	0	0
99	68	40	2025	0	0	0	0
2	0	0	2006	0	0	0	0
7	1	2	2009	0	0	0	0
14	8	12	2014	0	0	0	0
102	43	50	2039	0	0	0	0
126	59	53	2022	0	0	0	0
0	0	1	2007	0	0	0	0
22	10	8	2013	0	0	0	0
197	96	92	2043	0	0	0	0
329	136	138	2089	0	0	0	0
229	118	96	2051	0	0	0	0
35	16	12	2011	0	0	0	0
97	36	26	2017	0	0	0	0
9	5	4	2017	0	0	0	0
29	12	8	2010	0	0	0	0
52	37	19	2022	0	0	0	0
83	39	25	2029	0	0	0	0
48	10	16	2018	0	0	0	0
166	62	52	2040	0	0	0	0
14	14	9	2017	0	0	0	0
9	0	10	2009	0	0	0	0
4	3	1	2006	0	0	0	0
29	7	11	2011	0	0	0	0
8	1	6	2008	0	0	0	0
129	56	50	2038	0	0	0	0
63	49	39	2023	0	0	0	0
346	169	120	2070	0	0	0	0
161	78	57	2037	0	0	0	0
175	76	66	2041	0	0	0	0
162	61	68	2039	0	0	0	0
214	113	108	2053	0	0	0	0
311	113	127	2056	0	0	0	0
129	52	37	2039	0	0	0	0
293	115	100	2077	0	0	0	0
39	19	9	2020	0	0	0	0
6	0	3	2007	0	0	0	0
169	67	66	2047	0	0	0	0
208	76	84	2052	0	0	0	0
95	54	48	2023	0	0	0	0
195	101	72	2040	0	0	0	0
43	16	20	2029	0	0	0	0
109	47	48	2024	0	0	0	0
2	1	2	2006	0	0	0	0
151	112	65	2023	0	0	0	0
5	0	1	2010	0	0	0	0
260	130	109	2047	0	0	0	0
249	110	98	2041	0	0	0	0
38	12	5	2008	0	0	0	0
228	84	80	2030	0	0	0	0
204	80	82	2057	0	0	0	0
60	21	16	2019	0	0	0	0
284	137	112	2091	0	0	0	0
140	66	68	2052	0	0	0	0
85	52	28	2032	0	0	0	0
160	46	66	2036	0	0	0	0
67	34	23	2018	0	0	0	0
11	0	7	2011	0	0	0	0
57	34	25	2036	0	0	0	0
315	140	124	2066	0	0	0	0
24	9	5	2012	0	0	0	0
7	3	0	2010	0	0	0	0
190	101	80	2053	0	0	0	0
66	23	22	2020	0	0	0	0
3	3	1	2007	0	0	0	0
6	0	1	2007	0	0	0	0
209	59	75	2041	0	0	0	0
14	3	4	2010	0	0	0	0
15	4	11	2011	0	0	0	0
188	83	98	2026	0	0	0	0
6	3	1	2012	0	0	0	0
201	73	88	2046	0	0	0	0
89	37	45	2016	0	0	0	0
63	48	25	2018	0	0	0	0
38	14	14	2011	0	0	0	0
76	44	34	2014	0	0	0	0
7	1	1	2006	0	0	0	0
27	12	7	2010	0	0	0	0
114	75	39	2031	0	0	0	0
6	6	6	2010	0	0	0	0
90	35	41	2036	0	0	0	0
133	74	52	2029	0	0	0	0
67	36	20	2012	0	0	0	0
5	1	4	2006	0	0	0	0
241	133	105	2061	0	0	0	0
157	68	87	2045	0	0	0	0
231	116	94	2061	0	0	0	0
57	13	27	2016	0	0	0	0
174	62	64	2045	0	0	0	0
351	171	139	2059	0	0	0	0
45	27	14	2015	0	0	0	0
40	15	11	2008	0	0	0	0
178	92	65	2050	0	0	0	0
49	16	27	2016	0	0	0	0
33	13	13	2016	0	0	0	0
215	97	103	2044	0	0	0	0
19	7	11	2013	0	0	0	0
215	153	113	2039	0	0	0	0
55	24	17	2020	0	0	0	0
308	136	115	2075	0	0	0	0
9	1	0	2008	0	0	0	0
15	7	3	2019	0	0	0	0
24	7	11	2015	0	0	0	0
21	8	7	2010	0	0	0	0
92	37	27	2025	0	0	0	0
61	23	32	2012	0	0	0	0
31	9	7	2018	0	0	0	0
452	180	168	2064	0	0	0	0
59	33	31	2020	0	0	0	0
168	91	64	2032	0	0	0	0
131	53	46	2032	0	0	0	0
10	1	2	2016	0	0	0	0
7	0	1	2007	0	0	0	0
8	4	3	2010	0	0	0	0
77	24	16	2020	0	0	0	0
8	0	2	2007	0	0	0	0
58	29	20	2020	0	0	0	0
5	1	1	2008	0	0	0	0
25	10	7	2018	0	0	0	0
7	1	3	2013	0	0	0	0
21	5	8	2010	0	0	0	0
6	1	3	2011	0	0	0	0
135	78	50	2030	0	0	0	0
7	1	2	2007	0	0	0	0
13	11	4	2021	0	0	0	0
368	176	138	2072	0	0	0	0
3	0	1	2006	0	0	0	0
7	2	1	2010	0	0	0	0
8	1	2	2007	0	0	0	0
29	15	12	2017	0	0	0	0
11	4	5	2010	0	0	0	0
396	183	157	2117	0	0	0	0
4	1	0	2011	0	0	0	0
35	11	18	2020	0	0	0	0
123	55	61	2032	0	0	0	0
16	7	3	2012	0	0	0	0
16	5	7	2006	0	0	0	0
262	122	135	2052	0	0	0	0
186	59	71	2037	0	0	0	0
107	45	49	2023	0	0	0	0
353	163	147	2061	0	0	0	0
68	29	40	2010	0	0	0	0
178	86	67	2040	0	0	0	0
11	3	5	2012	0	0	0	0
115	41	43	2025	0	0	0	0
35	14	17	2020	0	0	0	0
40	21	18	2018	0	0	0	0
3	1	0	2006	0	0	0	0
21	9	18	2011	0	0	0	0
9	0	1	2008	0	0	0	0
258	121	119	2043	0	0	0	0
15	2	4	2011	0	0	0	0
246	89	76	2034	0	0	0	0
179	73	69	2037	0	0	0	0
27	20	13	2008	0	0	0	0
110	35	53	2021	0	0	0	0
31	19	18	2015	0	0	0	0
178	85	66	2033	0	0	0	0
10	1	0	2011	0	0	0	0
1	1	1	2007	0	0	0	0
218	80	73	2045	0	0	0	0
31	5	5	2011	0	0	0	0
21	7	7	2007	0	0	0	0
99	69	51	2023	0	0	0	0
55	27	21	2025	0	0	0	0
60	26	29	2012	0	0	0	0
2	0	0	2010	0	0	0	0
61	23	17	2023	0	0	0	0
48	23	15	2020	0	0	0	0
95	57	45	2021	0	0	0	0
16	6	3	2013	0	0	0	0
71	32	25	2022	0	0	0	0
9	7	6	2006	0	0	0	0
7	10	1	2010	0	0	0	0
85	37	32	2024	0	0	0	0
228	96	85	2045	0	0	0	0
117	57	65	2029	0	0	0	0
121	34	36	2027	0	0	0	0
23	14	21	2015	0	0	0	0
177	104	75	2037	0	0	0	0
10	4	8	2010	0	0	0	0
9	1	3	2008	0	0	0	0
488	178	186	2080	0	0	0	0
1	0	2	2007	0	0	0	0
65	55	33	2021	0	0	0	0
130	58	56	2035	0	0	0	0
327	175	119	2046	0	0	0	0
10	0	4	2009	0	0	0	0
36	13	20	2011	0	0	0	0
105	54	39	2035	0	0	0	0
9	0	4	2009	0	0	0	0
179	106	67	2058	0	0	0	0
105	64	38	2031	0	0	0	0
39	17	16	2016	0	0	0	0
0	0	0	2008	0	0	0	0
99	50	42	2024	0	0	0	0
157	79	60	2038	0	0	0	0
62	22	22	2020	0	0	0	0
46	19	14	2012	0	0	0	0
109	51	39	2020	0	0	0	0
64	41	31	2037	0	0	0	0
4	0	1	2014	0	0	0	0
5	3	3	2006	0	0	0	0
298	130	133	2041	0	0	0	0
48	23	15	2013	0	0	0	0
80	31	38	2022	0	0	0	0
12	4	9	2013	0	0	0	0
331	128	117	2068	0	0	0	0
140	80	66	2034	0	0	0	0
123	75	53	2028	0	0	0	0
99	58	47	2028	0	0	0	0
98	53	43	2023	0	0	0	0
229	87	107	2046	0	0	0	0
127	62	55	2042	0	0	0	0
96	33	39	2020	0	0	0	0
19	3	13	2015	0	0	0	0
2	1	2	2006	0	0	0	0
38	7	7	2011	0	0	0	0
2	0	1	2006	0	0	0	0
118	57	42	2025	0	0	0	0
12	8	4	2008	0	0	0	0
327	140	123	2057	0	0	0	0
193	65	79	2040	0	0	0	0
40	26	16	2017	0	0	0	0
184	88	73	2026	0	0	0	0
284	129	143	2059	0	0	0	0
5	0	0	2006	0	0	0	0
125	54	45	2030	0	0	0	0
298	138	115	2079	0	0	0	0
124	75	55	2027	0	0	0	0
8	2	3	2008	0	0	0	0
40	27	20	2013	0	0	0	0
188	94	63	2043	0	0	0	0
0	0	0	2006	0	0	0	0
35	7	9	2015	0	0	0	0
89	56	32	2023	0	0	0	0
31	12	19	2011	0	0	0	0
282	112	115	2047	0	0	0	0
231	97	114	2052	0	0	0	0
39	26	25	2027	0	0	0	0
120	68	50	2032	0	0	0	0
343	166	134	2073	0	0	0	0
24	6	10	2013	0	0	0	0
204	88	82	2054	0	0	0	0
23	15	19	2013	0	0	0	0
12	5	8	2009	0	0	0	0
5	0	0	2009	0	0	0	0
96	38	44	2029	0	0	0	0
16	7	2	2017	0	0	0	0
172	79	51	2028	0	0	0	0
24	12	6	2021	0	0	0	0
84	69	45	2038	0	0	0	0
32	8	14	2013	0	0	0	0
149	77	73	2029	0	0	0	0
2	1	2	2006	0	0	0	0
36	16	17	2019	0	0	0	0
19	4	10	2009	0	0	0	0
73	34	28	2020	0	0	0	0
114	47	39	2029	0	0	0	0
231	131	110	2059	0	0	0	0
248	86	67	2037	0	0	0	0
71	42	30	2036	0	0	0	0
64	33	20	2022	0	0	0	0
49	33	22	2018	0	0	0	0
214	89	78	2048	0	0	0	0
9	3	4	2007	0	0	0	0
3	0	1	2006	0	0	0	0
181	74	87	2034	0	0	0	0
22	4	8	2023	0	0	0	0
1	1	0	2008	0	0	0	0
50	24	23	2020	0	0	0	0
32	9	6	2015	0	0	0	0
110	33	54	2022	0	0	0	0
0	0	1	2007	0	0	0	0
161	57	66	2030	0	0	0	0
1	0	0	2007	0	0	0	0
331	160	144	2059	0	0	0	0
5	1	0	2007	0	0	0	0
56	33	20	2015	0	0	0	0
5	0	1	2009	0	0	0	0
5	2	0	2008	0	0	0	0
80	33	29	2029	0	0	0	0
10	4	6	2010	0	0	0	0
60	17	21	2030	0	0	0	0
81	40	32	2022	0	0	0	0
106	28	34	2023	0	0	0	0
10	3	4	2012	0	0	0	0
83	33	27	2016	0	0	0	0
2	0	0	2007	0	0	0	0
8	2	2	2007	0	0	0	0
115	65	65	2030	0	0	0	0
74	38	33	2015	0	0	0	0
260	138	137	2064	0	0	0	0
37	16	7	2011	0	0	0	0
64	31	27	2026	0	0	0	0
119	52	38	2033	0	0	0	0
45	36	24	2009	0	0	0	0
117	60	49	2018	0	0	0	0
109	52	58	2040	0	0	0	0
60	15	19	2022	0	0	0	0
97	23	24	2019	0	0	0	0
32	7	10	2017	0	0	0	0
195	99	87	2019	0	0	0	0
246	114	81	2051	0	0	0	0
351	136	117	2058	0	0	0	0
158	79	81	2035	0	0	0	0
312	174	151	2049	0	0	0	0
15	8	4	2008	0	0	0	0
7	6	6	2009	0	0	0	0
103	62	50	2048	0	0	0	0
4	0	0	2008	0	0	0	0
363	163	145	2079	0	0	0	0
2	0	0	2007	0	0	0	0
16	8	4	2010	0	0	0	0
231	94	97	2036	0	0	0	0
4	0	2	2006	0	0	0	0
55	14	16	2014	0	0	0	0
119	44	49	2031	0	0	0	0
3	2	4	2006	0	0	0	0
110	48	49	2037	0	0	0	0
28	14	17	2014	0	0	0	0
77	24	18	2026	0	0	0	0
152	83	47	2037	0	0	0	0
20	6	5	2008	0	0	0	0
52	20	19	2014	0	0	0	0
56	21	21	2014	0	0	0	0
4	1	4	2009	0	0	0	0
16	2	2	2007	0	0	0	0
7	3	4	2008	0	0	0	0
108	53	37	2040	0	0	0	0
40	27	19	2011	0	0	0	0
11	0	4	2007	0	0	0	0
233	85	81	2048	0	0	0	0
139	51	57	2030	0	0	0	0
193	88	89	2036	0	0	0	0
108	30	51	2039	0	0	0	0
2	0	0	2008	0	0	0	0
7	2	1	2010	0	0	0	0
102	65	56	2021	0	0	0	0
5	1	2	2006	0	0	0	0
228	105	92	2045	0	0	0	0
16	2	7	2016	0	0	0	0
3	0	1	2008	0	0	0	0
337	148	142	2063	0	0	0	0
53	24	18	2019	0	0	0	0
239	106	94	2030	0	0	0	0
46	19	5	2014	0	0	0	0
42	10	12	2015	0	0	0	0
83	38	28	2029	0	0	0	0
8	1	4	2007	0	0	0	0
28	6	9	2008	0	0	0	0
205	77	68	2039	0	0	0	0
19	3	4	2010	0	0	0	0
117	52	40	2036	0	0	0	0
3	1	3	2009	0	0	0	0
5	3	3	2007	0	0	0	0
65	36	34	2021	0	0	0	0
46	7	18	2020	0	0	0	0
121	55	30	2029	0	0	0	0
13	5	2	2015	0	0	0	0
14	6	5	2009	0	0	0	0
257	148	103	2041	0	0	0	0
26	8	13	2024	0	0	0	0
165	87	60	2027	0	0	0	0
378	153	150	2066	0	0	0	0
102	49	56	2024	0	0	0	0
24	33	15	2006	0	0	0	0
132	58	56	2033	0	0	0	0
9	2	0	2007	0	0	0	0
5	0	1	2009	0	0	0	0
59	30	10	2016	0	0	0	0
90	35	32	2025	0	0	0	0
16	7	5	2012	0	0	0	0
64	31	28	2018	0	0	0	0
22	34	8	2013	0	0	0	0
125	43	39	2027	0	0	0	0
33	15	15	2017	0	0	0	0
174	74	80	2036	0	0	0	0
41	17	17	2015	0	0	0	0
237	95	89	2042	0	0	0	0
15	5	5	2008	0	0	0	0
214	96	86	2026	0	0	0	0
90	37	36	2018	0	0	0	0
0	0	1	2006	0	0	0	0
284	107	103	2066	0	0	0	0
12	3	7	2010	0	0	0	0
130	63	61	2027	0	0	0	0
47	10	21	2019	0	0	0	0
110	41	40	2039	0	0	0	0
112	57	39	2032	0	0	0	0
128	71	51	2036	0	0	0	0
487	203	205	2091	0	0	0	0
63	12	13	2021	0	0	0	0
5	0	0	2006	0	0	0	0
100	79	49	2028	0	0	0	0
118	68	44	2027	0	0	0	0
241	118	98	2045	0	0	0	0
39	18	11	2016	0	0	0	0
81	53	40	2015	0	0	0	0
101	50	36	2025	0	0	0	0
214	76	80	2048	0	0	0	0
357	170	129	2079	0	0	0	0
23	16	14	2021	0	0	0	0
3	1	0	2010	0	0	0	0
35	25	12	2016	0	0	0	0
108	47	36	2022	0	0	0	0
116	73	40	2028	0	0	0	0
4	0	2	2008	0	0	0	0
3	1	1	2006	0	0	0	0
58	27	19	2028	0	0	0	0
145	78	61	2025	0	0	0	0
81	40	29	2011	0	0	0	0
115	65	50	2020	0	0	0	0
196	62	65	2064	0	0	0	0
71	34	29	2026	0	0	0	0
8	1	0	2007	0	0	0	0
109	52	64	2034	0	0	0	0
45	34	13	2018	0	0	0	0
41	12	15	2018	0	0	0	0
117	63	45	2017	0	0	0	0
197	91	64	2047	0	0	0	0
63	25	42	2020	0	0	0	0
439	184	170	2082	0	0	0	0
3	4	1	2009	0	0	0	0
69	38	26	2020	0	0	0	0
67	21	28	2013	0	0	0	0
132	78	58	2023	0	0	0	0
325	129	100	2052	0	0	0	0
144	78	70	2025	0	0	0	0
51	23	27	2014	0	0	0	0
30	9	11	2011	0	0	0	0
183	80	80	2041	0	0	0	0
26	15	10	2013	0	0	0	0
9	3	2	2009	0	0	0	0
266	126	131	2049	0	0	0	0
74	49	35	2013	0	0	0	0
54	16	18	2018	0	0	0	0
10	6	4	2012	0	0	0	0
39	10	22	2015	0	0	0	0
12	10	5	2013	0	0	0	0
121	82	47	2038	0	0	0	0
115	48	41	2040	0	0	0	0
185	72	65	2052	0	0	0	0
17	7	1	2011	0	0	0	0
446	208	176	2090	0	0	0	0
260	134	87	2059	0	0	0	0
17	15	7	2014	0	0	0	0
138	55	52	2030	0	0	0	0
140	56	54	2022	0	0	0	0
88	36	36	2017	0	0	0	0
58	33	28	2019	0	0	0	0
21	8	9	2011	0	0	0	0
110	57	44	2027	0	0	0	0
20	6	7	2018	0	0	0	0
241	118	86	2047	0	0	0	0
21	15	12	2013	0	0	0	0
18	2	6	2008	0	0	0	0
197	80	70	2040	0	0	0	0
209	83	84	2041	0	0	0	0
21	16	13	2014	0	0	0	0
119	58	40	2024	0	0	0	0
144	71	75	2026	0	0	0	0
172	56	65	2020	0	0	0	0
65	21	26	2020	0	0	0	0
24	10	9	2011	0	0	0	0
283	109	107	2057	0	0	0	0
52	27	25	2009	0	0	0	0
91	45	49	2022	0	0	0	0
136	77	37	2038	0	0	0	0
29	15	20	2014	0	0	0	0
26	3	2	2013	0	0	0	0
33	19	7	2017	0	0	0	0
228	115	113	2053	0	0	0	0
183	69	69	2045	0	0	0	0
18	10	8	2012	0	0	0	0
7	2	0	2006	0	0	0	0
51	32	9	2014	0	0	0	0
142	58	89	2047	0	0	0	0
154	48	45	2046	0	0	0	0
230	75	81	2036	0	0	0	0
201	96	88	2046	0	0	0	0
153	64	60	2035	0	0	0	0
297	159	116	2071	0	0	0	0
284	147	105	2064	0	0	0	0
246	130	87	2058	0	0	0	0
26	14	10	2010	0	0	0	0
133	54	57	2038	0	0	0	0
160	64	48	2043	0	0	0	0
76	31	32	2020	0	0	0	0
134	51	41	2020	0	0	0	0
5	1	1	2008	0	0	0	0
38	15	13	2020	0	0	0	0
5	0	1	2008	0	0	0	0
15	3	3	2011	0	0	0	0
96	31	38	2012	0	0	0	0
5	1	2	2009	0	0	0	0
195	121	92	2049	0	0	0	0
20	12	8	2016	0	0	0	0
0	0	1	2006	0	0	0	0
9	4	4	2006	0	0	0	0
13	3	8	2011	0	0	0	0
331	111	148	2060	0	0	0	0
6	1	1	2007	0	0	0	0
28	15	11	2009	0	0	0	0
8	4	5	2016	0	0	0	0
8	2	4	2009	0	0	0	0
78	20	17	2011	0	0	0	0
246	138	128	2036	0	0	0	0
14	9	10	2007	0	0	0	0
7	3	3	2010	0	0	0	0
27	21	11	2013	0	0	0	0
58	24	22	2014	0	0	0	0
151	62	60	2027	0	0	0	0
10	0	2	2009	0	0	0	0
94	40	40	2021	0	0	0	0
90	30	40	2026	0	0	0	0
160	62	57	2044	0	0	0	0
340	132	117	2060	0	0	0	0
35	7	11	2015	0	0	0	0
172	57	63	2029	0	0	0	0
18	1	5	2013	0	0	0	0
304	101	113	2052	0	0	0	0
319	128	95	2063	0	0	0	0
52	37	21	2020	0	0	0	0
52	48	19	2020	0	0	0	0
175	87	67	2037	0	0	0	0
59	30	28	2023	0	0	0	0
282	131	113	2061	0	0	0	0
442	188	173	2084	0	0	0	0
41	26	10	2013	0	0	0	0
14	8	8	2010	0	0	0	0
14	2	1	2012	0	0	0	0
67	21	27	2029	0	0	0	0
1	2	0	2009	0	0	0	0
319	142	127	2043	0	0	0	0
176	78	72	2030	0	0	0	0
33	16	19	2015	0	0	0	0
162	76	79	2049	0	0	0	0
283	123	117	2071	0	0	0	0
90	52	32	2026	0	0	0	0
40	38	13	2025	0	0	0	0
160	75	89	2041	0	0	0	0
30	13	18	2008	0	0	0	0
47	20	23	2018	0	0	0	0
87	69	32	2031	0	0	0	0
174	72	56	2058	0	0	0	0
63	41	33	2025	0	0	0	0
156	80	74	2037	0	0	0	0
199	74	69	2043	0	0	0	0
3	0	2	2007	0	0	0	0
322	127	123	2072	0	0	0	0
140	58	58	2043	0	0	0	0
188	80	72	2055	0	0	0	0
32	4	11	2010	0	0	0	0
191	94	72	2040	0	0	0	0
368	143	145	2068	0	0	0	0
97	53	41	2030	0	0	0	0
71	38	21	2022	0	0	0	0
98	28	34	2016	0	0	0	0
5	3	2	2007	0	0	0	0
105	43	26	2027	0	0	0	0
217	103	77	2053	0	0	0	0
130	49	43	2026	0	0	0	0
39	18	16	2018	0	0	0	0
59	28	29	2015	0	0	0	0
1	0	0	2006	0	0	0	0
2	1	2	2007	0	0	0	0
0	0	0	2006	0	0	0	0
5	1	2	2007	0	0	0	0
5	0	3	2009	0	0	0	0
157	56	76	2030	0	0	0	0
313	136	100	2038	0	0	0	0
3	5	2	2006	0	0	0	0
277	133	112	2071	0	0	0	0
71	38	31	2018	0	0	0	0
56	31	18	2022	0	0	0	0
20	3	7	2017	0	0	0	0
116	66	49	2037	0	0	0	0
94	46	41	2028	0	0	0	0
11	1	0	2013	0	0	0	0
32	28	15	2010	0	0	0	0
175	81	59	2026	0	0	0	0
184	84	82	2049	0	0	0	0
5	3	5	2006	0	0	0	0
203	105	99	2044	0	0	0	0
20	11	10	2012	0	0	0	0
82	30	33	2016	0	0	0	0
77	45	30	2027	0	0	0	0
292	99	95	2052	0	0	0	0
24	10	9	2013	0	0	0	0
130	54	55	2045	0	0	0	0
14	3	5	2010	0	0	0	0
240	122	124	2047	0	0	0	0
270	138	147	2049	0	0	0	0
6	3	2	2007	0	0	0	0
139	52	58	2041	0	0	0	0
23	7	19	2012	0	0	0	0
40	19	24	2016	0	0	0	0
132	69	49	2029	0	0	0	0
67	31	33	2017	0	0	0	0
127	63	57	2024	0	0	0	0
9	8	4	2016	0	0	0	0
244	107	100	2050	0	0	0	0
19	8	4	2013	0	0	0	0
31	22	11	2013	0	0	0	0
225	112	89	2056	0	0	0	0
14	5	4	2010	0	0	0	0
274	135	112	2069	0	0	0	0
22	11	13	2010	0	0	0	0
6	1	0	2006	0	0	0	0
125	62	69	2042	0	0	0	0
99	30	37	2023	0	0	0	0
17	6	5	2010	0	0	0	0
12	8	5	2011	0	0	0	0
150	80	42	2047	0	0	0	0
17	6	3	2008	0	0	0	0
8	8	8	2017	0	0	0	0
24	11	5	2019	0	0	0	0
57	30	17	2043	0	0	0	0
23	14	11	2015	0	0	0	0
97	27	54	2032	0	0	0	0
102	46	42	2036	0	0	0	0
0	0	0	2007	0	0	0	0
73	25	25	2023	0	0	0	0
2	0	0	2009	0	0	0	0
414	207	158	2062	0	0	0	0
115	43	43	2039	0	0	0	0
11	7	6	2010	0	0	0	0
125	56	53	2019	0	0	0	0
42	24	15	2015	0	0	0	0
14	1	4	2014	0	0	0	0
8	1	4	2010	0	0	0	0
215	97	90	2028	0	0	0	0
67	22	16	2025	0	0	0	0
4	1	0	2006	0	0	0	0
20	15	5	2010	0	0	0	0
57	37	22	2017	0	0	0	0
48	21	17	2021	0	0	0	0
52	10	30	2017	0	0	0	0
185	78	87	2036	0	0	0	0
45	19	14	2013	0	0	0	0
10	3	5	2015	0	0	0	0
13	3	11	2007	0	0	0	0
278	115	109	2052	0	0	0	0
87	51	31	2033	0	0	0	0
38	13	19	2021	0	0	0	0
89	54	51	2021	0	0	0	0
15	11	9	2009	0	0	0	0
78	38	34	2030	0	0	0	0
224	81	90	2055	0	0	0	0
21	12	13	2012	0	0	0	0
293	98	111	2051	0	0	0	0
29	11	15	2008	0	0	0	0
5	0	2	2006	0	0	0	0
5	0	0	2007	0	0	0	0
129	40	45	2041	0	0	0	0
81	39	26	2019	0	0	0	0
96	45	50	2021	0	0	0	0
41	8	13	2008	0	0	0	0
145	56	67	2045	0	0	0	0
381	177	128	2096	0	0	0	0
82	25	40	2021	0	0	0	0
4	2	0	2008	0	0	0	0
139	66	54	2038	0	0	0	0
165	96	74	2047	0	0	0	0
219	97	86	2048	0	0	0	0
380	165	130	2070	0	0	0	0
22	10	11	2009	0	0	0	0
142	70	45	2036	0	0	0	0
19	0	7	2008	0	0	0	0
55	30	24	2024	0	0	0	0
307	128	143	2066	0	0	0	0
169	76	66	2035	0	0	0	0
104	62	51	2022	0	0	0	0
99	63	50	2033	0	0	0	0
174	96	61	2032	0	0	0	0
244	118	110	2053	0	0	0	0
34	15	12	2012	0	0	0	0
33	22	5	2024	0	0	0	0
64	38	27	2016	0	0	0	0
35	14	12	2014	0	0	0	0
11	11	7	2011	0	0	0	0
12	0	3	2011	0	0	0	0
