68	43	29	3024	0	0	0	0
14	7	13	3013	0	0	0	0
116	52	41	3032	0	0	0	0
59	29	20	3025	0	0	0	0
18	8	10	3016	0	0	0	0
78	39	31	3025	0	0	0	0
10	1	8	3010	0	0	0	0
191	101	65	3046	0	0	0	0
9	10	4	3014	0	0	0	0
266	94	75	3066	0	0	0	0
141	60	57	3053	0	0	0	0
137	63	67	3040	0	0	0	0
59	23	28	3031	0	0	0	0
164	82	65	3045	0	0	0	0
166	86	62	3046	0	0	0	0
79	23	32	3016	0	0	0	0
4	1	1	3010	0	0	0	0
276	131	102	3039	0	0	0	0
75	48	45	3034	0	0	0	0
46	22	21	3019	0	0	0	0
40	27	18	3015	0	0	0	0
154	57	57	3049	0	0	0	0
250	124	99	3073	0	0	0	0
327	111	118	3077	0	0	0	0
240	121	98	3054	0	0	0	0
11	5	4	3013	0	0	0	0
4	0	0	3009	0	0	0	0
100	39	29	3031	0	0	0	0
291	115	102	3075	0	0	0	0
108	67	46	3032	0	0	0	0
24	4	5	3019	0	0	0	0
121	55	48	3035	0	0	0	0
335	158	161	3060	0	0	0	0
9	1	4	3014	0	0	0	0
297	138	142	3039	0	0	0	0
328	162	127	3079	0	0	0	0
92	35	39	3048	0	0	0	0
285	133	99	3070	0	0	0	0
65	28	14	3026	0	0	0	0
150	45	55	3034	0	0	0	0
33	6	10	3021	0	0	0	0
98	51	41	3043	0	0	0	0
281	120	88	3056	0	0	0	0
135	60	52	3031	0	0	0	0
30	10	22	3015	0	0	0	0
271	124	117	3072	0	0	0	0
446	197	181	3097	0	0	0	0
5	0	2	3010	0	0	0	0
84	77	42	3031	0	0	0	0
15	3	8	3009	0	0	0	0
129	73	42	3053	0	0	0	0
187	74	64	3039	0	0	0	0
13	13	7	3016	0	0	0	0
129	63	48	3033	0	0	0	0
83	18	22	3030	0	0	0	0
239	97	85	3087	0	0	0	0
178	75	64	3066	0	0	0	0
123	41	43	3031	0	0	0	0
97	43	40	3025	0	0	0	0
300	153	104	3068	0	0	0	0
24	10	13	3016	0	0	0	0
179	79	61	3039	0	0	0	0
213	64	84	3044	0	0	0	0
272	125	85	3069	0	0	0	0
176	80	82	3049	0	0	0	0
192	74	68	3040	0	0	0	0
3	3	2	3011	0	0	0	0
203	96	67	3049	0	0	0	0
48	33	21	3034	0	0	0	0
67	32	31	3020	0	0	0	0
100	63	27	3025	0	0	0	0
270	123	69	3068	0	0	0	0
1	0	1	3010	0	0	0	0
78	30	26	3032	0	0	0	0
8	10	3	3015	0	0	0	0
86	34	31	3013	0	0	0	0
26	2	5	3018	0	0	0	0
407	170	140	3080	0	0	0	0
367	159	131	3069	0	0	0	0
10	6	7	3017	0	0	0	0
278	127	112	3063	0	0	0	0
2	3	1	3010	0	0	0	0
4	1	3	3010	0	0	0	0
195	85	65	3052	0	0	0	0
212	62	86	3034	0	0	0	0
65	28	21	3021	0	0	0	0
37	8	15	3022	0	0	0	0
33	21	11	3019	0	0	0	0
388	192	128	3068	0	0	0	0
277	140	110	3086	0	0	0	0
188	112	68	3061	0	0	0	0
73	44	29	3025	0	0	0	0
51	24	10	3028	0	0	0	0
20	0	11	3018	0	0	0	0
17	7	9	3017	0	0	0	0
21	9	10	3013	0	0	0	0
31	9	13	3017	0	0	0	0
16	4	4	3015	0	0	0	0
323	138	139	3074	0	0	0	0
4	4	2	3009	0	0	0	0
195	96	87	3047	0	0	0	0
22	12	18	3014	0	0	0	0
104	41	42	3034	0	0	0	0
66	19	22	3032	0	0	0	0
139	69	64	3034	0	0	0	0
159	77	50	3055	0	0	0	0
119	53	43	3029	0	0	0	0
16	6	4	3010	0	0	0	0
11	2	5	3013	0	0	0	0
274	123	96	3066	0	0	0	0
105	37	42	3041	0	0	0	0
25	6	16	3019	0	0	0	0
153	52	64	3038	0	0	0	0
318	159	127	3074	0	0	0	0
86	38	26	3027	0	0	0	0
155	75	68	3046	0	0	0	0
14	6	4	3015	0	0	0	0
52	15	22	3021	0	0	0	0
81	44	49	3025	0	0	0	0
58	31	29	3019	0	0	0	0
277	102	89	3054	0	0	0	0
211	111	77	3051	0	0	0	0
30	14	11	3027	0	0	0	0
92	50	32	3035	0	0	0	0
110	41	41	3025	0	0	0	0
267	108	104	3054	0	0	0	0
40	17	17	3022	0	0	0	0
440	168	191	3092	0	0	0	0
194	114	106	3052	0	0	0	0
172	77	60	3038	0	0	0	0
12	2	5	3011	0	0	0	0
140	73	68	3054	0	0	0	0
312	167	122	3084	0	0	0	0
68	26	22	3024	0	0	0	0
70	36	28	3034	0	0	0	0
86	31	47	3027	0	0	0	0
305	144	108	3072	0	0	0	0
76	21	30	3030	0	0	0	0
86	32	39	3024	0	0	0	0
142	47	43	3041	0	0	0	0
180	63	78	3048	0	0	0	0
66	22	31	3021	0	0	0	0
116	46	74	3044	0	0	0	0
190	91	89	3042	0	0	0	0
145	80	64	3037	0	0	0	0
205	111	83	3063	0	0	0	0
286	131	89	3070	0	0	0	0
191	64	78	3038	0	0	0	0
22	7	5	3010	0	0	0	0
154	61	60	3038	0	0	0	0
249	117	84	3064	0	0	0	0
14	5	5	3009	0	0	0	0
256	112	87	3049	0	0	0	0
94	30	27	3015	0	0	0	0
182	73	64	3055	0	0	0	0
302	149	120	3068	0	0	0	0
268	136	91	3062	0	0	0	0
133	63	56	3036	0	0	0	0
88	19	28	3034	0	0	0	0
23	6	5	3017	0	0	0	0
35	9	16	3020	0	0	0	0
46	17	19	3017	0	0	0	0
194	84	67	3046	0	0	0	0
326	92	114	3073	0	0	0	0
136	82	64	3037	0	0	0	0
285	130	114	3068	0	0	0	0
9	1	2	3009	0	0	0	0
386	165	143	3062	0	0	0	0
5	2	2	3015	0	0	0	0
81	50	26	3030	0	0	0	0
68	12	16	3025	0	0	0	0
74	27	34	3025	0	0	0	0
228	77	76	3060	0	0	0	0
241	130	100	3052	0	0	0	0
7	3	3	3014	0	0	0	0
212	119	91	3040	0	0	0	0
52	15	20	3017	0	0	0	0
75	35	36	3020	0	0	0	0
137	65	56	3033	0	0	0	0
23	13	9	3018	0	0	0	0
61	21	14	3017	0	0	0	0
139	70	61	3033	0	0	0	0
86	42	44	3028	0	0	0	0
217	65	83	3054	0	0	0	0
44	12	12	3019	0	0	0	0
45	14	17	3015	0	0	0	0
152	53	59	3037	0	0	0	0
199	97	90	3046	0	0	0	0
120	59	61	3033	0	0	0	0
50	18	14	3017	0	0	0	0
131	59	61	3033	0	0	0	0
7	0	2	3010	0	0	0	0
380	165	146	3079	0	0	0	0
52	15	20	3035	0	0	0	0
85	41	42	3038	0	0	0	0
73	25	25	3019	0	0	0	0
16	4	4	3014	0	0	0	0
127	70	56	3061	0	0	0	0
93	41	40	3026	0	0	0	0
14	4	2	3010	0	0	0	0
144	67	58	3031	0	0	0	0
190	85	68	3045	0	0	0	0
27	5	11	3013	0	0	0	0
191	76	66	3043	0	0	0	0
60	22	25	3024	0	0	0	0
18	0	4	3017	0	0	0	0
56	17	12	3028	0	0	0	0
64	34	23	3019	0	0	0	0
15	1	8	3012	0	0	0	0
271	125	106	3064	0	0	0	0
276	95	95	3062	0	0	0	0
185	72	70	3046	0	0	0	0
16	7	8	3012	0	0	0	0
450	187	164	3114	0	0	0	0
20	12	5	3015	0	0	0	0
6	4	1	3010	0	0	0	0
148	65	40	3051	0	0	0	0
175	77	75	3036	0	0	0	0
265	135	93	3052	0	0	0	0
92	32	33	3021	0	0	0	0
69	25	28	3027	0	0	0	0
26	8	10	3014	0	0	0	0
45	22	24	3024	0	0	0	0
23	12	8	3014	0	0	0	0
30	9	18	3012	0	0	0	0
88	37	37	3024	0	0	0	0
79	39	20	3031	0	0	0	0
61	11	26	3021	0	0	0	0
226	89	92	3068	0	0	0	0
225	112	55	3036	0	0	0	0
120	64	34	3040	0	0	0	0
536	197	176	3105	0	0	0	0
298	135	124	3067	0	0	0	0
72	40	16	3024	0	0	0	0
131	51	47	3044	0	0	0	0
175	60	65	3048	0	0	0	0
339	157	130	3084	0	0	0	0
145	66	56	3052	0	0	0	0
49	28	26	3026	0	0	0	0
72	30	28	3019	0	0	0	0
274	117	109	3076	0	0	0	0
160	60	67	3050	0	0	0	0
264	126	120	3049	0	0	0	0
5	0	0	3012	0	0	0	0
153	53	61	3046	0	0	0	0
48	16	16	3022	0	0	0	0
71	33	15	3023	0	0	0	0
208	97	61	3038	0	0	0	0
472	199	153	3086	0	0	0	0
206	123	97	3039	0	0	0	0
8	3	9	3014	0	0	0	0
256	149	100	3063	0	0	0	0
3	1	3	3012	0	0	0	0
160	81	100	3056	0	0	0	0
89	40	49	3038	0	0	0	0
217	97	112	3047	0	0	0	0
142	50	57	3028	0	0	0	0
109	43	51	3027	0	0	0	0
94	36	43	3029	0	0	0	0
261	115	104	3077	0	0	0	0
23	9	2	3016	0	0	0	0
70	50	28	3025	0	0	0	0
25	12	15	3014	0	0	0	0
33	13	23	3013	0	0	0	0
19	7	4	3014	0	0	0	0
340	148	144	3072	0	0	0	0
45	9	15	3020	0	0	0	0
199	108	63	3078	0	0	0	0
69	42	38	3030	0	0	0	0
147	65	54	3037	0	0	0	0
114	74	50	3040	0	0	0	0
187	91	73	3059	0	0	0	0
92	49	30	3036	0	0	0	0
262	115	107	3067	0	0	0	0
8	9	7	3012	0	0	0	0
28	17	15	3015	0	0	0	0
208	94	92	3052	0	0	0	0
115	61	47	3040	0	0	0	0
157	72	69	3040	0	0	0	0
206	105	64	3070	0	0	0	0
17	5	1	3015	0	0	0	0
85	31	40	3027	0	0	0	0
194	104	85	3047	0	0	0	0
264	118	94	3059	0	0	0	0
12	2	4	3009	0	0	0	0
198	78	76	3058	0	0	0	0
17	5	5	3014	0	0	0	0
7	1	2	3009	0	0	0	0
34	11	14	3016	0	0	0	0
61	36	28	3021	0	0	0	0
24	6	16	3018	0	0	0	0
182	99	89	3054	0	0	0	0
16	9	9	3022	0	0	0	0
213	95	84	3047	0	0	0	0
71	23	28	3024	0	0	0	0
123	68	47	3038	0	0	0	0
23	9	7	3014	0	0	0	0
46	28	14	3026	0	0	0	0
108	49	35	3030	0	0	0	0
316	116	110	3052	0	0	0	0
192	101	100	3044	0	0	0	0
253	115	98	3058	0	0	0	0
8	2	8	3015	0	0	0	0
220	93	88	3056	0	0	0	0
127	82	45	3051	0	0	0	0
392	184	155	3074	0	0	0	0
7	6	3	3015	0	0	0	0
61	21	27	3022	0	0	0	0
100	49	49	3033	0	0	0	0
48	28	27	3022	0	0	0	0
12	5	11	3016	0	0	0	0
92	40	36	3031	0	0	0	0
74	31	23	3038	0	0	0	0
87	29	33	3036	0	0	0	0
171	71	60	3052	0	0	0	0
114	69	55	3044	0	0	0	0
155	72	64	3048	0	0	0	0
1	0	0	3012	0	0	0	0
100	47	49	3031	0	0	0	0
95	33	38	3033	0	0	0	0
45	15	21	3028	0	0	0	0
219	119	95	3056	0	0	0	0
185	63	85	3060	0	0	0	0
236	103	77	3059	0	0	0	0
125	70	39	3036	0	0	0	0
270	142	112	3067	0	0	0	0
19	7	7	3012	0	0	0	0
138	46	53	3024	0	0	0	0
36	12	20	3028	0	0	0	0
222	88	68	3044	0	0	0	0
177	83	67	3036	0	0	0	0
13	9	3	3016	0	0	0	0
146	54	64	3037	0	0	0	0
106	62	46	3030	0	0	0	0
147	65	53	3034	0	0	0	0
213	97	74	3048	0	0	0	0
171	65	56	3039	0	0	0	0
335	154	123	3063	0	0	0	0
320	158	133	3071	0	0	0	0
78	25	20	3037	0	0	0	0
112	62	40	3034	0	0	0	0
60	29	22	3023	0	0	0	0
205	93	88	3062	0	0	0	0
222	95	101	3051	0	0	0	0
74	43	26	3022	0	0	0	0
365	149	139	3090	0	0	0	0
33	13	13	3019	0	0	0	0
213	99	102	3066	0	0	0	0
102	55	41	3032	0	0	0	0
87	30	35	3026	0	0	0	0
202	122	68	3041	0	0	0	0
2	2	3	3011	0	0	0	0
17	4	8	3015	0	0	0	0
40	23	17	3019	0	0	0	0
126	71	50	3051	0	0	0	0
25	5	7	3016	0	0	0	0
102	50	38	3031	0	0	0	0
373	156	148	3106	0	0	0	0
162	75	72	3036	0	0	0	0
426	178	151	3094	0	0	0	0
233	104	79	3049	0	0	0	0
318	145	132	3062	0	0	0	0
274	118	110	3078	0	0	0	0
22	6	5	3012	0	0	0	0
2	0	0	3009	0	0	0	0
154	74	78	3033	0	0	0	0
72	37	40	3024	0	0	0	0
166	56	64	3046	0	0	0	0
125	72	40	3039	0	0	0	0
254	100	81	3050	0	0	0	0
136	102	54	3032	0	0	0	0
230	88	79	3053	0	0	0	0
317	129	137	3063	0	0	0	0
6	0	1	3014	0	0	0	0
39	14	16	3019	0	0	0	0
53	32	27	3021	0	0	0	0
13	2	6	3013	0	0	0	0
264	116	97	3061	0	0	0	0
60	26	23	3038	0	0	0	0
447	225	154	3084	0	0	0	0
81	52	36	3040	0	0	0	0
23	10	10	3021	0	0	0	0
111	50	47	3047	0	0	0	0
332	146	133	3090	0	0	0	0
63	17	20	3020	0	0	0	0
50	25	21	3019	0	0	0	0
85	37	32	3030	0	0	0	0
154	75	82	3046	0	0	0	0
107	38	53	3025	0	0	0	0
18	13	7	3013	0	0	0	0
111	57	43	3035	0	0	0	0
37	21	14	3023	0	0	0	0
63	10	33	3024	0	0	0	0
7	2	2	3018	0	0	0	0
38	6	11	3015	0	0	0	0
107	49	37	3023	0	0	0	0
237	135	107	3039	0	0	0	0
241	98	92	3059	0	0	0	0
10	2	1	3009	0	0	0	0
261	154	117	3052	0	0	0	0
208	88	88	3061	0	0	0	0
496	230	210	3091	0	0	0	0
11	7	5	3010	0	0	0	0
15	10	8	3020	0	0	0	0
192	83	64	3035	0	0	0	0
175	57	62	3048	0	0	0	0
36	12	16	3020	0	0	0	0
17	1	6	3018	0	0	0	0
190	89	91	3039	0	0	0	0
209	107	91	3044	0	0	0	0
279	87	110	3060	0	0	0	0
235	96	96	3051	0	0	0	0
25	5	13	3012	0	0	0	0
308	127	109	3062	0	0	0	0
11	2	4	3009	0	0	0	0
47	16	11	3015	0	0	0	0
134	57	52	3030	0	0	0	0
42	32	15	3020	0	0	0	0
27	8	8	3014	0	0	0	0
17	8	5	3016	0	0	0	0
3	1	5	3010	0	0	0	0
88	37	41	3029	0	0	0	0
41	21	25	3029	0	0	0	0
256	118	97	3058	0	0	0	0
70	20	23	3023	0	0	0	0
6	1	3	3011	0	0	0	0
202	87	88	3052	0	0	0	0
503	240	177	3106	0	0	0	0
193	82	77	3057	0	0	0	0
312	151	114	3057	0	0	0	0
2	3	2	3009	0	0	0	0
80	20	31	3025	0	0	0	0
52	20	22	3022	0	0	0	0
292	126	140	3072	0	0	0	0
134	92	59	3045	0	0	0	0
17	10	17	3017	0	0	0	0
178	71	68	3056	0	0	0	0
76	45	23	3025	0	0	0	0
180	80	70	3045	0	0	0	0
130	47	73	3033	0	0	0	0
110	52	48	3027	0	0	0	0
2	1	0	3009	0	0	0	0
7	2	0	3013	0	0	0	0
15	5	4	3017	0	0	0	0
107	26	39	3025	0	0	0	0
95	31	32	3038	0	0	0	0
69	33	21	3021	0	0	0	0
480	196	192	3106	0	0	0	0
27	7	6	3015	0	0	0	0
342	133	137	3084	0	0	0	0
188	83	94	3032	0	0	0	0
8	3	0	3017	0	0	0	0
262	99	84	3080	0	0	0	0
28	11	17	3014	0	0	0	0
54	36	28	3017	0	0	0	0
147	43	62	3044	0	0	0	0
315	160	135	3078	0	0	0	0
42	13	16	3019	0	0	0	0
140	63	68	3039	0	0	0	0
113	48	35	3023	0	0	0	0
48	24	21	3028	0	0	0	0
72	47	21	3035	0	0	0	0
149	46	66	3044	0	0	0	0
344	134	136	3074	0	0	0	0
38	17	8	3013	0	0	0	0
164	76	56	3055	0	0	0	0
247	134	87	3068	0	0	0	0
373	166	148	3076	0	0	0	0
225	106	78	3053	0	0	0	0
29	9	7	3021	0	0	0	0
15	3	13	3010	0	0	0	0
46	30	20	3022	0	0	0	0
221	81	94	3063	0	0	0	0
71	22	38	3020	0	0	0	0
468	164	140	3084	0	0	0	0
19	3	4	3015	0	0	0	0
263	125	115	3071	0	0	0	0
231	105	95	3041	0	0	0	0
302	139	106	3092	0	0	0	0
21	6	7	3015	0	0	0	0
383	173	165	3063	0	0	0	0
189	103	85	3053	0	0	0	0
57	26	18	3017	0	0	0	0
41	21	20	3019	0	0	0	0
259	137	132	3059	0	0	0	0
79	39	27	3023	0	0	0	0
27	6	8	3014	0	0	0	0
155	69	63	3033	0	0	0	0
50	13	27	3024	0	0	0	0
431	222	141	3089	0	0	0	0
14	7	8	3018	0	0	0	0
127	63	46	3031	0	0	0	0
31	13	6	3015	0	0	0	0
100	44	29	3025	0	0	0	0
18	6	7	3019	0	0	0	0
216	85	69	3054	0	0	0	0
15	5	4	3013	0	0	0	0
3	0	5	3009	0	0	0	0
211	92	88	3052	0	0	0	0
70	44	32	3032	0	0	0	0
204	97	85	3064	0	0	0	0
110	42	39	3033	0	0	0	0
103	39	38	3031	0	0	0	0
89	51	48	3032	0	0	0	0
129	59	63	3036	0	0	0	0
170	72	81	3051	0	0	0	0
61	18	19	3029	0	0	0	0
176	86	87	3037	0	0	0	0
304	153	94	3077	0	0	0	0
72	31	19	3032	0	0	0	0
48	9	13	3018	0	0	0	0
243	87	94	3055	0	0	0	0
20	4	5	3019	0	0	0	0
15	15	5	3016	0	0	0	0
23	11	12	3010	0	0	0	0
106	36	37	3039	0	0	0	0
166	100	82	3058	0	0	0	0
43	33	13	3034	0	0	0	0
90	32	34	3034	0	0	0	0
83	34	47	3027	0	0	0	0
235	115	85	3069	0	0	0	0
147	69	67	3038	0	0	0	0
33	18	18	3026	0	0	0	0
45	21	26	3021	0	0	0	0
53	16	19	3013	0	0	0	0
37	5	18	3023	0	0	0	0
252	119	98	3039	0	0	0	0
147	75	61	3031	0	0	0	0
64	21	38	3032	0	0	0	0
43	27	14	3031	0	0	0	0
23	9	14	3014	0	0	0	0
113	56	55	3027	0	0	0	0
26	8	16	3013	0	0	0	0
17	10	6	3021	0	0	0	0
82	38	30	3028	0	0	0	0
56	15	20	3019	0	0	0	0
49	13	15	3024	0	0	0	0
148	50	56	3050	0	0	0	0
82	32	30	3042	0	0	0	0
288	145	123	3056	0	0	0	0
9	3	4	3009	0	0	0	0
41	11	16	3022	0	0	0	0
129	77	76	3039	0	0	0	0
58	37	22	3028	0	0	0	0
82	45	44	3033	0	0	0	0
3	1	3	3010	0	0	0	0
149	82	55	3039	0	0	0	0
163	86	72	3024	0	0	0	0
48	17	18	3016	0	0	0	0
330	136	120	3072	0	0	0	0
217	94	83	3043	0	0	0	0
161	66	57	3045	0	0	0	0
34	10	11	3014	0	0	0	0
198	105	56	3061	0	0	0	0
45	12	11	3025	0	0	0	0
27	8	5	3022	0	0	0	0
32	4	9	3020	0	0	0	0
130	49	61	3059	0	0	0	0
60	33	30	3032	0	0	0	0
260	148	116	3066	0	0	0	0
41	22	12	3020	0	0	0	0
88	37	30	3040	0	0	0	0
167	70	53	3048	0	0	0	0
366	166	127	3112	0	0	0	0
47	10	23	3024	0	0	0	0
13	3	2	3010	0	0	0	0
103	26	36	3029	0	0	0	0
369	148	127	3098	0	0	0	0
37	6	10	3024	0	0	0	0
31	14	15	3012	0	0	0	0
336	161	133	3083	0	0	0	0
38	16	8	3012	0	0	0	0
121	55	52	3034	0	0	0	0
10	6	3	3010	0	0	0	0
26	5	11	3015	0	0	0	0
61	13	22	3021	0	0	0	0
194	78	73	3043	0	0	0	0
116	41	51	3023	0	0	0	0
31	10	10	3016	0	0	0	0
184	91	72	3043	0	0	0	0
133	68	48	3027	0	0	0	0
22	14	16	3021	0	0	0	0
36	14	17	3023	0	0	0	0
150	63	39	3036	0	0	0	0
105	45	24	3026	0	0	0	0
84	29	39	3023	0	0	0	0
15	1	14	3009	0	0	0	0
67	34	25	3024	0	0	0	0
308	131	133	3081	0	0	0	0
217	88	80	3046	0	0	0	0
9	4	9	3015	0	0	0	0
314	136	110	3051	0	0	0	0
227	108	69	3064	0	0	0	0
42	24	7	3014	0	0	0	0
81	36	30	3026	0	0	0	0
249	119	109	3043	0	0	0	0
37	21	13	3018	0	0	0	0
225	86	80	3055	0	0	0	0
96	56	46	3030	0	0	0	0
187	92	80	3038	0	0	0	0
110	44	56	3036	0	0	0	0
178	88	68	3046	0	0	0	0
38	18	18	3018	0	0	0	0
74	36	30	3035	0	0	0	0
58	21	18	3021	0	0	0	0
215	78	73	3043	0	0	0	0
12	2	9	3010	0	0	0	0
92	43	33	3030	0	0	0	0
222	131	119	3041	0	0	0	0
135	67	48	3038	0	0	0	0
42	26	22	3016	0	0	0	0
60	27	35	3029	0	0	0	0
37	24	21	3023	0	0	0	0
24	6	13	3012	0	0	0	0
34	10	11	3015	0	0	0	0
13	2	3	3017	0	0	0	0
277	129	102	3058	0	0	0	0
323	113	91	3061	0	0	0	0
23	5	12	3013	0	0	0	0
253	126	86	3069	0	0	0	0
90	36	26	3033	0	0	0	0
205	118	79	3072	0	0	0	0
143	79	60	3034	0	0	0	0
119	51	44	3032	0	0	0	0
209	102	83	3032	0	0	0	0
90	50	49	3032	0	0	0	0
171	57	51	3051	0	0	0	0
149	77	60	3034	0	0	0	0
32	11	12	3016	0	0	0	0
75	23	24	3023	0	0	0	0
68	39	26	3023	0	0	0	0
421	173	167	3101	0	0	0	0
186	95	78	3057	0	0	0	0
108	51	40	3031	0	0	0	0
116	56	54	3035	0	0	0	0
245	82	89	3043	0	0	0	0
22	7	5	3013	0	0	0	0
309	124	143	3105	0	0	0	0
259	138	122	3057	0	0	0	0
222	108	79	3064	0	0	0	0
308	146	110	3055	0	0	0	0
106	47	40	3047	0	0	0	0
176	82	65	3055	0	0	0	0
142	66	67	3038	0	0	0	0
92	25	31	3039	0	0	0	0
12	3	3	3012	0	0	0	0
185	105	67	3043	0	0	0	0
255	114	99	3044	0	0	0	0
335	166	125	3087	0	0	0	0
40	18	16	3020	0	0	0	0
174	101	74	3053	0	0	0	0
294	106	101	3089	0	0	0	0
78	60	27	3032	0	0	0	0
25	14	4	3027	0	0	0	0
186	118	84	3040	0	0	0	0
171	79	71	3050	0	0	0	0
335	127	123	3052	0	0	0	0
67	37	29	3032	0	0	0	0
252	82	93	3044	0	0	0	0
343	111	113	3082	0	0	0	0
15	14	7	3010	0	0	0	0
309	150	117	3072	0	0	0	0
287	170	139	3061	0	0	0	0
239	91	99	3051	0	0	0	0
11	4	6	3010	0	0	0	0
251	132	133	3062	0	0	0	0
8	6	6	3015	0	0	0	0
180	76	55	3045	0	0	0	0
304	199	140	3054	0	0	0	0
30	4	12	3009	0	0	0	0
177	78	80	3051	0	0	0	0
15	7	5	3010	0	0	0	0
213	85	77	3063	0	0	0	0
71	22	18	3019	0	0	0	0
169	63	69	3045	0	0	0	0
167	82	75	3052	0	0	0	0
26	9	3	3014	0	0	0	0
330	130	129	3067	0	0	0	0
202	81	60	3043	0	0	0	0
49	21	20	3025	0	0	0	0
242	109	114	3065	0	0	0	0
175	122	91	3042	0	0	0	0
118	54	42	3024	0	0	0	0
392	165	161	3067	0	0	0	0
239	117	116	3060	0	0	0	0
116	52	48	3036	0	0	0	0
141	52	52	3038	0	0	0	0
140	53	60	3038	0	0	0	0
207	72	71	3048	0	0	0	0
121	69	60	3052	0	0	0	0
57	23	28	3024	0	0	0	0
38	16	17	3024	0	0	0	0
68	32	25	3028	0	0	0	0
95	45	35	3019	0	0	0	0
32	18	20	3013	0	0	0	0
178	89	71	3047	0	0	0	0
125	53	62	3033	0	0	0	0
31	12	22	3017	0	0	0	0
41	16	14	3015	0	0	0	0
336	124	111	3101	0	0	0	0
149	66	72	3053	0	0	0	0
340	160	145	3063	0	0	0	0
138	51	46	3041	0	0	0	0
5	3	2	3010	0	0	0	0
160	111	85	3052	0	0	0	0
50	15	19	3019	0	0	0	0
134	69	54	3033	0	0	0	0
57	26	21	3017	0	0	0	0
101	66	55	3036	0	0	0	0
114	41	41	3038	0	0	0	0
408	170	188	3104	0	0	0	0
198	100	82	3045	0	0	0	0
3	1	4	3010	0	0	0	0
5	2	7	3016	0	0	0	0
92	48	37	3027	0	0	0	0
7	2	3	3011	0	0	0	0
148	72	82	3033	0	0	0	0
401	131	137	3071	0	0	0	0
112	48	43	3038	0	0	0	0
140	60	59	3036	0	0	0	0
63	18	23	3025	0	0	0	0
20	3	7	3013	0	0	0	0
29	14	13	3014	0	0	0	0
5	1	4	3013	0	0	0	0
137	54	53	3033	0	0	0	0
201	88	85	3071	0	0	0	0
194	120	84	3067	0	0	0	0
208	90	84	3031	0	0	0	0
237	105	85	3069	0	0	0	0
188	105	72	3045	0	0	0	0
8	4	4	3010	0	0	0	0
83	24	51	3022	0	0	0	0
23	9	10	3014	0	0	0	0
41	12	11	3020	0	0	0	0
9	2	2	3016	0	0	0	0
154	25	62	3036	0	0	0	0
119	46	51	3030	0	0	0	0
115	57	48	3036	0	0	0	0
276	131	98	3052	0	0	0	0
15	8	3	3016	0	0	0	0
189	57	64	3038	0	0	0	0
202	94	73	3037	0	0	0	0
335	122	123	3061	0	0	0	0
201	128	98	3037	0	0	0	0
63	32	23	3027	0	0	0	0
97	27	36	3022	0	0	0	0
51	11	12	3028	0	0	0	0
7	1	3	3013	0	0	0	0
304	150	108	3088	0	0	0	0
142	63	59	3060	0	0	0	0
129	55	46	3038	0	0	0	0
21	11	7	3015	0	0	0	0
27	18	5	3022	0	0	0	0
88	36	36	3027	0	0	0	0
57	20	18	3023	0	0	0	0
299	108	121	3048	0	0	0	0
154	56	52	3049	0	0	0	0
273	120	106	3047	0	0	0	0
70	42	45	3031	0	0	0	0
143	77	62	3036	0	0	0	0
8	1	4	3012	0	0	0	0
323	157	137	3072	0	0	0	0
102	52	62	3030	0	0	0	0
35	19	16	3013	0	0	0	0
65	39	19	3027	0	0	0	0
104	33	36	3031	0	0	0	0
15	0	2	3014	0	0	0	0
183	86	69	3033	0	0	0	0
25	13	13	3017	0	0	0	0
184	47	56	3047	0	0	0	0
23	9	9	3013	0	0	0	0
194	93	80	3062	0	0	0	0
36	13	18	3014	0	0	0	0
84	37	38	3020	0	0	0	0
365	167	162	3095	0	0	0	0
12	4	4	3010	0	0	0	0
146	69	59	3037	0	0	0	0
269	111	116	3065	0	0	0	0
243	146	103	3066	0	0	0	0
116	88	45	3058	0	0	0	0
118	60	64	3041	0	0	0	0
118	63	39	3032	0	0	0	0
29	13	16	3016	0	0	0	0
161	75	59	3032	0	0	0	0
249	142	99	3051	0	0	0	0
4	1	2	3012	0	0	0	0
79	51	29	3022	0	0	0	0
171	75	61	3053	0	0	0	0
61	13	19	3024	0	0	0	0
34	12	8	3020	0	0	0	0
162	94	63	3043	0	0	0	0
38	19	13	3013	0	0	0	0
14	1	5	3017	0	0	0	0
144	63	50	3040	0	0	0	0
36	9	10	3016	0	0	0	0
318	146	135	3062	0	0	0	0
7	6	0	3012	0	0	0	0
266	108	116	3069	0	0	0	0
279	127	102	3078	0	0	0	0
299	109	105	3076	0	0	0	0
164	64	77	3035	0	0	0	0
171	79	76	3053	0	0	0	0
355	184	154	3062	0	0	0	0
209	93	95	3050	0	0	0	0
286	145	119	3075	0	0	0	0
159	73	60	3039	0	0	0	0
74	38	38	3021	0	0	0	0
25	11	8	3022	0	0	0	0
4	0	1	3010	0	0	0	0
40	21	14	3024	0	0	0	0
15	3	4	3015	0	0	0	0
428	204	151	3129	0	0	0	0
185	101	81	3059	0	0	0	0
44	14	20	3018	0	0	0	0
97	23	36	3020	0	0	0	0
305	148	117	3065	0	0	0	0
4	1	1	3011	0	0	0	0
6	5	3	3014	0	0	0	0
465	208	163	3123	0	0	0	0
124	63	46	3043	0	0	0	0
131	64	37	3035	0	0	0	0
14	9	5	3017	0	0	0	0
147	66	54	3032	0	0	0	0
43	25	15	3019	0	0	0	0
18	5	6	3012	0	0	0	0
267	134	102	3056	0	0	0	0
187	73	65	3045	0	0	0	0
6	2	4	3014	0	0	0	0
136	67	69	3038	0	0	0	0
302	131	97	3064	0	0	0	0
133	45	34	3044	0	0	0	0
108	47	64	3036	0	0	0	0
77	45	23	3024	0	0	0	0
33	15	10	3017	0	0	0	0
7	1	3	3012	0	0	0	0
269	104	87	3085	0	0	0	0
61	21	26	3019	0	0	0	0
120	45	38	3035	0	0	0	0
144	74	57	3042	0	0	0	0
11	3	1	3013	0	0	0	0
100	73	40	3036	0	0	0	0
50	14	11	3014	0	0	0	0
43	25	18	3019	0	0	0	0
358	180	122	3115	0	0	0	0
93	42	39	3045	0	0	0	0
271	117	114	3064	0	0	0	0
168	53	64	3027	0	0	0	0
39	10	5	3022	0	0	0	0
328	144	108	3072	0	0	0	0
23	7	17	3016	0	0	0	0
180	83	72	3043	0	0	0	0
89	30	39	3028	0	0	0	0
174	93	66	3040	0	0	0	0
61	24	20	3027	0	0	0	0
25	21	5	3021	0	0	0	0
28	9	9	3015	0	0	0	0
13	6	2	3013	0	0	0	0
36	14	19	3019	0	0	0	0
225	83	92	3042	0	0	0	0
69	23	36	3014	0	0	0	0
161	70	48	3040	0	0	0	0
27	26	14	3024	0	0	0	0
151	69	63	3042	0	0	0	0
194	88	101	3068	0	0	0	0
87	55	40	3026	0	0	0	0
213	131	101	3043	0	0	0	0
117	43	41	3020	0	0	0	0
155	76	55	3040	0	0	0	0
207	102	68	3050	0	0	0	0
82	55	53	3040	0	0	0	0
139	78	70	3028	0	0	0	0
287	120	119	3059	0	0	0	0
124	53	43	3059	0	0	0	0
7	1	4	3012	0	0	0	0
257	114	115	3073	0	0	0	0
227	100	80	3059	0	0	0	0
83	19	20	3023	0	0	0	0
75	38	27	3031	0	0	0	0
5	1	4	3010	0	0	0	0
22	5	6	3012	0	0	0	0
93	38	33	3023	0	0	0	0
353	150	123	3085	0	0	0	0
66	28	17	3025	0	0	0	0
215	114	87	3065	0	0	0	0
32	5	14	3016	0	0	0	0
156	63	57	3052	0	0	0	0
117	36	49	3035	0	0	0	0
206	93	87	3035	0	0	0	0
236	111	88	3049	0	0	0	0
222	87	89	3043	0	0	0	0
41	8	12	3014	0	0	0	0
100	46	28	3029	0	0	0	0
79	38	38	3032	0	0	0	0
143	75	64	3035	0	0	0	0
146	50	50	3030	0	0	0	0
253	126	96	3057	0	0	0	0
82	48	40	3032	0	0	0	0
3	0	2	3011	0	0	0	0
167	75	65	3050	0	0	0	0
196	85	80	3052	0	0	0	0
19	7	7	3012	0	0	0	0
7	1	4	3011	0	0	0	0
116	42	47	3029	0	0	0	0
28	5	14	3011	0	0	0	0
34	27	13	3016	0	0	0	0
67	35	49	3024	0	0	0	0
31	17	8	3019	0	0	0	0
55	19	32	3022	0	0	0	0
238	92	93	3035	0	0	0	0
150	50	57	3035	0	0	0	0
146	59	65	3048	0	0	0	0
33	5	7	3016	0	0	0	0
214	119	101	3050	0	0	0	0
63	24	26	3017	0	0	0	0
245	109	106	3045	0	0	0	0
122	43	44	3044	0	0	0	0
151	39	57	3035	0	0	0	0
34	9	24	3018	0	0	0	0
160	84	56	3047	0	0	0	0
173	81	60	3035	0	0	0	0
59	25	39	3027	0	0	0	0
156	72	56	3037	0	0	0	0
311	131	121	3065	0	0	0	0
69	24	15	3024	0	0	0	0
99	45	40	3030	0	0	0	0
41	25	10	3017	0	0	0	0
128	73	65	3028	0	0	0	0
52	22	18	3015	0	0	0	0
181	114	81	3046	0	0	0	0
246	97	78	3066	0	0	0	0
245	112	97	3076	0	0	0	0
79	36	42	3026	0	0	0	0
280	148	122	3056	0	0	0	0
92	61	50	3020	0	0	0	0
35	11	9	3018	0	0	0	0
274	125	99	3073	0	0	0	0
72	39	40	3021	0	0	0	0
128	49	53	3035	0	0	0	0
35	9	6	3015	0	0	0	0
101	59	33	3041	0	0	0	0
90	34	48	3034	0	0	0	0
213	107	87	3068	0	0	0	0
17	1	6	3010	0	0	0	0
110	50	63	3052	0	0	0	0
84	40	37	3040	0	0	0	0
7	4	2	3013	0	0	0	0
244	136	97	3076	0	0	0	0
86	36	40	3014	0	0	0	0
304	152	97	3076	0	0	0	0
89	29	32	3045	0	0	0	0
22	6	5	3014	0	0	0	0
12	9	8	3015	0	0	0	0
90	42	36	3032	0	0	0	0
199	70	80	3049	0	0	0	0
176	96	76	3037	0	0	0	0
178	77	62	3050	0	0	0	0
224	94	88	3060	0	0	0	0
185	78	75	3046	0	0	0	0
32	12	12	3024	0	0	0	0
264	111	88	3056	0	0	0	0
166	103	72	3066	0	0	0	0
332	127	136	3070	0	0	0	0
192	96	88	3041	0	0	0	0
290	129	154	3072	0	0	0	0
92	58	40	3028	0	0	0	0
46	24	25	3022	0	0	0	0
173	94	67	3036	0	0	0	0
191	89	70	3065	0	0	0	0
335	149	113	3080	0	0	0	0
194	89	70	3050	0	0	0	0
158	74	75	3038	0	0	0	0
6	2	0	3014	0	0	0	0
142	64	67	3032	0	0	0	0
31	7	14	3016	0	0	0	0
65	26	31	3017	0	0	0	0
47	14	15	3023	0	0	0	0
14	6	7	3016	0	0	0	0
190	104	72	3047	0	0	0	0
265	92	99	3060	0	0	0	0
82	34	24	3027	0	0	0	0
20	8	7	3016	0	0	0	0
69	45	37	3030	0	0	0	0
67	46	25	3023	0	0	0	0
277	169	111	3083	0	0	0	0
173	115	76	3056	0	0	0	0
18	10	13	3019	0	0	0	0
225	80	93	3046	0	0	0	0
313	137	134	3071	0	0	0	0
100	37	28	3033	0	0	0	0
101	47	43	3038	0	0	0	0
21	5	6	3017	0	0	0	0
44	12	14	3023	0	0	0	0
357	224	154	3066	0	0	0	0
165	70	82	3034	0	0	0	0
19	4	4	3009	0	0	0	0
48	10	20	3018	0	0	0	0
93	51	37	3044	0	0	0	0
122	31	30	3028	0	0	0	0
253	97	92	3044	0	0	0	0
46	21	15	3017	0	0	0	0
