14	3	2	1006	0	0	0	0
243	129	92	1061	0	0	0	0
0	0	1	1004	0	0	0	0
592	268	227	1128	0	0	0	0
2	4	4	1004	0	0	0	0
16	11	5	1007	0	0	0	0
336	170	131	1045	0	0	0	0
213	104	91	1051	0	0	0	0
40	25	20	1011	0	0	0	0
530	239	223	1069	0	0	0	0
11	5	6	1005	0	0	0	0
16	13	15	1008	0	0	0	0
1	1	3	1005	0	0	0	0
83	27	49	1021	0	0	0	0
260	100	99	1049	0	0	0	0
11	1	5	1006	0	0	0	0
25	14	11	1011	0	0	0	0
10	5	5	1012	0	0	0	0
9	0	2	1005	0	0	0	0
273	125	115	1064	0	0	0	0
1	0	0	1007	0	0	0	0
22	15	15	1007	0	0	0	0
327	193	136	1064	0	0	0	0
12	3	1	1007	0	0	0	0
6	1	3	1006	0	0	0	0
123	56	43	1025	0	0	0	0
1	0	0	1004	0	0	0	0
171	64	65	1024	0	0	0	0
137	64	60	1032	0	0	0	0
251	123	80	1063	0	0	0	0
74	32	30	1010	0	0	0	0
14	10	14	1008	0	0	0	0
238	140	103	1034	0	0	0	0
182	91	75	1021	0	0	0	0
187	78	65	1030	0	0	0	0
333	186	125	1056	0	0	0	0
2	0	1	1004	0	0	0	0
1	2	1	1004	0	0	0	0
66	25	29	1018	0	0	0	0
139	66	68	1023	0	0	0	0
108	52	41	1021	0	0	0	0
24	13	9	1012	0	0	0	0
17	5	4	1010	0	0	0	0
52	22	20	1018	0	0	0	0
1	2	3	1014	0	0	0	0
180	88	64	1030	0	0	0	0
275	151	115	1051	0	0	0	0
47	29	23	1010	0	0	0	0
38	23	12	1021	0	0	0	0
20	6	6	1011	0	0	0	0
288	106	115	1043	0	0	0	0
1	0	0	1004	0	0	0	0
301	134	113	1066	0	0	0	0
32	6	10	1010	0	0	0	0
32	7	15	1006	0	0	0	0
203	86	67	1050	0	0	0	0
446	220	199	1087	0	0	0	0
34	13	13	1011	0	0	0	0
50	50	26	1020	0	0	0	0
358	177	150	1079	0	0	0	0
110	48	35	1016	0	0	0	0
1	0	2	1004	0	0	0	0
208	103	97	1028	0	0	0	0
6	8	0	1008	0	0	0	0
341	200	137	1087	0	0	0	0
207	95	85	1035	0	0	0	0
294	139	125	1047	0	0	0	0
309	141	137	1066	0	0	0	0
0	0	0	1004	0	0	0	0
4	2	2	1005	0	0	0	0
23	13	9	1011	0	0	0	0
41	16	10	1018	0	0	0	0
162	79	68	1051	0	0	0	0
267	161	99	1030	0	0	0	0
176	100	86	1034	0	0	0	0
2	0	0	1004	0	0	0	0
62	33	20	1024	0	0	0	0
483	209	178	1091	0	0	0	0
17	6	7	1004	0	0	0	0
91	38	32	1014	0	0	0	0
22	12	6	1011	0	0	0	0
111	58	46	1025	0	0	0	0
17	5	5	1008	0	0	0	0
427	241	193	1075	0	0	0	0
178	85	69	1035	0	0	0	0
186	62	59	1036	0	0	0	0
16	4	5	1007	0	0	0	0
14	6	3	1011	0	0	0	0
533	229	180	1108	0	0	0	0
250	148	80	1053	0	0	0	0
4	1	6	1007	0	0	0	0
79	47	37	1013	0	0	0	0
499	224	211	1079	0	0	0	0
462	186	184	1106	0	0	0	0
408	198	135	1094	0	0	0	0
13	3	2	1006	0	0	0	0
342	165	126	1079	0	0	0	0
0	0	0	1004	0	0	0	0
23	10	9	1010	0	0	0	0
7	0	5	1006	0	0	0	0
6	3	1	1005	0	0	0	0
2	0	0	1005	0	0	0	0
67	22	17	1013	0	0	0	0
66	31	21	1015	0	0	0	0
10	3	7	1008	0	0	0	0
473	175	187	1083	0	0	0	0
2	3	2	1005	0	0	0	0
33	13	10	1014	0	0	0	0
119	76	39	1024	0	0	0	0
1	0	0	1004	0	0	0	0
366	162	148	1051	0	0	0	0
346	155	133	1035	0	0	0	0
177	90	75	1024	0	0	0	0
84	45	34	1029	0	0	0	0
264	130	96	1054	0	0	0	0
74	24	16	1021	0	0	0	0
321	162	126	1074	0	0	0	0
3	2	1	1006	0	0	0	0
6	4	2	1006	0	0	0	0
0	0	0	1005	0	0	0	0
56	30	27	1010	0	0	0	0
344	159	145	1068	0	0	0	0
5	1	0	1004	0	0	0	0
3	1	0	1006	0	0	0	0
115	51	53	1043	0	0	0	0
333	191	137	1055	0	0	0	0
46	28	23	1019	0	0	0	0
10	2	2	1005	0	0	0	0
6	0	0	1006	0	0	0	0
232	110	100	1041	0	0	0	0
12	2	4	1009	0	0	0	0
790	343	292	1142	0	0	0	0
0	0	1	1004	0	0	0	0
236	106	108	1032	0	0	0	0
337	186	161	1082	0	0	0	0
661	301	242	1091	0	0	0	0
1	0	0	1004	0	0	0	0
23	9	7	1008	0	0	0	0
164	53	63	1020	0	0	0	0
322	158	124	1072	0	0	0	0
412	225	179	1049	0	0	0	0
310	157	103	1054	0	0	0	0
486	238	220	1095	0	0	0	0
6	0	7	1008	0	0	0	0
91	44	37	1024	0	0	0	0
368	175	164	1074	0	0	0	0
65	29	34	1021	0	0	0	0
150	83	66	1026	0	0	0	0
48	32	35	1017	0	0	0	0
34	23	10	1016	0	0	0	0
290	110	100	1054	0	0	0	0
20	8	8	1010	0	0	0	0
0	0	1	1004	0	0	0	0
7	2	1	1009	0	0	0	0
683	313	277	1135	0	0	0	0
21	2	9	1007	0	0	0	0
324	154	135	1057	0	0	0	0
25	17	8	1017	0	0	0	0
305	139	129	1059	0	0	0	0
9	1	3	1007	0	0	0	0
436	172	190	1063	0	0	0	0
9	2	4	1004	0	0	0	0
1	0	0	1006	0	0	0	0
3	1	1	1004	0	0	0	0
6	2	2	1009	0	0	0	0
64	40	27	1026	0	0	0	0
215	104	109	1050	0	0	0	0
2	0	0	1004	0	0	0	0
453	217	183	1100	0	0	0	0
335	153	162	1065	0	0	0	0
8	4	0	1010	0	0	0	0
1	4	3	1007	0	0	0	0
115	50	36	1025	0	0	0	0
338	161	171	1083	0	0	0	0
360	202	163	1074	0	0	0	0
10	6	3	1006	0	0	0	0
35	17	12	1014	0	0	0	0
135	67	64	1043	0	0	0	0
183	71	73	1031	0	0	0	0
295	139	131	1070	0	0	0	0
1	0	1	1009	0	0	0	0
160	63	51	1043	0	0	0	0
34	13	21	1017	0	0	0	0
141	71	61	1019	0	0	0	0
394	186	140	1081	0	0	0	0
165	85	65	1022	0	0	0	0
271	148	124	1071	0	0	0	0
9	7	4	1009	0	0	0	0
1	2	0	1005	0	0	0	0
8	2	3	1004	0	0	0	0
82	27	26	1025	0	0	0	0
351	145	156	1062	0	0	0	0
590	277	246	1111	0	0	0	0
273	128	126	1044	0	0	0	0
133	83	52	1022	0	0	0	0
3	0	0	1004	0	0	0	0
7	1	1	1006	0	0	0	0
87	30	34	1026	0	0	0	0
270	110	93	1048	0	0	0	0
4	0	0	1005	0	0	0	0
135	46	62	1024	0	0	0	0
359	198	158	1058	0	0	0	0
375	171	169	1079	0	0	0	0
6	1	5	1004	0	0	0	0
10	2	0	1007	0	0	0	0
38	16	15	1009	0	0	0	0
393	175	195	1085	0	0	0	0
247	96	103	1040	0	0	0	0
10	1	5	1005	0	0	0	0
401	200	177	1081	0	0	0	0
69	36	35	1019	0	0	0	0
36	12	11	1015	0	0	0	0
42	16	16	1015	0	0	0	0
69	41	34	1010	0	0	0	0
2	1	1	1005	0	0	0	0
577	319	247	1115	0	0	0	0
298	148	117	1060	0	0	0	0
236	109	115	1038	0	0	0	0
25	6	10	1012	0	0	0	0
343	147	118	1043	0	0	0	0
2	0	0	1004	0	0	0	0
9	9	1	1006	0	0	0	0
514	258	197	1077	0	0	0	0
47	35	25	1024	0	0	0	0
278	130	140	1047	0	0	0	0
2	0	1	1004	0	0	0	0
5	2	1	1008	0	0	0	0
1	0	0	1004	0	0	0	0
654	304	292	1113	0	0	0	0
233	95	89	1062	0	0	0	0
389	176	136	1064	0	0	0	0
188	69	83	1039	0	0	0	0
24	10	7	1008	0	0	0	0
262	121	95	1072	0	0	0	0
56	18	16	1013	0	0	0	0
10	4	4	1004	0	0	0	0
27	17	14	1010	0	0	0	0
11	5	3	1007	0	0	0	0
284	120	93	1054	0	0	0	0
42	12	18	1010	0	0	0	0
380	180	163	1083	0	0	0	0
0	0	0	1004	0	0	0	0
275	116	121	1049	0	0	0	0
483	166	203	1080	0	0	0	0
70	22	34	1012	0	0	0	0
69	32	34	1020	0	0	0	0
34	22	20	1007	0	0	0	0
13	4	8	1008	0	0	0	0
217	103	93	1036	0	0	0	0
388	190	131	1070	0	0	0	0
3	1	1	1004	0	0	0	0
398	190	154	1060	0	0	0	0
14	3	10	1010	0	0	0	0
282	119	103	1046	0	0	0	0
92	63	52	1018	0	0	0	0
18	6	16	1010	0	0	0	0
82	23	30	1016	0	0	0	0
1	0	0	1004	0	0	0	0
0	0	1	1004	0	0	0	0
126	48	54	1022	0	0	0	0
1	0	2	1006	0	0	0	0
18	5	7	1010	0	0	0	0
7	4	6	1006	0	0	0	0
37	19	24	1009	0	0	0	0
18	11	8	1008	0	0	0	0
2	1	2	1007	0	0	0	0
365	185	134	1076	0	0	0	0
2	3	3	1004	0	0	0	0
29	3	9	1011	0	0	0	0
34	17	4	1014	0	0	0	0
214	106	98	1041	0	0	0	0
546	259	218	1079	0	0	0	0
467	174	202	1086	0	0	0	0
1	0	0	1004	0	0	0	0
248	121	108	1044	0	0	0	0
695	282	240	1136	0	0	0	0
349	200	138	1058	0	0	0	0
379	182	139	1067	0	0	0	0
0	0	3	1006	0	0	0	0
8	0	2	1005	0	0	0	0
4	0	2	1005	0	0	0	0
52	20	7	1024	0	0	0	0
198	97	75	1025	0	0	0	0
365	152	167	1066	0	0	0	0
375	161	173	1064	0	0	0	0
2	0	1	1004	0	0	0	0
33	7	13	1016	0	0	0	0
13	16	8	1011	0	0	0	0
2	3	2	1008	0	0	0	0
3	0	1	1006	0	0	0	0
150	63	50	1027	0	0	0	0
38	13	5	1015	0	0	0	0
451	151	176	1071	0	0	0	0
260	146	124	1048	0	0	0	0
2	2	0	1007	0	0	0	0
193	106	84	1046	0	0	0	0
248	104	119	1037	0	0	0	0
410	194	185	1080	0	0	0	0
40	20	23	1009	0	0	0	0
424	199	186	1080	0	0	0	0
27	3	8	1008	0	0	0	0
4	0	4	1004	0	0	0	0
43	22	20	1014	0	0	0	0
21	3	7	1006	0	0	0	0
402	162	184	1069	0	0	0	0
325	133	131	1059	0	0	0	0
201	107	88	1042	0	0	0	0
8	0	3	1005	0	0	0	0
0	0	0	1005	0	0	0	0
186	123	85	1047	0	0	0	0
143	100	59	1035	0	0	0	0
12	1	8	1005	0	0	0	0
68	28	29	1022	0	0	0	0
1	0	1	1004	0	0	0	0
228	92	109	1045	0	0	0	0
0	0	0	1004	0	0	0	0
115	42	49	1016	0	0	0	0
158	78	66	1024	0	0	0	0
5	2	3	1006	0	0	0	0
460	192	197	1088	0	0	0	0
2	1	0	1007	0	0	0	0
461	242	186	1084	0	0	0	0
393	174	140	1057	0	0	0	0
0	0	0	1005	0	0	0	0
145	54	46	1027	0	0	0	0
7	1	2	1007	0	0	0	0
39	17	7	1009	0	0	0	0
348	148	141	1061	0	0	0	0
19	2	9	1004	0	0	0	0
36	10	12	1010	0	0	0	0
206	88	92	1031	0	0	0	0
329	150	115	1049	0	0	0	0
71	37	31	1027	0	0	0	0
0	1	0	1006	0	0	0	0
284	153	138	1066	0	0	0	0
315	125	118	1070	0	0	0	0
531	242	218	1102	0	0	0	0
12	5	5	1011	0	0	0	0
25	11	7	1012	0	0	0	0
317	175	144	1060	0	0	0	0
140	61	68	1026	0	0	0	0
322	151	124	1045	0	0	0	0
159	81	85	1040	0	0	0	0
31	4	10	1011	0	0	0	0
474	209	201	1087	0	0	0	0
195	142	93	1053	0	0	0	0
2	2	2	1005	0	0	0	0
2	2	2	1005	0	0	0	0
435	172	173	1063	0	0	0	0
9	3	3	1007	0	0	0	0
29	11	10	1008	0	0	0	0
4	0	1	1006	0	0	0	0
4	0	0	1004	0	0	0	0
5	0	1	1005	0	0	0	0
120	37	39	1021	0	0	0	0
391	182	155	1049	0	0	0	0
296	145	122	1070	0	0	0	0
16	7	1	1009	0	0	0	0
342	165	119	1065	0	0	0	0
1	0	2	1004	0	0	0	0
117	62	40	1026	0	0	0	0
18	4	7	1004	0	0	0	0
240	114	117	1050	0	0	0	0
243	122	104	1048	0	0	0	0
180	93	80	1044	0	0	0	0
172	101	96	1035	0	0	0	0
4	0	0	1006	0	0	0	0
14	5	10	1007	0	0	0	0
289	130	121	1045	0	0	0	0
281	145	113	1067	0	0	0	0
4	0	0	1004	0	0	0	0
280	139	127	1043	0	0	0	0
7	0	1	1006	0	0	0	0
4	2	1	1005	0	0	0	0
339	125	122	1042	0	0	0	0
466	213	219	1091	0	0	0	0
317	136	149	1057	0	0	0	0
252	97	103	1027	0	0	0	0
329	137	136	1054	0	0	0	0
4	1	0	1006	0	0	0	0
148	87	65	1046	0	0	0	0
352	144	149	1080	0	0	0	0
13	5	4	1005	0	0	0	0
2	0	0	1004	0	0	0	0
22	9	7	1009	0	0	0	0
661	266	255	1130	0	0	0	0
3	1	0	1006	0	0	0	0
624	305	242	1147	0	0	0	0
407	175	177	1061	0	0	0	0
6	1	2	1007	0	0	0	0
633	258	205	1102	0	0	0	0
32	10	12	1009	0	0	0	0
33	12	14	1016	0	0	0	0
3	1	0	1007	0	0	0	0
4	3	1	1009	0	0	0	0
198	103	103	1049	0	0	0	0
8	3	3	1007	0	0	0	0
100	73	41	1027	0	0	0	0
12	5	4	1011	0	0	0	0
303	143	107	1051	0	0	0	0
53	40	27	1014	0	0	0	0
69	86	29	1022	0	0	0	0
55	17	19	1018	0	0	0	0
55	19	14	1020	0	0	0	0
38	11	8	1015	0	0	0	0
54	27	25	1015	0	0	0	0
3	4	1	1006	0	0	0	0
9	1	2	1004	0	0	0	0
128	61	41	1032	0	0	0	0
88	56	37	1023	0	0	0	0
316	141	116	1054	0	0	0	0
13	1	3	1008	0	0	0	0
326	165	138	1077	0	0	0	0
329	189	133	1075	0	0	0	0
14	7	4	1008	0	0	0	0
2	0	2	1005	0	0	0	0
14	8	2	1005	0	0	0	0
271	95	98	1056	0	0	0	0
102	60	30	1021	0	0	0	0
370	190	151	1069	0	0	0	0
3	1	4	1005	0	0	0	0
299	159	120	1033	0	0	0	0
349	134	135	1062	0	0	0	0
1	0	0	1004	0	0	0	0
71	43	33	1017	0	0	0	0
5	3	3	1004	0	0	0	0
402	171	148	1099	0	0	0	0
148	67	52	1041	0	0	0	0
304	82	133	1058	0	0	0	0
32	17	5	1014	0	0	0	0
459	195	160	1101	0	0	0	0
1	0	2	1004	0	0	0	0
200	132	87	1023	0	0	0	0
207	104	109	1018	0	0	0	0
335	130	157	1056	0	0	0	0
14	6	4	1006	0	0	0	0
25	9	12	1010	0	0	0	0
15	0	11	1009	0	0	0	0
58	31	40	1009	0	0	0	0
243	113	112	1046	0	0	0	0
93	40	28	1015	0	0	0	0
5	2	2	1007	0	0	0	0
6	2	1	1005	0	0	0	0
2	0	0	1004	0	0	0	0
293	173	140	1052	0	0	0	0
13	4	4	1010	0	0	0	0
481	239	205	1091	0	0	0	0
302	179	162	1081	0	0	0	0
329	145	130	1061	0	0	0	0
132	81	56	1024	0	0	0	0
4	2	0	1005	0	0	0	0
9	5	5	1005	0	0	0	0
21	16	8	1012	0	0	0	0
0	0	0	1004	0	0	0	0
1	0	3	1005	0	0	0	0
3	0	1	1006	0	0	0	0
2	0	0	1005	0	0	0	0
22	12	10	1010	0	0	0	0
4	1	1	1008	0	0	0	0
548	200	238	1092	0	0	0	0
26	10	11	1007	0	0	0	0
416	200	123	1062	0	0	0	0
4	1	1	1007	0	0	0	0
18	9	7	1007	0	0	0	0
7	1	2	1004	0	0	0	0
22	11	10	1009	0	0	0	0
53	23	22	1023	0	0	0	0
73	31	39	1016	0	0	0	0
5	1	3	1004	0	0	0	0
347	164	151	1062	0	0	0	0
451	173	179	1089	0	0	0	0
40	24	10	1009	0	0	0	0
13	15	6	1005	0	0	0	0
54	18	18	1011	0	0	0	0
26	12	13	1011	0	0	0	0
456	216	194	1053	0	0	0	0
164	83	63	1036	0	0	0	0
4	1	0	1004	0	0	0	0
539	268	193	1107	0	0	0	0
2	0	4	1004	0	0	0	0
353	162	164	1087	0	0	0	0
121	78	54	1024	0	0	0	0
3	2	7	1005	0	0	0	0
22	19	7	1005	0	0	0	0
124	64	51	1018	0	0	0	0
23	13	10	1017	0	0	0	0
18	8	7	1013	0	0	0	0
428	177	180	1077	0	0	0	0
67	22	32	1018	0	0	0	0
0	0	0	1004	0	0	0	0
375	174	139	1068	0	0	0	0
60	34	17	1020	0	0	0	0
7	6	7	1006	0	0	0	0
10	5	5	1008	0	0	0	0
7	4	2	1008	0	0	0	0
65	33	32	1017	0	0	0	0
340	144	119	1070	0	0	0	0
4	1	1	1004	0	0	0	0
8	4	1	1006	0	0	0	0
2	1	2	1004	0	0	0	0
7	1	1	1005	0	0	0	0
3	0	1	1004	0	0	0	0
3	0	2	1004	0	0	0	0
37	22	14	1011	0	0	0	0
5	1	0	1005	0	0	0	0
2	1	3	1006	0	0	0	0
27	3	8	1015	0	0	0	0
125	92	64	1027	0	0	0	0
161	72	65	1039	0	0	0	0
3	0	1	1004	0	0	0	0
4	0	1	1005	0	0	0	0
2	3	0	1009	0	0	0	0
1	0	1	1004	0	0	0	0
178	68	70	1035	0	0	0	0
1	0	0	1004	0	0	0	0
3	0	0	1005	0	0	0	0
260	130	97	1031	0	0	0	0
2	0	0	1004	0	0	0	0
4	0	4	1006	0	0	0	0
82	53	52	1030	0	0	0	0
3	5	2	1005	0	0	0	0
301	161	145	1065	0	0	0	0
10	1	4	1008	0	0	0	0
269	142	126	1038	0	0	0	0
9	2	1	1006	0	0	0	0
57	45	32	1010	0	0	0	0
27	7	4	1007	0	0	0	0
171	55	78	1031	0	0	0	0
10	1	5	1006	0	0	0	0
157	61	60	1029	0	0	0	0
17	12	7	1005	0	0	0	0
7	4	4	1005	0	0	0	0
2	1	3	1005	0	0	0	0
80	20	39	1024	0	0	0	0
8	4	2	1005	0	0	0	0
358	151	145	1071	0	0	0	0
150	61	60	1030	0	0	0	0
394	204	142	1083	0	0	0	0
286	134	105	1060	0	0	0	0
127	55	66	1032	0	0	0	0
52	33	22	1007	0	0	0	0
61	16	14	1018	0	0	0	0
229	88	71	1026	0	0	0	0
574	278	179	1124	0	0	0	0
153	53	61	1029	0	0	0	0
97	51	37	1014	0	0	0	0
7	2	2	1008	0	0	0	0
1	2	0	1004	0	0	0	0
714	323	289	1144	0	0	0	0
154	78	57	1049	0	0	0	0
418	216	164	1049	0	0	0	0
5	2	0	1006	0	0	0	0
7	4	2	1007	0	0	0	0
31	19	10	1010	0	0	0	0
3	0	0	1009	0	0	0	0
38	31	20	1014	0	0	0	0
350	180	135	1082	0	0	0	0
114	47	34	1032	0	0	0	0
0	0	0	1004	0	0	0	0
383	197	162	1075	0	0	0	0
14	11	6	1007	0	0	0	0
163	91	57	1038	0	0	0	0
302	140	133	1063	0	0	0	0
286	129	130	1054	0	0	0	0
405	187	163	1067	0	0	0	0
59	27	16	1013	0	0	0	0
24	16	15	1012	0	0	0	0
13	5	1	1009	0	0	0	0
31	8	7	1006	0	0	0	0
1	0	0	1005	0	0	0	0
6	4	3	1006	0	0	0	0
16	4	11	1010	0	0	0	0
38	27	16	1011	0	0	0	0
542	189	208	1072	0	0	0	0
17	4	8	1011	0	0	0	0
337	189	147	1061	0	0	0	0
36	11	12	1017	0	0	0	0
2	0	1	1004	0	0	0	0
29	9	20	1011	0	0	0	0
2	0	0	1005	0	0	0	0
206	73	81	1030	0	0	0	0
66	20	21	1022	0	0	0	0
0	0	0	1004	0	0	0	0
279	106	103	1053	0	0	0	0
27	16	11	1009	0	0	0	0
8	5	4	1007	0	0	0	0
2	0	0	1005	0	0	0	0
488	219	177	1094	0	0	0	0
367	172	143	1082	0	0	0	0
182	86	76	1040	0	0	0	0
366	115	124	1067	0	0	0	0
4	4	3	1008	0	0	0	0
12	3	6	1010	0	0	0	0
6	0	4	1005	0	0	0	0
526	218	182	1085	0	0	0	0
16	4	9	1011	0	0	0	0
14	1	2	1006	0	0	0	0
10	2	1	1007	0	0	0	0
19	17	8	1009	0	0	0	0
320	101	137	1047	0	0	0	0
12	4	4	1004	0	0	0	0
127	76	63	1042	0	0	0	0
61	15	29	1019	0	0	0	0
487	211	217	1092	0	0	0	0
314	175	155	1054	0	0	0	0
4	0	0	1005	0	0	0	0
237	85	98	1073	0	0	0	0
513	193	183	1086	0	0	0	0
63	14	28	1011	0	0	0	0
54	19	28	1014	0	0	0	0
74	33	29	1025	0	0	0	0
17	12	11	1010	0	0	0	0
4	0	5	1005	0	0	0	0
1	1	1	1004	0	0	0	0
6	0	1	1007	0	0	0	0
215	126	108	1057	0	0	0	0
286	142	146	1033	0	0	0	0
3	6	3	1011	0	0	0	0
92	37	33	1017	0	0	0	0
6	3	8	1007	0	0	0	0
371	154	168	1079	0	0	0	0
28	10	8	1007	0	0	0	0
204	87	85	1047	0	0	0	0
12	3	7	1007	0	0	0	0
241	96	98	1042	0	0	0	0
523	262	253	1070	0	0	0	0
433	230	189	1063	0	0	0	0
1	1	0	1005	0	0	0	0
80	40	29	1011	0	0	0	0
126	24	48	1029	0	0	0	0
181	89	61	1043	0	0	0	0
363	209	173	1074	0	0	0	0
44	36	25	1015	0	0	0	0
7	2	3	1006	0	0	0	0
3	0	0	1006	0	0	0	0
8	2	2	1005	0	0	0	0
17	6	3	1005	0	0	0	0
457	200	196	1071	0	0	0	0
20	7	10	1010	0	0	0	0
70	22	36	1012	0	0	0	0
2	2	1	1004	0	0	0	0
194	92	57	1045	0	0	0	0
342	126	139	1059	0	0	0	0
2	1	0	1006	0	0	0	0
432	218	170	1070	0	0	0	0
333	141	143	1055	0	0	0	0
75	30	29	1016	0	0	0	0
194	87	76	1048	0	0	0	0
202	92	65	1023	0	0	0	0
3	4	2	1005	0	0	0	0
66	28	23	1021	0	0	0	0
281	130	105	1051	0	0	0	0
421	244	199	1094	0	0	0	0
202	90	75	1039	0	0	0	0
478	203	217	1087	0	0	0	0
1	0	0	1005	0	0	0	0
28	24	18	1016	0	0	0	0
54	29	23	1016	0	0	0	0
70	33	33	1015	0	0	0	0
149	90	68	1035	0	0	0	0
23	14	17	1011	0	0	0	0
1	1	1	1004	0	0	0	0
150	72	63	1025	0	0	0	0
320	170	108	1050	0	0	0	0
163	58	63	1023	0	0	0	0
45	16	9	1013	0	0	0	0
6	3	3	1004	0	0	0	0
333	122	115	1056	0	0	0	0
165	93	83	1022	0	0	0	0
340	197	136	1072	0	0	0	0
82	47	39	1014	0	0	0	0
205	106	74	1031	0	0	0	0
232	134	87	1040	0	0	0	0
86	35	42	1011	0	0	0	0
542	256	205	1078	0	0	0	0
6	0	0	1005	0	0	0	0
6	4	5	1007	0	0	0	0
9	2	4	1004	0	0	0	0
348	138	120	1073	0	0	0	0
79	49	32	1026	0	0	0	0
20	5	6	1013	0	0	0	0
715	283	279	1145	0	0	0	0
240	142	103	1065	0	0	0	0
284	119	88	1031	0	0	0	0
227	81	108	1042	0	0	0	0
199	107	92	1031	0	0	0	0
252	99	115	1035	0	0	0	0
1	3	3	1004	0	0	0	0
14	11	8	1008	0	0	0	0
1	2	4	1011	0	0	0	0
255	110	99	1059	0	0	0	0
152	83	78	1031	0	0	0	0
204	73	80	1036	0	0	0	0
154	87	46	1016	0	0	0	0
251	118	85	1056	0	0	0	0
16	10	9	1019	0	0	0	0
1	1	1	1005	0	0	0	0
550	236	229	1097	0	0	0	0
8	2	4	1008	0	0	0	0
6	0	2	1004	0	0	0	0
129	44	46	1019	0	0	0	0
53	29	19	1021	0	0	0	0
9	5	6	1009	0	0	0	0
1	0	1	1004	0	0	0	0
19	5	4	1007	0	0	0	0
2	0	0	1005	0	0	0	0
92	32	47	1029	0	0	0	0
298	144	110	1050	0	0	0	0
3	1	2	1008	0	0	0	0
74	31	29	1013	0	0	0	0
3	1	0	1004	0	0	0	0
253	141	132	1049	0	0	0	0
201	92	84	1035	0	0	0	0
14	3	8	1004	0	0	0	0
372	162	151	1079	0	0	0	0
3	2	0	1005	0	0	0	0
3	1	0	1005	0	0	0	0
108	60	53	1029	0	0	0	0
225	77	78	1041	0	0	0	0
20	11	14	1007	0	0	0	0
2	0	1	1005	0	0	0	0
191	74	67	1028	0	0	0	0
14	1	6	1007	0	0	0	0
7	3	1	1004	0	0	0	0
3	0	0	1006	0	0	0	0
3	0	0	1004	0	0	0	0
17	7	9	1009	0	0	0	0
2	0	4	1005	0	0	0	0
1	1	1	1004	0	0	0	0
2	0	0	1004	0	0	0	0
174	63	55	1026	0	0	0	0
195	95	93	1051	0	0	0	0
12	4	2	1007	0	0	0	0
526	236	235	1110	0	0	0	0
1	0	0	1005	0	0	0	0
228	121	102	1024	0	0	0	0
8	5	2	1006	0	0	0	0
3	1	3	1004	0	0	0	0
62	25	27	1022	0	0	0	0
348	145	133	1053	0	0	0	0
99	61	41	1022	0	0	0	0
23	3	3	1011	0	0	0	0
238	106	84	1038	0	0	0	0
1	0	0	1007	0	0	0	0
60	19	22	1007	0	0	0	0
0	0	2	1004	0	0	0	0
19	7	8	1005	0	0	0	0
492	239	206	1082	0	0	0	0
7	1	0	1004	0	0	0	0
102	46	39	1024	0	0	0	0
5	2	2	1005	0	0	0	0
76	37	32	1009	0	0	0	0
263	111	86	1075	0	0	0	0
2	1	1	1005	0	0	0	0
318	150	124	1037	0	0	0	0
0	0	1	1004	0	0	0	0
1	0	1	1004	0	0	0	0
0	0	0	1004	0	0	0	0
565	279	260	1097	0	0	0	0
268	155	101	1053	0	0	0	0
0	0	0	1004	0	0	0	0
8	8	8	1004	0	0	0	0
346	168	140	1060	0	0	0	0
5	3	1	1007	0	0	0	0
3	6	0	1005	0	0	0	0
119	40	54	1024	0	0	0	0
205	129	92	1047	0	0	0	0
132	71	49	1020	0	0	0	0
1	1	1	1007	0	0	0	0
557	244	245	1085	0	0	0	0
8	0	1	1007	0	0	0	0
275	125	111	1036	0	0	0	0
34	10	17	1007	0	0	0	0
37	18	12	1013	0	0	0	0
6	0	0	1005	0	0	0	0
41	17	14	1010	0	0	0	0
376	150	169	1061	0	0	0	0
48	25	14	1011	0	0	0	0
347	133	132	1059	0	0	0	0
4	0	0	1004	0	0	0	0
13	8	4	1008	0	0	0	0
18	7	10	1005	0	0	0	0
274	142	107	1045	0	0	0	0
208	91	80	1032	0	0	0	0
19	3	7	1012	0	0	0	0
506	254	206	1079	0	0	0	0
22	14	8	1021	0	0	0	0
342	164	138	1076	0	0	0	0
409	178	197	1088	0	0	0	0
4	2	2	1006	0	0	0	0
583	249	259	1112	0	0	0	0
506	229	210	1110	0	0	0	0
377	153	134	1076	0	0	0	0
9	3	8	1005	0	0	0	0
34	18	9	1011	0	0	0	0
63	30	19	1023	0	0	0	0
3	0	4	1005	0	0	0	0
2	1	0	1005	0	0	0	0
150	56	68	1038	0	0	0	0
152	71	57	1032	0	0	0	0
10	1	2	1005	0	0	0	0
8	3	4	1007	0	0	0	0
107	60	57	1021	0	0	0	0
214	78	78	1037	0	0	0	0
43	46	19	1020	0	0	0	0
13	3	4	1007	0	0	0	0
504	240	222	1067	0	0	0	0
161	81	73	1032	0	0	0	0
2	4	2	1011	0	0	0	0
12	10	7	1006	0	0	0	0
321	128	150	1042	0	0	0	0
30	16	15	1007	0	0	0	0
33	12	12	1014	0	0	0	0
25	4	6	1012	0	0	0	0
69	54	31	1017	0	0	0	0
486	220	230	1061	0	0	0	0
20	5	3	1008	0	0	0	0
7	3	6	1006	0	0	0	0
82	33	42	1020	0	0	0	0
507	216	202	1090	0	0	0	0
123	52	38	1022	0	0	0	0
5	3	2	1004	0	0	0	0
390	148	159	1086	0	0	0	0
8	0	3	1006	0	0	0	0
2	0	1	1007	0	0	0	0
13	6	7	1007	0	0	0	0
15	2	5	1005	0	0	0	0
1	3	3	1005	0	0	0	0
472	181	185	1077	0	0	0	0
4	1	0	1005	0	0	0	0
18	1	4	1008	0	0	0	0
37	8	12	1008	0	0	0	0
169	100	59	1017	0	0	0	0
9	3	4	1006	0	0	0	0
272	136	119	1049	0	0	0	0
34	33	10	1011	0	0	0	0
323	154	135	1062	0	0	0	0
230	147	95	1058	0	0	0	0
0	0	1	1005	0	0	0	0
242	132	101	1043	0	0	0	0
542	257	202	1090	0	0	0	0
187	111	81	1027	0	0	0	0
4	0	1	1004	0	0	0	0
314	135	145	1044	0	0	0	0
4	0	2	1005	0	0	0	0
1	0	0	1006	0	0	0	0
385	153	160	1067	0	0	0	0
442	177	166	1069	0	0	0	0
0	0	1	1005	0	0	0	0
65	27	20	1020	0	0	0	0
0	0	0	1004	0	0	0	0
1	1	2	1006	0	0	0	0
4	0	1	1004	0	0	0	0
286	120	121	1038	0	0	0	0
7	1	4	1008	0	0	0	0
15	10	12	1010	0	0	0	0
268	160	89	1046	0	0	0	0
285	133	111	1058	0	0	0	0
99	56	32	1023	0	0	0	0
3	0	5	1004	0	0	0	0
284	151	119	1049	0	0	0	0
69	44	33	1027	0	0	0	0
18	11	4	1011	0	0	0	0
107	63	28	1036	0	0	0	0
12	4	3	1005	0	0	0	0
61	27	34	1012	0	0	0	0
461	208	169	1094	0	0	0	0
83	28	34	1011	0	0	0	0
69	36	18	1013	0	0	0	0
72	38	38	1024	0	0	0	0
412	219	143	1068	0	0	0	0
8	8	2	1004	0	0	0	0
4	5	6	1006	0	0	0	0
0	0	1	1005	0	0	0	0
418	200	153	1059	0	0	0	0
0	0	1	1010	0	0	0	0
11	3	10	1005	0	0	0	0
17	10	3	1009	0	0	0	0
22	19	14	1020	0	0	0	0
143	54	61	1040	0	0	0	0
565	265	224	1127	0	0	0	0
1	0	0	1004	0	0	0	0
616	207	215	1083	0	0	0	0
381	212	181	1086	0	0	0	0
2	1	0	1004	0	0	0	0
112	45	41	1022	0	0	0	0
397	149	163	1064	0	0	0	0
236	117	87	1056	0	0	0	0
139	60	72	1033	0	0	0	0
6	2	4	1004	0	0	0	0
3	3	3	1004	0	0	0	0
52	24	17	1017	0	0	0	0
549	273	238	1117	0	0	0	0
3	1	2	1004	0	0	0	0
275	142	109	1053	0	0	0	0
14	4	1	1008	0	0	0	0
46	19	33	1019	0	0	0	0
61	32	31	1017	0	0	0	0
1	0	0	1004	0	0	0	0
151	54	64	1033	0	0	0	0
5	1	2	1009	0	0	0	0
463	148	164	1081	0	0	0	0
3	0	4	1004	0	0	0	0
452	188	187	1069	0	0	0	0
309	125	129	1049	0	0	0	0
6	1	2	1006	0	0	0	0
3	0	1	1004	0	0	0	0
188	85	90	1038	0	0	0	0
18	15	4	1015	0	0	0	0
48	32	17	1016	0	0	0	0
24	3	2	1009	0	0	0	0
37	14	21	1015	0	0	0	0
540	237	227	1083	0	0	0	0
10	2	2	1006	0	0	0	0
355	140	149	1046	0	0	0	0
25	14	9	1016	0	0	0	0
48	28	13	1007	0	0	0	0
11	2	2	1005	0	0	0	0
407	155	167	1075	0	0	0	0
71	28	35	1020	0	0	0	0
231	88	108	1033	0	0	0	0
217	94	114	1053	0	0	0	0
1	0	0	1006	0	0	0	0
16	0	2	1009	0	0	0	0
407	173	168	1057	0	0	0	0
3	2	0	1004	0	0	0	0
0	0	0	1005	0	0	0	0
1	0	0	1005	0	0	0	0
9	3	2	1005	0	0	0	0
4	1	3	1005	0	0	0	0
507	239	216	1083	0	0	0	0
572	289	251	1100	0	0	0	0
328	140	136	1066	0	0	0	0
62	34	25	1017	0	0	0	0
98	34	33	1020	0	0	0	0
690	328	252	1132	0	0	0	0
108	52	47	1031	0	0	0	0
107	38	54	1026	0	0	0	0
448	219	189	1080	0	0	0	0
31	25	15	1010	0	0	0	0
554	267	223	1114	0	0	0	0
25	11	14	1012	0	0	0	0
51	21	18	1011	0	0	0	0
60	27	15	1029	0	0	0	0
4	4	2	1006	0	0	0	0
2	0	1	1004	0	0	0	0
4	0	6	1006	0	0	0	0
388	194	148	1065	0	0	0	0
5	3	1	1007	0	0	0	0
397	186	133	1066	0	0	0	0
105	37	44	1025	0	0	0	0
0	0	2	1004	0	0	0	0
4	3	0	1007	0	0	0	0
9	4	6	1005	0	0	0	0
1	1	0	1004	0	0	0	0
399	170	154	1061	0	0	0	0
12	7	4	1010	0	0	0	0
127	83	27	1016	0	0	0	0
141	72	52	1032	0	0	0	0
254	131	115	1048	0	0	0	0
4	0	4	1007	0	0	0	0
76	34	30	1021	0	0	0	0
2	0	0	1004	0	0	0	0
380	153	146	1065	0	0	0	0
560	266	249	1127	0	0	0	0
532	269	226	1105	0	0	0	0
0	0	1	1004	0	0	0	0
7	3	2	1008	0	0	0	0
275	113	126	1059	0	0	0	0
31	21	13	1015	0	0	0	0
78	50	24	1025	0	0	0	0
4	5	1	1006	0	0	0	0
2	0	1	1004	0	0	0	0
23	10	13	1009	0	0	0	0
392	160	161	1057	0	0	0	0
4	0	0	1006	0	0	0	0
131	65	57	1039	0	0	0	0
532	275	200	1094	0	0	0	0
58	27	30	1019	0	0	0	0
7	2	3	1006	0	0	0	0
58	24	24	1023	0	0	0	0
233	104	81	1044	0	0	0	0
342	181	142	1060	0	0	0	0
202	93	91	1026	0	0	0	0
193	87	78	1049	0	0	0	0
1	0	0	1004	0	0	0	0
304	133	108	1056	0	0	0	0
2	0	0	1004	0	0	0	0
289	117	101	1044	0	0	0	0
474	172	175	1068	0	0	0	0
345	163	133	1063	0	0	0	0
445	179	170	1075	0	0	0	0
5	1	2	1004	0	0	0	0
202	90	77	1036	0	0	0	0
48	25	18	1016	0	0	0	0
38	9	13	1009	0	0	0	0
46	10	17	1011	0	0	0	0
3	0	1	1004	0	0	0	0
465	204	170	1079	0	0	0	0
65	53	16	1030	0	0	0	0
