68	43	29	3024	0	0	0	0
14	7	13	3013	0	0	0	0
116	52	41	3032	0	0	0	0
59	29	20	3025	0	0	0	0
18	8	10	3016	0	0	0	0
83	36	44	3025	0	0	0	0
10	1	8	3010	0	0	0	0
206	88	70	3037	0	0	0	0
9	10	4	3014	0	0	0	0
290	108	84	3070	0	0	0	0
150	59	55	3048	0	0	0	0
228	124	100	3050	0	0	0	0
59	23	28	3031	0	0	0	0
186	84	75	3049	0	0	0	0
197	107	74	3052	0	0	0	0
186	68	65	3032	0	0	0	0
4	1	1	3010	0	0	0	0
269	126	105	3041	0	0	0	0
92	34	49	3036	0	0	0	0
46	22	21	3019	0	0	0	0
39	17	17	3015	0	0	0	0
128	43	46	3045	0	0	0	0
219	109	86	3066	0	0	0	0
325	101	113	3082	0	0	0	0
187	114	80	3043	0	0	0	0
11	5	4	3013	0	0	0	0
4	0	0	3009	0	0	0	0
116	47	37	3036	0	0	0	0
256	107	84	3066	0	0	0	0
98	31	33	3030	0	0	0	0
24	4	5	3019	0	0	0	0
101	47	46	3030	0	0	0	0
309	142	135	3070	0	0	0	0
9	1	4	3014	0	0	0	0
252	106	120	3043	0	0	0	0
315	125	125	3076	0	0	0	0
111	49	50	3059	0	0	0	0
256	126	97	3063	0	0	0	0
65	28	14	3026	0	0	0	0
206	88	73	3051	0	0	0	0
33	6	10	3021	0	0	0	0
92	43	38	3043	0	0	0	0
185	75	55	3049	0	0	0	0
121	56	42	3031	0	0	0	0
30	10	22	3015	0	0	0	0
248	115	108	3060	0	0	0	0
498	235	215	3105	0	0	0	0
5	0	2	3010	0	0	0	0
86	76	45	3032	0	0	0	0
15	3	8	3009	0	0	0	0
111	52	38	3047	0	0	0	0
158	73	60	3040	0	0	0	0
13	13	7	3016	0	0	0	0
150	77	54	3038	0	0	0	0
83	18	22	3030	0	0	0	0
251	90	87	3089	0	0	0	0
171	71	58	3062	0	0	0	0
139	56	46	3031	0	0	0	0
74	29	31	3026	0	0	0	0
240	109	86	3065	0	0	0	0
24	10	13	3016	0	0	0	0
174	77	58	3040	0	0	0	0
224	84	102	3052	0	0	0	0
247	109	99	3066	0	0	0	0
181	96	93	3047	0	0	0	0
160	61	63	3041	0	0	0	0
3	3	2	3011	0	0	0	0
91	36	25	3030	0	0	0	0
46	34	18	3032	0	0	0	0
69	34	44	3033	0	0	0	0
104	61	28	3026	0	0	0	0
207	86	64	3048	0	0	0	0
1	0	1	3010	0	0	0	0
83	30	27	3032	0	0	0	0
8	10	3	3015	0	0	0	0
63	23	19	3015	0	0	0	0
26	2	5	3018	0	0	0	0
376	153	136	3079	0	0	0	0
371	160	126	3067	0	0	0	0
10	6	7	3017	0	0	0	0
304	121	126	3065	0	0	0	0
2	3	1	3010	0	0	0	0
4	1	3	3010	0	0	0	0
235	131	78	3066	0	0	0	0
327	111	134	3054	0	0	0	0
65	28	21	3021	0	0	0	0
37	8	15	3022	0	0	0	0
33	21	11	3019	0	0	0	0
309	146	108	3056	0	0	0	0
184	89	73	3064	0	0	0	0
188	105	67	3055	0	0	0	0
73	48	34	3021	0	0	0	0
51	24	10	3028	0	0	0	0
20	0	11	3018	0	0	0	0
17	7	9	3017	0	0	0	0
21	9	10	3013	0	0	0	0
31	9	13	3017	0	0	0	0
16	4	4	3015	0	0	0	0
356	158	146	3075	0	0	0	0
4	4	2	3009	0	0	0	0
202	97	85	3047	0	0	0	0
22	12	18	3014	0	0	0	0
122	46	49	3042	0	0	0	0
66	19	22	3032	0	0	0	0
148	71	72	3038	0	0	0	0
179	79	61	3056	0	0	0	0
164	83	63	3041	0	0	0	0
16	6	4	3010	0	0	0	0
11	2	5	3013	0	0	0	0
318	134	100	3065	0	0	0	0
105	37	42	3041	0	0	0	0
25	6	16	3019	0	0	0	0
118	42	55	3038	0	0	0	0
293	159	122	3079	0	0	0	0
86	38	26	3027	0	0	0	0
168	83	76	3040	0	0	0	0
14	6	4	3015	0	0	0	0
52	15	22	3021	0	0	0	0
110	64	62	3030	0	0	0	0
58	29	28	3019	0	0	0	0
271	118	102	3055	0	0	0	0
220	112	79	3051	0	0	0	0
30	14	11	3027	0	0	0	0
91	48	29	3035	0	0	0	0
110	41	42	3025	0	0	0	0
270	110	104	3054	0	0	0	0
40	17	17	3022	0	0	0	0
446	170	203	3089	0	0	0	0
200	113	100	3059	0	0	0	0
187	71	72	3057	0	0	0	0
12	2	5	3011	0	0	0	0
208	103	84	3065	0	0	0	0
379	186	144	3092	0	0	0	0
69	25	21	3025	0	0	0	0
193	78	62	3054	0	0	0	0
45	24	20	3021	0	0	0	0
321	150	111	3075	0	0	0	0
74	16	25	3027	0	0	0	0
86	32	39	3024	0	0	0	0
171	68	61	3042	0	0	0	0
177	64	78	3046	0	0	0	0
66	22	31	3021	0	0	0	0
114	41	74	3042	0	0	0	0
163	72	74	3039	0	0	0	0
200	101	83	3054	0	0	0	0
283	136	117	3062	0	0	0	0
289	129	89	3071	0	0	0	0
239	63	89	3059	0	0	0	0
22	7	5	3010	0	0	0	0
132	41	51	3036	0	0	0	0
216	95	82	3056	0	0	0	0
14	5	5	3009	0	0	0	0
143	58	44	3031	0	0	0	0
106	31	32	3017	0	0	0	0
162	71	50	3044	0	0	0	0
297	140	119	3063	0	0	0	0
313	164	128	3071	0	0	0	0
115	53	46	3037	0	0	0	0
88	19	28	3034	0	0	0	0
23	6	5	3017	0	0	0	0
35	9	16	3020	0	0	0	0
46	17	19	3017	0	0	0	0
195	87	64	3042	0	0	0	0
317	90	110	3069	0	0	0	0
141	74	57	3043	0	0	0	0
299	133	102	3063	0	0	0	0
9	1	2	3009	0	0	0	0
315	144	124	3064	0	0	0	0
5	2	2	3015	0	0	0	0
110	64	36	3031	0	0	0	0
68	12	16	3025	0	0	0	0
71	28	32	3025	0	0	0	0
280	82	86	3061	0	0	0	0
241	114	93	3056	0	0	0	0
7	3	3	3014	0	0	0	0
55	35	37	3019	0	0	0	0
52	15	20	3017	0	0	0	0
61	28	25	3015	0	0	0	0
186	85	70	3039	0	0	0	0
23	13	9	3018	0	0	0	0
92	34	24	3023	0	0	0	0
76	42	32	3023	0	0	0	0
81	42	39	3028	0	0	0	0
224	76	89	3054	0	0	0	0
44	12	12	3019	0	0	0	0
45	14	17	3015	0	0	0	0
230	101	79	3048	0	0	0	0
171	78	83	3044	0	0	0	0
140	64	68	3032	0	0	0	0
50	18	14	3017	0	0	0	0
131	59	61	3033	0	0	0	0
7	0	2	3010	0	0	0	0
333	143	125	3068	0	0	0	0
52	15	20	3035	0	0	0	0
80	36	41	3037	0	0	0	0
68	23	23	3016	0	0	0	0
16	4	4	3014	0	0	0	0
127	70	56	3061	0	0	0	0
93	41	40	3026	0	0	0	0
14	4	2	3010	0	0	0	0
136	57	52	3025	0	0	0	0
383	147	143	3072	0	0	0	0
27	5	11	3013	0	0	0	0
129	53	42	3035	0	0	0	0
60	22	25	3024	0	0	0	0
18	0	4	3017	0	0	0	0
56	17	12	3028	0	0	0	0
56	31	20	3019	0	0	0	0
15	1	8	3012	0	0	0	0
432	180	172	3099	0	0	0	0
289	101	122	3072	0	0	0	0
204	76	74	3046	0	0	0	0
16	7	8	3012	0	0	0	0
445	198	167	3110	0	0	0	0
20	12	5	3015	0	0	0	0
6	4	1	3010	0	0	0	0
150	64	42	3050	0	0	0	0
123	66	47	3034	0	0	0	0
184	87	59	3041	0	0	0	0
114	44	43	3025	0	0	0	0
71	26	25	3027	0	0	0	0
26	8	10	3014	0	0	0	0
44	22	23	3027	0	0	0	0
23	12	8	3014	0	0	0	0
30	9	18	3012	0	0	0	0
134	59	59	3030	0	0	0	0
78	38	19	3031	0	0	0	0
61	11	26	3021	0	0	0	0
187	69	82	3055	0	0	0	0
233	118	80	3041	0	0	0	0
158	77	50	3044	0	0	0	0
515	178	186	3105	0	0	0	0
292	129	128	3068	0	0	0	0
77	48	18	3027	0	0	0	0
136	52	49	3047	0	0	0	0
174	52	65	3046	0	0	0	0
266	115	104	3076	0	0	0	0
126	56	47	3043	0	0	0	0
43	26	22	3024	0	0	0	0
71	29	28	3019	0	0	0	0
268	116	114	3074	0	0	0	0
186	83	82	3050	0	0	0	0
179	79	69	3037	0	0	0	0
5	0	0	3012	0	0	0	0
164	63	65	3047	0	0	0	0
48	16	16	3022	0	0	0	0
63	35	15	3023	0	0	0	0
177	81	55	3037	0	0	0	0
550	219	187	3089	0	0	0	0
188	107	78	3038	0	0	0	0
8	3	9	3014	0	0	0	0
271	155	110	3067	0	0	0	0
3	1	3	3012	0	0	0	0
161	76	87	3048	0	0	0	0
89	40	49	3038	0	0	0	0
263	141	123	3062	0	0	0	0
141	50	58	3030	0	0	0	0
94	39	45	3026	0	0	0	0
94	36	43	3029	0	0	0	0
279	140	119	3084	0	0	0	0
23	9	2	3016	0	0	0	0
70	50	23	3028	0	0	0	0
25	12	15	3014	0	0	0	0
33	13	23	3013	0	0	0	0
19	7	4	3014	0	0	0	0
354	150	147	3072	0	0	0	0
45	9	15	3020	0	0	0	0
189	109	58	3066	0	0	0	0
108	50	53	3037	0	0	0	0
161	80	60	3045	0	0	0	0
127	77	46	3044	0	0	0	0
185	87	72	3056	0	0	0	0
86	51	32	3033	0	0	0	0
335	154	126	3076	0	0	0	0
8	9	7	3012	0	0	0	0
28	17	15	3015	0	0	0	0
133	58	47	3034	0	0	0	0
118	61	51	3040	0	0	0	0
159	62	51	3044	0	0	0	0
249	138	89	3078	0	0	0	0
17	5	1	3015	0	0	0	0
85	30	40	3026	0	0	0	0
213	110	96	3051	0	0	0	0
252	109	91	3057	0	0	0	0
12	2	4	3009	0	0	0	0
243	109	98	3066	0	0	0	0
17	5	5	3014	0	0	0	0
7	1	2	3009	0	0	0	0
34	11	14	3016	0	0	0	0
65	26	38	3026	0	0	0	0
24	6	16	3018	0	0	0	0
210	110	89	3057	0	0	0	0
16	9	9	3022	0	0	0	0
296	136	146	3054	0	0	0	0
64	21	23	3024	0	0	0	0
127	69	47	3039	0	0	0	0
23	9	7	3014	0	0	0	0
56	32	15	3024	0	0	0	0
108	49	35	3030	0	0	0	0
252	89	92	3039	0	0	0	0
292	134	131	3045	0	0	0	0
261	110	108	3071	0	0	0	0
8	2	8	3015	0	0	0	0
277	124	118	3067	0	0	0	0
108	66	37	3049	0	0	0	0
389	183	162	3074	0	0	0	0
7	6	3	3015	0	0	0	0
61	21	28	3022	0	0	0	0
102	52	49	3032	0	0	0	0
63	36	45	3023	0	0	0	0
12	5	11	3016	0	0	0	0
92	41	36	3031	0	0	0	0
74	31	23	3038	0	0	0	0
80	33	33	3033	0	0	0	0
199	73	71	3053	0	0	0	0
86	44	38	3044	0	0	0	0
152	74	53	3046	0	0	0	0
1	0	0	3012	0	0	0	0
71	34	41	3026	0	0	0	0
133	44	59	3037	0	0	0	0
104	35	35	3033	0	0	0	0
118	46	43	3041	0	0	0	0
178	67	84	3057	0	0	0	0
174	91	58	3050	0	0	0	0
129	70	39	3036	0	0	0	0
288	146	113	3072	0	0	0	0
19	7	7	3012	0	0	0	0
156	66	54	3037	0	0	0	0
36	12	20	3028	0	0	0	0
249	91	79	3052	0	0	0	0
170	72	62	3032	0	0	0	0
13	9	3	3016	0	0	0	0
212	70	84	3039	0	0	0	0
106	61	46	3030	0	0	0	0
147	65	55	3035	0	0	0	0
198	73	65	3049	0	0	0	0
118	44	40	3030	0	0	0	0
329	147	120	3065	0	0	0	0
241	112	104	3056	0	0	0	0
78	25	20	3037	0	0	0	0
150	74	56	3039	0	0	0	0
60	29	22	3023	0	0	0	0
212	95	87	3061	0	0	0	0
223	105	109	3050	0	0	0	0
76	43	28	3022	0	0	0	0
368	156	141	3092	0	0	0	0
33	13	13	3019	0	0	0	0
250	104	98	3065	0	0	0	0
106	60	38	3034	0	0	0	0
87	30	35	3026	0	0	0	0
206	111	71	3044	0	0	0	0
2	2	3	3011	0	0	0	0
17	4	8	3015	0	0	0	0
49	23	19	3019	0	0	0	0
105	61	43	3045	0	0	0	0
25	5	7	3016	0	0	0	0
128	63	44	3031	0	0	0	0
285	127	109	3090	0	0	0	0
194	85	73	3038	0	0	0	0
417	155	150	3107	0	0	0	0
196	91	77	3047	0	0	0	0
322	151	132	3062	0	0	0	0
223	90	98	3068	0	0	0	0
22	6	5	3012	0	0	0	0
2	0	0	3009	0	0	0	0
81	31	52	3023	0	0	0	0
72	37	40	3024	0	0	0	0
156	50	63	3049	0	0	0	0
56	22	24	3022	0	0	0	0
292	115	93	3067	0	0	0	0
170	105	69	3043	0	0	0	0
166	64	60	3045	0	0	0	0
313	130	143	3039	0	0	0	0
6	0	1	3014	0	0	0	0
39	14	16	3019	0	0	0	0
53	32	27	3021	0	0	0	0
13	2	6	3013	0	0	0	0
362	146	129	3087	0	0	0	0
60	26	23	3038	0	0	0	0
421	211	155	3088	0	0	0	0
70	48	25	3039	0	0	0	0
23	10	10	3021	0	0	0	0
112	50	49	3046	0	0	0	0
239	109	97	3052	0	0	0	0
63	17	20	3020	0	0	0	0
50	25	21	3019	0	0	0	0
85	37	32	3030	0	0	0	0
228	94	94	3053	0	0	0	0
89	38	49	3024	0	0	0	0
18	13	7	3013	0	0	0	0
111	57	43	3035	0	0	0	0
37	21	14	3023	0	0	0	0
63	10	33	3024	0	0	0	0
7	2	2	3018	0	0	0	0
38	6	11	3015	0	0	0	0
107	49	37	3023	0	0	0	0
120	52	44	3030	0	0	0	0
251	108	100	3070	0	0	0	0
10	2	1	3009	0	0	0	0
213	119	100	3041	0	0	0	0
213	86	90	3062	0	0	0	0
511	224	224	3085	0	0	0	0
11	7	5	3010	0	0	0	0
15	10	8	3020	0	0	0	0
72	41	33	3026	0	0	0	0
173	69	64	3055	0	0	0	0
36	12	16	3020	0	0	0	0
17	1	6	3018	0	0	0	0
181	85	83	3039	0	0	0	0
235	98	91	3040	0	0	0	0
327	127	138	3072	0	0	0	0
235	96	96	3051	0	0	0	0
25	5	13	3012	0	0	0	0
300	110	110	3067	0	0	0	0
11	2	4	3009	0	0	0	0
47	16	11	3015	0	0	0	0
181	82	84	3041	0	0	0	0
42	32	15	3020	0	0	0	0
27	8	8	3014	0	0	0	0
17	8	5	3016	0	0	0	0
3	1	5	3010	0	0	0	0
79	27	30	3029	0	0	0	0
41	21	25	3029	0	0	0	0
312	134	131	3068	0	0	0	0
70	20	23	3023	0	0	0	0
6	1	3	3011	0	0	0	0
284	127	125	3079	0	0	0	0
476	224	165	3097	0	0	0	0
128	52	53	3044	0	0	0	0
377	133	131	3069	0	0	0	0
2	3	2	3009	0	0	0	0
80	20	31	3025	0	0	0	0
58	20	23	3021	0	0	0	0
238	110	101	3059	0	0	0	0
151	85	62	3052	0	0	0	0
17	10	17	3017	0	0	0	0
179	76	68	3056	0	0	0	0
76	45	23	3025	0	0	0	0
180	76	73	3048	0	0	0	0
130	49	73	3033	0	0	0	0
106	53	47	3027	0	0	0	0
2	1	0	3009	0	0	0	0
7	2	0	3013	0	0	0	0
15	5	4	3017	0	0	0	0
88	26	32	3023	0	0	0	0
110	35	32	3039	0	0	0	0
60	25	18	3020	0	0	0	0
473	161	196	3104	0	0	0	0
27	7	6	3015	0	0	0	0
431	150	149	3093	0	0	0	0
138	52	71	3024	0	0	0	0
8	3	0	3017	0	0	0	0
302	105	110	3085	0	0	0	0
38	15	22	3015	0	0	0	0
54	36	28	3017	0	0	0	0
194	57	78	3045	0	0	0	0
419	156	165	3095	0	0	0	0
42	13	16	3019	0	0	0	0
57	32	25	3020	0	0	0	0
127	52	41	3027	0	0	0	0
48	24	21	3028	0	0	0	0
72	47	21	3035	0	0	0	0
168	55	72	3046	0	0	0	0
387	139	166	3087	0	0	0	0
38	17	8	3013	0	0	0	0
160	80	59	3053	0	0	0	0
289	170	103	3072	0	0	0	0
327	140	132	3076	0	0	0	0
310	159	139	3068	0	0	0	0
29	9	7	3021	0	0	0	0
15	3	13	3010	0	0	0	0
113	62	54	3035	0	0	0	0
205	67	78	3059	0	0	0	0
71	22	37	3021	0	0	0	0
479	159	151	3090	0	0	0	0
19	3	4	3015	0	0	0	0
323	159	134	3095	0	0	0	0
148	41	74	3042	0	0	0	0
335	153	123	3096	0	0	0	0
21	6	7	3015	0	0	0	0
382	187	165	3066	0	0	0	0
196	90	77	3036	0	0	0	0
60	27	20	3017	0	0	0	0
41	21	20	3019	0	0	0	0
260	136	129	3058	0	0	0	0
79	39	27	3023	0	0	0	0
27	6	8	3014	0	0	0	0
142	66	61	3031	0	0	0	0
50	13	27	3024	0	0	0	0
435	201	159	3097	0	0	0	0
14	7	8	3018	0	0	0	0
92	44	63	3034	0	0	0	0
31	13	6	3015	0	0	0	0
118	54	33	3026	0	0	0	0
18	6	7	3019	0	0	0	0
231	80	100	3064	0	0	0	0
15	5	4	3013	0	0	0	0
3	0	5	3009	0	0	0	0
207	79	85	3051	0	0	0	0
70	44	32	3032	0	0	0	0
231	117	102	3072	0	0	0	0
76	25	24	3033	0	0	0	0
104	37	38	3030	0	0	0	0
89	51	48	3032	0	0	0	0
203	93	83	3049	0	0	0	0
197	97	108	3066	0	0	0	0
62	19	20	3029	0	0	0	0
197	80	78	3037	0	0	0	0
226	112	66	3064	0	0	0	0
132	54	41	3038	0	0	0	0
48	9	13	3018	0	0	0	0
247	108	100	3056	0	0	0	0
20	4	5	3019	0	0	0	0
15	15	5	3016	0	0	0	0
23	11	12	3010	0	0	0	0
146	59	65	3046	0	0	0	0
167	92	79	3057	0	0	0	0
43	33	13	3034	0	0	0	0
92	36	34	3034	0	0	0	0
83	34	47	3027	0	0	0	0
328	152	116	3084	0	0	0	0
168	77	75	3050	0	0	0	0
33	18	18	3026	0	0	0	0
45	21	26	3021	0	0	0	0
53	16	19	3013	0	0	0	0
37	5	18	3023	0	0	0	0
197	107	77	3036	0	0	0	0
105	65	48	3032	0	0	0	0
64	21	38	3032	0	0	0	0
43	27	14	3031	0	0	0	0
23	9	14	3014	0	0	0	0
63	27	34	3023	0	0	0	0
26	8	16	3013	0	0	0	0
17	10	6	3021	0	0	0	0
76	29	27	3025	0	0	0	0
56	15	20	3019	0	0	0	0
49	13	15	3024	0	0	0	0
143	42	53	3043	0	0	0	0
79	32	27	3042	0	0	0	0
415	195	165	3075	0	0	0	0
9	3	4	3009	0	0	0	0
41	11	16	3022	0	0	0	0
127	77	67	3034	0	0	0	0
145	80	44	3044	0	0	0	0
20	16	16	3024	0	0	0	0
3	1	3	3010	0	0	0	0
146	82	56	3039	0	0	0	0
87	23	29	3020	0	0	0	0
48	17	18	3016	0	0	0	0
262	113	100	3057	0	0	0	0
238	97	86	3050	0	0	0	0
173	66	62	3051	0	0	0	0
34	10	11	3014	0	0	0	0
198	107	56	3061	0	0	0	0
45	12	11	3025	0	0	0	0
27	8	5	3022	0	0	0	0
32	4	9	3020	0	0	0	0
129	50	57	3059	0	0	0	0
60	33	30	3032	0	0	0	0
240	138	112	3054	0	0	0	0
41	22	12	3020	0	0	0	0
88	37	30	3040	0	0	0	0
140	60	52	3044	0	0	0	0
377	170	138	3109	0	0	0	0
47	10	23	3024	0	0	0	0
13	3	2	3010	0	0	0	0
103	26	36	3029	0	0	0	0
334	135	120	3100	0	0	0	0
37	6	10	3024	0	0	0	0
31	14	15	3012	0	0	0	0
351	156	135	3087	0	0	0	0
38	16	8	3012	0	0	0	0
147	74	56	3033	0	0	0	0
10	6	3	3010	0	0	0	0
26	5	11	3015	0	0	0	0
61	13	22	3021	0	0	0	0
182	69	65	3040	0	0	0	0
150	47	65	3033	0	0	0	0
31	10	10	3016	0	0	0	0
125	57	49	3026	0	0	0	0
133	72	49	3027	0	0	0	0
22	14	16	3021	0	0	0	0
36	14	17	3023	0	0	0	0
169	79	48	3042	0	0	0	0
126	53	31	3026	0	0	0	0
81	29	30	3025	0	0	0	0
15	1	14	3009	0	0	0	0
61	26	19	3023	0	0	0	0
272	118	112	3085	0	0	0	0
199	87	73	3040	0	0	0	0
9	4	9	3015	0	0	0	0
324	120	130	3065	0	0	0	0
258	116	91	3064	0	0	0	0
44	23	11	3014	0	0	0	0
52	16	21	3022	0	0	0	0
219	107	90	3040	0	0	0	0
37	21	13	3018	0	0	0	0
253	85	91	3061	0	0	0	0
105	67	43	3030	0	0	0	0
216	94	91	3039	0	0	0	0
112	45	58	3036	0	0	0	0
222	141	87	3067	0	0	0	0
38	18	18	3018	0	0	0	0
161	61	53	3045	0	0	0	0
55	20	17	3021	0	0	0	0
215	84	83	3043	0	0	0	0
12	2	9	3010	0	0	0	0
132	54	59	3033	0	0	0	0
202	111	120	3043	0	0	0	0
84	32	22	3035	0	0	0	0
42	26	22	3016	0	0	0	0
60	33	35	3029	0	0	0	0
37	24	21	3023	0	0	0	0
24	6	13	3012	0	0	0	0
34	10	11	3015	0	0	0	0
13	2	3	3017	0	0	0	0
285	130	115	3057	0	0	0	0
325	111	93	3062	0	0	0	0
23	5	12	3013	0	0	0	0
221	97	78	3062	0	0	0	0
91	39	29	3036	0	0	0	0
213	115	75	3065	0	0	0	0
152	68	61	3037	0	0	0	0
120	43	32	3034	0	0	0	0
241	84	91	3050	0	0	0	0
86	42	47	3029	0	0	0	0
183	59	57	3046	0	0	0	0
162	59	57	3036	0	0	0	0
32	11	12	3016	0	0	0	0
83	26	27	3023	0	0	0	0
68	39	26	3023	0	0	0	0
456	183	177	3109	0	0	0	0
168	80	73	3056	0	0	0	0
81	36	34	3029	0	0	0	0
115	56	54	3035	0	0	0	0
232	69	84	3041	0	0	0	0
22	7	5	3013	0	0	0	0
313	131	142	3101	0	0	0	0
209	126	90	3053	0	0	0	0
212	109	77	3059	0	0	0	0
447	187	145	3087	0	0	0	0
108	44	42	3048	0	0	0	0
164	73	61	3053	0	0	0	0
157	79	73	3040	0	0	0	0
90	24	27	3038	0	0	0	0
12	3	3	3012	0	0	0	0
140	79	50	3032	0	0	0	0
266	108	96	3049	0	0	0	0
259	114	100	3060	0	0	0	0
40	18	16	3020	0	0	0	0
221	122	89	3061	0	0	0	0
294	103	102	3094	0	0	0	0
78	60	27	3032	0	0	0	0
25	14	4	3027	0	0	0	0
160	97	69	3032	0	0	0	0
205	95	85	3056	0	0	0	0
298	130	120	3061	0	0	0	0
111	62	42	3037	0	0	0	0
238	94	94	3047	0	0	0	0
384	122	120	3086	0	0	0	0
15	14	7	3010	0	0	0	0
340	148	125	3079	0	0	0	0
318	130	138	3061	0	0	0	0
210	96	86	3050	0	0	0	0
11	4	6	3010	0	0	0	0
230	113	109	3057	0	0	0	0
8	6	6	3015	0	0	0	0
111	42	28	3028	0	0	0	0
247	143	104	3048	0	0	0	0
30	4	12	3009	0	0	0	0
107	58	61	3043	0	0	0	0
15	7	5	3010	0	0	0	0
188	79	68	3063	0	0	0	0
53	11	17	3019	0	0	0	0
168	65	70	3046	0	0	0	0
163	106	87	3051	0	0	0	0
26	9	3	3014	0	0	0	0
377	162	146	3074	0	0	0	0
223	83	68	3046	0	0	0	0
49	21	20	3025	0	0	0	0
205	101	100	3057	0	0	0	0
188	107	92	3041	0	0	0	0
117	48	39	3024	0	0	0	0
352	162	147	3078	0	0	0	0
189	91	84	3051	0	0	0	0
75	51	30	3030	0	0	0	0
153	55	55	3046	0	0	0	0
155	63	67	3038	0	0	0	0
200	85	85	3048	0	0	0	0
111	64	55	3051	0	0	0	0
57	23	28	3024	0	0	0	0
38	16	17	3024	0	0	0	0
68	32	25	3028	0	0	0	0
104	46	38	3020	0	0	0	0
32	18	20	3013	0	0	0	0
189	101	71	3046	0	0	0	0
135	52	57	3029	0	0	0	0
31	12	22	3017	0	0	0	0
41	16	14	3015	0	0	0	0
360	137	123	3103	0	0	0	0
264	101	116	3064	0	0	0	0
258	117	117	3050	0	0	0	0
123	40	39	3035	0	0	0	0
5	3	2	3010	0	0	0	0
248	145	141	3071	0	0	0	0
50	14	19	3019	0	0	0	0
193	93	77	3040	0	0	0	0
57	26	21	3017	0	0	0	0
74	53	40	3029	0	0	0	0
110	41	39	3038	0	0	0	0
405	168	192	3099	0	0	0	0
214	87	83	3048	0	0	0	0
3	1	4	3010	0	0	0	0
5	2	7	3016	0	0	0	0
107	53	46	3030	0	0	0	0
7	2	3	3011	0	0	0	0
73	37	34	3026	0	0	0	0
364	132	141	3076	0	0	0	0
121	50	45	3040	0	0	0	0
135	56	51	3034	0	0	0	0
98	37	34	3026	0	0	0	0
20	3	7	3013	0	0	0	0
29	14	13	3014	0	0	0	0
5	1	4	3013	0	0	0	0
124	52	49	3031	0	0	0	0
189	78	74	3065	0	0	0	0
203	128	87	3067	0	0	0	0
203	103	84	3037	0	0	0	0
329	138	121	3087	0	0	0	0
183	97	67	3046	0	0	0	0
8	4	4	3010	0	0	0	0
161	79	85	3033	0	0	0	0
23	9	10	3014	0	0	0	0
41	12	11	3020	0	0	0	0
9	2	2	3016	0	0	0	0
154	25	62	3036	0	0	0	0
188	80	86	3037	0	0	0	0
86	32	29	3033	0	0	0	0
268	129	92	3053	0	0	0	0
15	8	3	3016	0	0	0	0
240	82	82	3038	0	0	0	0
169	73	54	3033	0	0	0	0
296	111	115	3053	0	0	0	0
199	127	98	3035	0	0	0	0
111	54	52	3030	0	0	0	0
96	29	34	3022	0	0	0	0
51	11	12	3028	0	0	0	0
7	1	3	3013	0	0	0	0
257	141	92	3067	0	0	0	0
142	63	59	3060	0	0	0	0
129	55	46	3040	0	0	0	0
21	11	7	3015	0	0	0	0
27	18	5	3022	0	0	0	0
84	30	34	3027	0	0	0	0
57	20	18	3023	0	0	0	0
252	113	108	3057	0	0	0	0
155	64	54	3064	0	0	0	0
330	145	129	3056	0	0	0	0
84	45	49	3036	0	0	0	0
145	82	76	3035	0	0	0	0
8	1	4	3012	0	0	0	0
394	191	161	3081	0	0	0	0
118	46	44	3024	0	0	0	0
35	19	16	3013	0	0	0	0
65	39	19	3027	0	0	0	0
103	32	36	3031	0	0	0	0
15	0	2	3014	0	0	0	0
116	58	53	3025	0	0	0	0
25	13	13	3017	0	0	0	0
178	46	55	3044	0	0	0	0
23	9	9	3013	0	0	0	0
166	71	61	3055	0	0	0	0
36	13	18	3014	0	0	0	0
89	39	39	3020	0	0	0	0
460	218	206	3123	0	0	0	0
12	4	4	3010	0	0	0	0
205	91	80	3054	0	0	0	0
249	116	118	3059	0	0	0	0
223	137	99	3061	0	0	0	0
120	87	43	3051	0	0	0	0
127	64	63	3049	0	0	0	0
133	48	44	3031	0	0	0	0
29	14	14	3016	0	0	0	0
157	74	60	3033	0	0	0	0
280	156	119	3054	0	0	0	0
4	1	2	3012	0	0	0	0
79	51	29	3022	0	0	0	0
169	78	59	3051	0	0	0	0
61	13	19	3024	0	0	0	0
34	12	8	3020	0	0	0	0
228	106	81	3063	0	0	0	0
38	19	13	3013	0	0	0	0
14	1	5	3017	0	0	0	0
102	41	35	3033	0	0	0	0
36	9	10	3016	0	0	0	0
259	118	101	3051	0	0	0	0
7	6	0	3012	0	0	0	0
296	125	124	3074	0	0	0	0
285	129	99	3074	0	0	0	0
311	119	123	3089	0	0	0	0
157	64	70	3035	0	0	0	0
205	90	94	3078	0	0	0	0
326	171	142	3058	0	0	0	0
213	84	80	3048	0	0	0	0
281	146	120	3071	0	0	0	0
193	61	71	3038	0	0	0	0
70	35	32	3021	0	0	0	0
25	11	8	3022	0	0	0	0
4	0	1	3010	0	0	0	0
40	21	14	3024	0	0	0	0
15	3	4	3015	0	0	0	0
433	212	156	3129	0	0	0	0
232	117	95	3059	0	0	0	0
44	14	20	3018	0	0	0	0
102	26	41	3023	0	0	0	0
169	103	83	3057	0	0	0	0
4	1	1	3011	0	0	0	0
6	5	3	3014	0	0	0	0
416	179	148	3113	0	0	0	0
144	66	46	3045	0	0	0	0
188	87	56	3048	0	0	0	0
14	9	5	3017	0	0	0	0
140	48	58	3033	0	0	0	0
43	25	15	3019	0	0	0	0
18	5	6	3012	0	0	0	0
236	131	100	3058	0	0	0	0
226	99	81	3052	0	0	0	0
6	2	4	3014	0	0	0	0
79	37	39	3028	0	0	0	0
268	122	104	3052	0	0	0	0
109	44	31	3045	0	0	0	0
93	40	52	3036	0	0	0	0
78	43	22	3024	0	0	0	0
33	15	10	3017	0	0	0	0
7	1	3	3012	0	0	0	0
301	117	105	3077	0	0	0	0
63	23	25	3020	0	0	0	0
118	46	37	3035	0	0	0	0
122	60	40	3038	0	0	0	0
11	3	1	3013	0	0	0	0
86	61	33	3030	0	0	0	0
50	14	11	3014	0	0	0	0
43	25	18	3019	0	0	0	0
293	153	83	3078	0	0	0	0
96	39	35	3045	0	0	0	0
276	106	112	3059	0	0	0	0
164	52	70	3042	0	0	0	0
39	10	5	3022	0	0	0	0
338	153	124	3071	0	0	0	0
23	7	17	3016	0	0	0	0
304	127	117	3058	0	0	0	0
75	22	27	3023	0	0	0	0
162	93	65	3038	0	0	0	0
46	14	10	3027	0	0	0	0
25	21	5	3021	0	0	0	0
28	9	9	3015	0	0	0	0
13	6	2	3013	0	0	0	0
36	14	19	3019	0	0	0	0
246	82	95	3052	0	0	0	0
71	27	34	3014	0	0	0	0
150	88	62	3044	0	0	0	0
23	22	11	3022	0	0	0	0
249	117	103	3061	0	0	0	0
174	89	87	3065	0	0	0	0
85	49	42	3026	0	0	0	0
232	138	109	3041	0	0	0	0
115	31	37	3020	0	0	0	0
110	36	42	3040	0	0	0	0
213	110	70	3055	0	0	0	0
88	62	51	3038	0	0	0	0
233	131	98	3040	0	0	0	0
245	88	92	3047	0	0	0	0
119	52	42	3057	0	0	0	0
7	1	4	3012	0	0	0	0
165	74	75	3058	0	0	0	0
220	96	68	3052	0	0	0	0
89	29	21	3022	0	0	0	0
105	41	31	3040	0	0	0	0
5	1	4	3010	0	0	0	0
22	5	6	3012	0	0	0	0
79	30	31	3021	0	0	0	0
345	131	133	3076	0	0	0	0
69	28	20	3026	0	0	0	0
200	110	89	3062	0	0	0	0
32	5	14	3016	0	0	0	0
162	68	65	3052	0	0	0	0
117	38	49	3035	0	0	0	0
196	82	77	3036	0	0	0	0
172	79	70	3050	0	0	0	0
180	72	75	3043	0	0	0	0
41	8	12	3014	0	0	0	0
84	38	28	3027	0	0	0	0
121	66	64	3036	0	0	0	0
145	73	60	3034	0	0	0	0
128	44	48	3026	0	0	0	0
149	60	64	3046	0	0	0	0
82	44	35	3032	0	0	0	0
3	0	2	3011	0	0	0	0
164	78	70	3051	0	0	0	0
161	53	52	3042	0	0	0	0
19	7	7	3012	0	0	0	0
7	1	4	3011	0	0	0	0
67	22	37	3027	0	0	0	0
28	5	14	3011	0	0	0	0
33	25	12	3016	0	0	0	0
67	35	48	3024	0	0	0	0
31	17	8	3019	0	0	0	0
55	19	32	3022	0	0	0	0
220	91	84	3034	0	0	0	0
157	48	57	3035	0	0	0	0
111	46	48	3045	0	0	0	0
33	5	7	3016	0	0	0	0
171	99	79	3036	0	0	0	0
135	79	57	3038	0	0	0	0
293	110	116	3045	0	0	0	0
83	27	29	3043	0	0	0	0
126	34	43	3031	0	0	0	0
34	9	24	3018	0	0	0	0
202	106	70	3056	0	0	0	0
217	94	69	3037	0	0	0	0
59	25	39	3027	0	0	0	0
142	77	62	3044	0	0	0	0
356	122	125	3059	0	0	0	0
69	24	15	3024	0	0	0	0
138	50	46	3031	0	0	0	0
33	22	12	3014	0	0	0	0
108	70	56	3023	0	0	0	0
52	22	18	3015	0	0	0	0
178	107	83	3038	0	0	0	0
242	79	87	3059	0	0	0	0
206	101	87	3063	0	0	0	0
85	42	43	3029	0	0	0	0
210	110	88	3054	0	0	0	0
162	98	88	3046	0	0	0	0
35	11	9	3018	0	0	0	0
302	150	119	3071	0	0	0	0
72	41	37	3020	0	0	0	0
194	102	82	3059	0	0	0	0
35	9	6	3015	0	0	0	0
106	71	32	3042	0	0	0	0
128	53	61	3039	0	0	0	0
200	101	83	3067	0	0	0	0
17	1	6	3010	0	0	0	0
142	61	71	3053	0	0	0	0
186	74	75	3057	0	0	0	0
7	4	2	3013	0	0	0	0
246	123	98	3084	0	0	0	0
73	27	36	3013	0	0	0	0
307	116	101	3068	0	0	0	0
72	23	22	3043	0	0	0	0
22	6	5	3014	0	0	0	0
12	9	8	3015	0	0	0	0
90	42	36	3032	0	0	0	0
227	71	88	3057	0	0	0	0
120	58	47	3033	0	0	0	0
182	78	67	3048	0	0	0	0
259	110	102	3067	0	0	0	0
182	76	76	3044	0	0	0	0
32	12	12	3024	0	0	0	0
278	106	95	3056	0	0	0	0
170	102	84	3062	0	0	0	0
308	122	125	3067	0	0	0	0
147	61	53	3034	0	0	0	0
331	152	165	3086	0	0	0	0
166	91	81	3034	0	0	0	0
57	48	26	3026	0	0	0	0
157	77	58	3032	0	0	0	0
132	54	53	3052	0	0	0	0
323	130	120	3077	0	0	0	0
149	64	61	3041	0	0	0	0
159	72	77	3046	0	0	0	0
6	2	0	3014	0	0	0	0
131	58	68	3040	0	0	0	0
31	7	14	3016	0	0	0	0
63	28	33	3017	0	0	0	0
44	14	15	3023	0	0	0	0
14	6	7	3016	0	0	0	0
188	103	79	3048	0	0	0	0
237	81	101	3066	0	0	0	0
84	31	26	3030	0	0	0	0
20	8	7	3016	0	0	0	0
72	49	40	3033	0	0	0	0
67	49	26	3023	0	0	0	0
220	113	95	3066	0	0	0	0
197	118	75	3057	0	0	0	0
18	10	13	3019	0	0	0	0
199	57	74	3047	0	0	0	0
252	124	102	3064	0	0	0	0
105	35	29	3033	0	0	0	0
91	33	35	3038	0	0	0	0
21	5	6	3017	0	0	0	0
44	12	14	3023	0	0	0	0
333	174	117	3072	0	0	0	0
114	41	50	3026	0	0	0	0
19	4	4	3009	0	0	0	0
48	10	20	3018	0	0	0	0
103	51	42	3044	0	0	0	0
191	78	75	3035	0	0	0	0
222	96	77	3048	0	0	0	0
46	21	15	3017	0	0	0	0
