14	3	2	1006	0	0	0	0
275	124	131	1070	0	0	0	0
0	0	1	1004	0	0	0	0
261	123	115	1071	0	0	0	0
2	4	4	1004	0	0	0	0
76	35	31	1019	0	0	0	0
118	66	67	1028	0	0	0	0
103	41	33	1032	0	0	0	0
138	53	47	1025	0	0	0	0
48	17	26	1014	0	0	0	0
11	5	6	1005	0	0	0	0
16	13	15	1008	0	0	0	0
1	1	3	1005	0	0	0	0
212	93	88	1040	0	0	0	0
271	134	104	1074	0	0	0	0
12	2	5	1006	0	0	0	0
9	6	2	1009	0	0	0	0
10	5	5	1012	0	0	0	0
9	0	2	1005	0	0	0	0
257	98	103	1038	0	0	0	0
1	0	0	1007	0	0	0	0
22	15	15	1007	0	0	0	0
209	92	99	1046	0	0	0	0
12	3	1	1007	0	0	0	0
6	1	3	1006	0	0	0	0
35	6	15	1012	0	0	0	0
1	0	0	1004	0	0	0	0
399	199	184	1072	0	0	0	0
456	240	191	1086	0	0	0	0
12	2	4	1009	0	0	0	0
67	39	27	1009	0	0	0	0
14	10	14	1008	0	0	0	0
148	79	64	1029	0	0	0	0
217	96	92	1031	0	0	0	0
404	191	157	1057	0	0	0	0
580	211	191	1110	0	0	0	0
2	0	1	1004	0	0	0	0
1	2	1	1004	0	0	0	0
199	79	80	1050	0	0	0	0
83	37	33	1018	0	0	0	0
170	81	81	1038	0	0	0	0
24	13	9	1012	0	0	0	0
17	5	4	1010	0	0	0	0
27	11	14	1009	0	0	0	0
1	2	3	1014	0	0	0	0
7	0	1	1012	0	0	0	0
336	174	135	1048	0	0	0	0
115	44	54	1024	0	0	0	0
303	131	121	1068	0	0	0	0
20	6	6	1011	0	0	0	0
39	27	25	1015	0	0	0	0
1	0	0	1004	0	0	0	0
64	20	16	1026	0	0	0	0
108	36	36	1020	0	0	0	0
26	2	11	1009	0	0	0	0
253	115	88	1059	0	0	0	0
359	139	152	1092	0	0	0	0
178	88	76	1046	0	0	0	0
16	25	10	1008	0	0	0	0
472	218	206	1079	0	0	0	0
210	94	88	1030	0	0	0	0
1	0	2	1004	0	0	0	0
116	68	56	1016	0	0	0	0
5	8	0	1008	0	0	0	0
174	81	91	1058	0	0	0	0
295	124	139	1061	0	0	0	0
66	27	28	1015	0	0	0	0
81	41	35	1028	0	0	0	0
0	0	0	1004	0	0	0	0
4	2	2	1005	0	0	0	0
8	3	2	1007	0	0	0	0
219	99	79	1049	0	0	0	0
7	2	4	1008	0	0	0	0
68	48	24	1012	0	0	0	0
283	150	127	1045	0	0	0	0
2	0	0	1004	0	0	0	0
157	62	50	1025	0	0	0	0
144	66	60	1028	0	0	0	0
17	6	7	1004	0	0	0	0
142	51	54	1033	0	0	0	0
19	9	4	1011	0	0	0	0
86	39	34	1014	0	0	0	0
16	4	5	1008	0	0	0	0
457	223	190	1070	0	0	0	0
177	91	86	1030	0	0	0	0
87	44	33	1023	0	0	0	0
16	4	4	1007	0	0	0	0
14	6	3	1011	0	0	0	0
277	89	115	1048	0	0	0	0
289	113	111	1059	0	0	0	0
4	1	6	1007	0	0	0	0
299	144	126	1044	0	0	0	0
187	97	96	1053	0	0	0	0
373	166	127	1071	0	0	0	0
293	129	140	1049	0	0	0	0
13	3	2	1006	0	0	0	0
14	11	10	1007	0	0	0	0
0	0	0	1004	0	0	0	0
23	10	9	1010	0	0	0	0
7	0	5	1006	0	0	0	0
6	3	1	1005	0	0	0	0
2	0	0	1005	0	0	0	0
308	130	128	1056	0	0	0	0
88	36	24	1019	0	0	0	0
10	3	7	1008	0	0	0	0
301	134	138	1070	0	0	0	0
2	3	2	1005	0	0	0	0
32	11	7	1014	0	0	0	0
147	88	59	1030	0	0	0	0
1	0	0	1004	0	0	0	0
133	63	50	1016	0	0	0	0
267	149	118	1047	0	0	0	0
67	31	20	1021	0	0	0	0
52	35	31	1009	0	0	0	0
250	123	116	1042	0	0	0	0
373	129	133	1071	0	0	0	0
156	96	69	1033	0	0	0	0
3	2	1	1006	0	0	0	0
6	4	2	1006	0	0	0	0
0	0	0	1005	0	0	0	0
23	15	10	1004	0	0	0	0
88	53	37	1013	0	0	0	0
5	1	0	1004	0	0	0	0
3	1	0	1006	0	0	0	0
140	64	69	1037	0	0	0	0
336	150	132	1063	0	0	0	0
277	142	119	1048	0	0	0	0
10	2	2	1005	0	0	0	0
6	0	0	1006	0	0	0	0
438	231	203	1083	0	0	0	0
12	2	4	1009	0	0	0	0
360	165	142	1079	0	0	0	0
0	0	1	1004	0	0	0	0
126	43	51	1022	0	0	0	0
194	81	77	1034	0	0	0	0
261	161	124	1055	0	0	0	0
1	0	0	1004	0	0	0	0
23	9	7	1008	0	0	0	0
155	65	58	1019	0	0	0	0
285	121	98	1041	0	0	0	0
284	151	128	1055	0	0	0	0
113	42	33	1022	0	0	0	0
484	201	185	1069	0	0	0	0
6	0	7	1007	0	0	0	0
53	19	19	1021	0	0	0	0
210	123	92	1037	0	0	0	0
235	113	115	1033	0	0	0	0
246	120	110	1035	0	0	0	0
24	13	15	1011	0	0	0	0
142	85	46	1027	0	0	0	0
50	11	13	1016	0	0	0	0
20	8	9	1010	0	0	0	0
0	0	1	1004	0	0	0	0
7	2	1	1009	0	0	0	0
428	193	133	1089	0	0	0	0
21	2	11	1007	0	0	0	0
52	21	28	1017	0	0	0	0
25	17	8	1017	0	0	0	0
95	35	38	1024	0	0	0	0
9	0	3	1007	0	0	0	0
248	112	143	1057	0	0	0	0
9	2	4	1004	0	0	0	0
1	0	0	1006	0	0	0	0
3	1	1	1004	0	0	0	0
6	2	2	1009	0	0	0	0
50	32	20	1020	0	0	0	0
91	36	62	1023	0	0	0	0
2	0	0	1004	0	0	0	0
191	59	59	1023	0	0	0	0
155	80	76	1037	0	0	0	0
10	4	0	1011	0	0	0	0
1	4	3	1007	0	0	0	0
33	12	4	1009	0	0	0	0
476	195	190	1083	0	0	0	0
572	204	201	1114	0	0	0	0
10	6	3	1006	0	0	0	0
38	18	16	1015	0	0	0	0
72	35	37	1020	0	0	0	0
301	109	119	1039	0	0	0	0
105	57	56	1018	0	0	0	0
1	0	1	1009	0	0	0	0
216	92	77	1041	0	0	0	0
47	12	25	1018	0	0	0	0
19	13	11	1008	0	0	0	0
545	254	201	1089	0	0	0	0
146	65	67	1022	0	0	0	0
104	53	49	1040	0	0	0	0
91	43	34	1026	0	0	0	0
1	2	0	1005	0	0	0	0
8	2	3	1004	0	0	0	0
23	6	8	1014	0	0	0	0
512	189	195	1096	0	0	0	0
533	252	234	1106	0	0	0	0
162	75	58	1034	0	0	0	0
30	18	10	1007	0	0	0	0
3	0	0	1004	0	0	0	0
7	1	1	1006	0	0	0	0
308	142	121	1071	0	0	0	0
165	65	64	1031	0	0	0	0
4	0	0	1005	0	0	0	0
87	36	37	1015	0	0	0	0
52	18	16	1015	0	0	0	0
339	163	150	1067	0	0	0	0
6	1	5	1004	0	0	0	0
10	2	0	1007	0	0	0	0
122	60	55	1015	0	0	0	0
446	197	199	1097	0	0	0	0
62	22	28	1019	0	0	0	0
10	1	5	1005	0	0	0	0
356	150	150	1070	0	0	0	0
37	8	22	1014	0	0	0	0
36	12	11	1015	0	0	0	0
203	114	92	1048	0	0	0	0
22	16	13	1008	0	0	0	0
2	1	1	1005	0	0	0	0
490	186	214	1103	0	0	0	0
241	109	107	1031	0	0	0	0
65	29	27	1019	0	0	0	0
10	3	4	1009	0	0	0	0
86	43	29	1016	0	0	0	0
2	0	0	1004	0	0	0	0
9	9	1	1006	0	0	0	0
244	113	126	1040	0	0	0	0
51	22	23	1016	0	0	0	0
426	231	193	1074	0	0	0	0
2	0	1	1004	0	0	0	0
5	2	1	1008	0	0	0	0
1	0	0	1004	0	0	0	0
49	20	22	1017	0	0	0	0
237	97	82	1057	0	0	0	0
356	171	135	1061	0	0	0	0
399	187	165	1079	0	0	0	0
24	10	7	1008	0	0	0	0
150	47	41	1036	0	0	0	0
121	42	51	1017	0	0	0	0
10	4	4	1004	0	0	0	0
264	113	115	1047	0	0	0	0
11	5	3	1007	0	0	0	0
238	129	120	1046	0	0	0	0
42	12	18	1010	0	0	0	0
259	109	108	1051	0	0	0	0
0	0	0	1004	0	0	0	0
217	121	97	1030	0	0	0	0
89	24	51	1014	0	0	0	0
51	17	22	1006	0	0	0	0
37	14	15	1010	0	0	0	0
53	24	21	1010	0	0	0	0
13	4	8	1008	0	0	0	0
121	55	50	1034	0	0	0	0
291	100	100	1078	0	0	0	0
3	1	1	1004	0	0	0	0
37	17	7	1010	0	0	0	0
14	3	10	1010	0	0	0	0
97	47	25	1019	0	0	0	0
118	44	53	1020	0	0	0	0
18	6	16	1010	0	0	0	0
55	33	25	1016	0	0	0	0
1	0	0	1004	0	0	0	0
0	0	1	1004	0	0	0	0
206	103	97	1025	0	0	0	0
1	0	2	1006	0	0	0	0
18	5	7	1010	0	0	0	0
7	4	6	1006	0	0	0	0
222	77	96	1031	0	0	0	0
18	11	8	1008	0	0	0	0
2	1	2	1007	0	0	0	0
339	163	108	1058	0	0	0	0
2	3	3	1004	0	0	0	0
29	3	9	1011	0	0	0	0
50	41	17	1016	0	0	0	0
100	69	45	1020	0	0	0	0
567	214	230	1086	0	0	0	0
68	31	33	1020	0	0	0	0
1	0	0	1004	0	0	0	0
158	76	75	1022	0	0	0	0
230	104	101	1047	0	0	0	0
458	222	182	1075	0	0	0	0
290	114	95	1063	0	0	0	0
0	0	3	1006	0	0	0	0
8	0	2	1005	0	0	0	0
4	0	2	1005	0	0	0	0
34	15	9	1021	0	0	0	0
27	19	17	1014	0	0	0	0
85	38	25	1030	0	0	0	0
140	81	89	1034	0	0	0	0
2	0	1	1004	0	0	0	0
233	113	86	1055	0	0	0	0
14	23	9	1006	0	0	0	0
2	3	2	1008	0	0	0	0
3	0	1	1006	0	0	0	0
103	50	27	1018	0	0	0	0
38	13	5	1015	0	0	0	0
314	113	147	1064	0	0	0	0
126	53	46	1025	0	0	0	0
2	2	0	1007	0	0	0	0
133	85	69	1019	0	0	0	0
224	121	108	1032	0	0	0	0
446	197	200	1072	0	0	0	0
48	21	22	1011	0	0	0	0
294	137	142	1026	0	0	0	0
23	10	12	1011	0	0	0	0
4	0	4	1004	0	0	0	0
93	54	36	1026	0	0	0	0
21	3	7	1006	0	0	0	0
93	31	31	1028	0	0	0	0
322	129	124	1062	0	0	0	0
44	15	17	1016	0	0	0	0
8	0	3	1005	0	0	0	0
0	0	0	1005	0	0	0	0
182	134	95	1026	0	0	0	0
623	233	257	1120	0	0	0	0
12	1	8	1005	0	0	0	0
311	148	145	1059	0	0	0	0
1	0	1	1004	0	0	0	0
52	20	27	1011	0	0	0	0
0	0	0	1004	0	0	0	0
15	0	2	1007	0	0	0	0
64	33	34	1010	0	0	0	0
5	2	3	1006	0	0	0	0
262	131	114	1054	0	0	0	0
2	1	0	1007	0	0	0	0
277	108	117	1045	0	0	0	0
148	58	68	1025	0	0	0	0
0	0	0	1005	0	0	0	0
260	126	113	1055	0	0	0	0
7	1	2	1007	0	0	0	0
40	12	8	1008	0	0	0	0
160	61	64	1033	0	0	0	0
19	2	9	1004	0	0	0	0
36	10	12	1010	0	0	0	0
36	13	32	1008	0	0	0	0
68	42	23	1032	0	0	0	0
222	111	89	1046	0	0	0	0
0	1	0	1006	0	0	0	0
370	156	133	1056	0	0	0	0
38	15	15	1012	0	0	0	0
168	100	81	1022	0	0	0	0
12	5	5	1011	0	0	0	0
25	11	7	1012	0	0	0	0
258	124	117	1051	0	0	0	0
341	106	101	1067	0	0	0	0
126	68	49	1027	0	0	0	0
216	97	78	1044	0	0	0	0
31	4	10	1011	0	0	0	0
466	147	200	1107	0	0	0	0
259	95	128	1060	0	0	0	0
2	2	2	1005	0	0	0	0
2	2	2	1005	0	0	0	0
220	114	87	1048	0	0	0	0
9	2	3	1007	0	0	0	0
56	28	12	1012	0	0	0	0
4	0	1	1006	0	0	0	0
4	0	0	1004	0	0	0	0
5	0	1	1005	0	0	0	0
159	50	54	1023	0	0	0	0
21	7	10	1010	0	0	0	0
70	22	25	1018	0	0	0	0
16	8	1	1009	0	0	0	0
410	193	157	1068	0	0	0	0
1	0	2	1004	0	0	0	0
233	118	78	1041	0	0	0	0
18	4	7	1004	0	0	0	0
54	15	21	1013	0	0	0	0
130	40	48	1029	0	0	0	0
463	195	195	1075	0	0	0	0
174	42	71	1026	0	0	0	0
4	0	0	1006	0	0	0	0
14	5	10	1007	0	0	0	0
168	82	61	1027	0	0	0	0
519	245	188	1091	0	0	0	0
4	0	0	1004	0	0	0	0
287	128	126	1037	0	0	0	0
7	0	1	1006	0	0	0	0
4	2	1	1005	0	0	0	0
56	21	22	1011	0	0	0	0
357	131	158	1064	0	0	0	0
263	110	119	1043	0	0	0	0
162	81	61	1028	0	0	0	0
314	150	112	1065	0	0	0	0
4	1	0	1006	0	0	0	0
464	206	198	1102	0	0	0	0
464	197	165	1092	0	0	0	0
13	5	4	1005	0	0	0	0
2	0	0	1004	0	0	0	0
22	9	7	1009	0	0	0	0
460	197	197	1093	0	0	0	0
3	1	0	1006	0	0	0	0
439	201	169	1113	0	0	0	0
120	51	53	1034	0	0	0	0
6	1	2	1007	0	0	0	0
430	196	179	1069	0	0	0	0
104	52	41	1019	0	0	0	0
51	18	25	1027	0	0	0	0
3	1	0	1007	0	0	0	0
4	3	1	1009	0	0	0	0
457	186	180	1101	0	0	0	0
8	3	3	1007	0	0	0	0
20	8	2	1010	0	0	0	0
12	5	4	1011	0	0	0	0
234	98	97	1049	0	0	0	0
198	87	71	1035	0	0	0	0
95	63	41	1024	0	0	0	0
119	69	53	1022	0	0	0	0
322	142	133	1053	0	0	0	0
38	11	8	1015	0	0	0	0
61	26	17	1009	0	0	0	0
3	4	1	1006	0	0	0	0
9	1	2	1004	0	0	0	0
225	93	75	1029	0	0	0	0
222	143	96	1039	0	0	0	0
278	115	128	1047	0	0	0	0
13	1	3	1008	0	0	0	0
289	147	105	1058	0	0	0	0
264	113	98	1060	0	0	0	0
164	65	56	1034	0	0	0	0
2	0	2	1005	0	0	0	0
14	7	1	1005	0	0	0	0
154	74	49	1035	0	0	0	0
50	16	12	1013	0	0	0	0
253	159	95	1067	0	0	0	0
3	1	4	1005	0	0	0	0
218	101	89	1032	0	0	0	0
145	54	72	1028	0	0	0	0
1	0	0	1004	0	0	0	0
262	118	117	1051	0	0	0	0
5	3	3	1004	0	0	0	0
385	192	187	1082	0	0	0	0
178	94	70	1036	0	0	0	0
99	51	38	1021	0	0	0	0
27	16	5	1015	0	0	0	0
384	148	127	1048	0	0	0	0
1	0	2	1004	0	0	0	0
124	66	56	1023	0	0	0	0
116	74	55	1020	0	0	0	0
86	23	25	1019	0	0	0	0
18	5	7	1006	0	0	0	0
25	9	12	1010	0	0	0	0
15	0	11	1009	0	0	0	0
64	28	35	1010	0	0	0	0
240	123	101	1043	0	0	0	0
172	58	59	1032	0	0	0	0
5	2	2	1007	0	0	0	0
6	2	1	1005	0	0	0	0
2	0	0	1004	0	0	0	0
284	128	104	1047	0	0	0	0
13	4	4	1010	0	0	0	0
301	133	140	1072	0	0	0	0
28	17	10	1015	0	0	0	0
422	220	171	1071	0	0	0	0
32	27	8	1009	0	0	0	0
4	2	0	1005	0	0	0	0
9	5	5	1005	0	0	0	0
239	110	104	1050	0	0	0	0
0	0	0	1004	0	0	0	0
1	0	3	1005	0	0	0	0
3	0	1	1006	0	0	0	0
2	0	0	1005	0	0	0	0
72	22	30	1014	0	0	0	0
4	1	1	1008	0	0	0	0
239	119	102	1044	0	0	0	0
64	34	32	1016	0	0	0	0
140	75	52	1032	0	0	0	0
4	1	1	1007	0	0	0	0
18	9	7	1007	0	0	0	0
7	1	2	1004	0	0	0	0
18	12	10	1009	0	0	0	0
353	159	149	1076	0	0	0	0
144	56	51	1035	0	0	0	0
5	1	3	1004	0	0	0	0
198	72	70	1038	0	0	0	0
414	172	160	1077	0	0	0	0
16	13	5	1006	0	0	0	0
13	14	6	1005	0	0	0	0
54	18	18	1012	0	0	0	0
28	5	11	1011	0	0	0	0
333	159	114	1052	0	0	0	0
249	141	108	1041	0	0	0	0
4	1	0	1004	0	0	0	0
405	204	200	1084	0	0	0	0
2	0	4	1004	0	0	0	0
416	179	180	1084	0	0	0	0
95	43	33	1020	0	0	0	0
3	2	7	1005	0	0	0	0
47	38	14	1005	0	0	0	0
282	142	116	1060	0	0	0	0
22	8	9	1017	0	0	0	0
22	14	4	1014	0	0	0	0
439	208	192	1067	0	0	0	0
52	15	22	1016	0	0	0	0
0	0	0	1004	0	0	0	0
301	140	117	1067	0	0	0	0
182	71	66	1030	0	0	0	0
7	6	7	1006	0	0	0	0
10	5	5	1008	0	0	0	0
7	4	2	1008	0	0	0	0
14	17	8	1006	0	0	0	0
263	114	90	1037	0	0	0	0
4	1	1	1004	0	0	0	0
8	4	1	1006	0	0	0	0
2	1	2	1004	0	0	0	0
7	1	1	1005	0	0	0	0
3	0	1	1004	0	0	0	0
3	0	2	1004	0	0	0	0
41	12	9	1017	0	0	0	0
5	1	0	1005	0	0	0	0
2	1	3	1006	0	0	0	0
28	5	6	1016	0	0	0	0
269	118	117	1048	0	0	0	0
278	121	80	1057	0	0	0	0
3	0	1	1004	0	0	0	0
4	0	1	1005	0	0	0	0
2	3	0	1009	0	0	0	0
1	0	1	1004	0	0	0	0
353	148	110	1063	0	0	0	0
1	0	0	1004	0	0	0	0
3	0	0	1005	0	0	0	0
127	47	36	1014	0	0	0	0
2	0	0	1004	0	0	0	0
4	0	4	1006	0	0	0	0
202	98	75	1038	0	0	0	0
3	5	1	1005	0	0	0	0
134	67	50	1043	0	0	0	0
10	1	4	1008	0	0	0	0
51	17	22	1011	0	0	0	0
9	2	1	1006	0	0	0	0
222	83	82	1033	0	0	0	0
27	7	4	1007	0	0	0	0
390	193	157	1057	0	0	0	0
10	1	5	1006	0	0	0	0
286	143	116	1043	0	0	0	0
15	12	5	1005	0	0	0	0
7	4	4	1005	0	0	0	0
2	1	3	1005	0	0	0	0
22	5	9	1013	0	0	0	0
8	4	2	1005	0	0	0	0
28	3	12	1014	0	0	0	0
136	92	65	1042	0	0	0	0
403	175	162	1048	0	0	0	0
392	156	152	1054	0	0	0	0
383	154	138	1054	0	0	0	0
193	111	109	1026	0	0	0	0
61	16	14	1018	0	0	0	0
49	28	13	1006	0	0	0	0
136	50	38	1034	0	0	0	0
11	14	8	1005	0	0	0	0
71	20	23	1009	0	0	0	0
7	2	2	1008	0	0	0	0
1	2	0	1004	0	0	0	0
90	50	33	1032	0	0	0	0
220	112	101	1041	0	0	0	0
165	67	71	1028	0	0	0	0
5	2	0	1006	0	0	0	0
7	4	2	1007	0	0	0	0
34	18	14	1010	0	0	0	0
3	0	0	1009	0	0	0	0
146	75	65	1028	0	0	0	0
129	56	56	1024	0	0	0	0
228	88	75	1058	0	0	0	0
0	0	0	1004	0	0	0	0
168	83	79	1023	0	0	0	0
13	11	6	1007	0	0	0	0
35	18	8	1010	0	0	0	0
17	9	8	1008	0	0	0	0
149	68	55	1041	0	0	0	0
316	152	132	1052	0	0	0	0
22	5	3	1008	0	0	0	0
411	187	147	1049	0	0	0	0
13	5	1	1009	0	0	0	0
36	13	12	1011	0	0	0	0
1	0	0	1005	0	0	0	0
6	4	3	1006	0	0	0	0
13	3	9	1007	0	0	0	0
38	27	16	1011	0	0	0	0
527	189	211	1092	0	0	0	0
80	41	35	1022	0	0	0	0
395	192	148	1073	0	0	0	0
34	10	12	1016	0	0	0	0
2	0	1	1004	0	0	0	0
70	33	37	1019	0	0	0	0
2	0	0	1005	0	0	0	0
358	154	166	1067	0	0	0	0
48	13	18	1025	0	0	0	0
0	0	0	1004	0	0	0	0
267	155	110	1038	0	0	0	0
199	82	77	1027	0	0	0	0
8	5	4	1007	0	0	0	0
2	0	0	1005	0	0	0	0
238	136	91	1051	0	0	0	0
160	69	59	1034	0	0	0	0
269	110	117	1052	0	0	0	0
234	88	92	1042	0	0	0	0
4	4	3	1008	0	0	0	0
12	3	6	1010	0	0	0	0
6	0	4	1005	0	0	0	0
50	25	11	1015	0	0	0	0
16	4	9	1011	0	0	0	0
14	1	2	1006	0	0	0	0
10	2	1	1007	0	0	0	0
19	17	8	1009	0	0	0	0
232	91	75	1042	0	0	0	0
12	4	4	1004	0	0	0	0
42	15	10	1022	0	0	0	0
90	29	34	1023	0	0	0	0
300	117	126	1060	0	0	0	0
179	98	67	1035	0	0	0	0
4	0	0	1005	0	0	0	0
250	124	124	1071	0	0	0	0
371	143	134	1061	0	0	0	0
58	12	26	1011	0	0	0	0
18	5	13	1007	0	0	0	0
45	15	13	1022	0	0	0	0
122	39	52	1032	0	0	0	0
4	0	5	1005	0	0	0	0
1	1	1	1004	0	0	0	0
6	0	1	1007	0	0	0	0
366	183	153	1055	0	0	0	0
132	54	62	1026	0	0	0	0
3	6	3	1011	0	0	0	0
66	25	37	1015	0	0	0	0
6	3	8	1007	0	0	0	0
321	162	161	1054	0	0	0	0
28	10	8	1007	0	0	0	0
27	9	14	1006	0	0	0	0
12	3	7	1007	0	0	0	0
41	22	25	1014	0	0	0	0
79	29	27	1026	0	0	0	0
268	137	109	1059	0	0	0	0
1	1	0	1005	0	0	0	0
136	68	57	1015	0	0	0	0
118	36	44	1023	0	0	0	0
136	65	61	1037	0	0	0	0
158	93	115	1034	0	0	0	0
146	80	59	1032	0	0	0	0
7	2	3	1006	0	0	0	0
3	0	0	1006	0	0	0	0
8	2	2	1005	0	0	0	0
17	6	3	1005	0	0	0	0
549	208	197	1109	0	0	0	0
20	7	10	1010	0	0	0	0
345	90	126	1043	0	0	0	0
2	2	1	1004	0	0	0	0
85	31	14	1013	0	0	0	0
335	161	150	1073	0	0	0	0
2	1	0	1006	0	0	0	0
455	219	191	1095	0	0	0	0
235	91	96	1028	0	0	0	0
93	31	34	1012	0	0	0	0
187	69	61	1038	0	0	0	0
133	73	59	1021	0	0	0	0
3	4	2	1005	0	0	0	0
66	30	28	1015	0	0	0	0
176	74	75	1036	0	0	0	0
250	110	96	1044	0	0	0	0
527	213	187	1091	0	0	0	0
468	212	191	1085	0	0	0	0
1	0	0	1005	0	0	0	0
23	15	15	1015	0	0	0	0
4	0	3	1007	0	0	0	0
17	6	3	1009	0	0	0	0
75	32	33	1029	0	0	0	0
23	13	17	1011	0	0	0	0
1	1	1	1004	0	0	0	0
79	37	29	1016	0	0	0	0
216	95	102	1030	0	0	0	0
117	55	43	1022	0	0	0	0
44	16	10	1013	0	0	0	0
6	3	3	1004	0	0	0	0
27	8	8	1013	0	0	0	0
301	158	108	1049	0	0	0	0
281	129	124	1061	0	0	0	0
323	143	131	1052	0	0	0	0
112	50	40	1025	0	0	0	0
114	63	70	1016	0	0	0	0
37	16	18	1011	0	0	0	0
336	163	143	1083	0	0	0	0
6	0	0	1005	0	0	0	0
6	4	5	1007	0	0	0	0
9	2	4	1004	0	0	0	0
188	72	83	1030	0	0	0	0
59	31	19	1024	0	0	0	0
20	5	6	1013	0	0	0	0
145	59	60	1023	0	0	0	0
321	109	143	1074	0	0	0	0
100	27	38	1024	0	0	0	0
221	103	75	1058	0	0	0	0
464	173	184	1098	0	0	0	0
378	142	154	1066	0	0	0	0
1	3	3	1004	0	0	0	0
47	29	22	1011	0	0	0	0
1	2	4	1011	0	0	0	0
408	179	123	1075	0	0	0	0
69	32	32	1017	0	0	0	0
349	131	161	1054	0	0	0	0
198	110	74	1039	0	0	0	0
74	27	21	1019	0	0	0	0
16	10	9	1019	0	0	0	0
1	1	1	1005	0	0	0	0
138	70	66	1031	0	0	0	0
8	2	4	1008	0	0	0	0
6	0	2	1004	0	0	0	0
274	113	95	1040	0	0	0	0
39	33	19	1013	0	0	0	0
9	5	6	1009	0	0	0	0
1	0	1	1004	0	0	0	0
19	5	4	1007	0	0	0	0
2	0	0	1005	0	0	0	0
53	21	18	1018	0	0	0	0
98	47	44	1018	0	0	0	0
3	1	2	1008	0	0	0	0
97	38	41	1018	0	0	0	0
3	1	0	1004	0	0	0	0
238	74	103	1051	0	0	0	0
110	64	53	1046	0	0	0	0
14	3	8	1004	0	0	0	0
98	41	39	1023	0	0	0	0
3	2	0	1005	0	0	0	0
3	1	0	1005	0	0	0	0
15	13	8	1009	0	0	0	0
286	107	105	1054	0	0	0	0
31	16	17	1008	0	0	0	0
2	0	1	1005	0	0	0	0
55	19	13	1015	0	0	0	0
14	1	6	1007	0	0	0	0
7	3	1	1004	0	0	0	0
3	0	0	1006	0	0	0	0
3	0	0	1004	0	0	0	0
17	7	9	1009	0	0	0	0
2	0	4	1005	0	0	0	0
1	1	1	1004	0	0	0	0
2	0	0	1004	0	0	0	0
110	38	29	1022	0	0	0	0
196	98	86	1050	0	0	0	0
12	4	2	1007	0	0	0	0
420	145	153	1097	0	0	0	0
1	0	0	1005	0	0	0	0
99	37	28	1021	0	0	0	0
8	5	2	1006	0	0	0	0
3	1	3	1004	0	0	0	0
71	39	28	1028	0	0	0	0
161	72	67	1038	0	0	0	0
61	39	31	1018	0	0	0	0
23	3	3	1011	0	0	0	0
87	36	30	1022	0	0	0	0
1	0	0	1007	0	0	0	0
313	102	124	1056	0	0	0	0
0	0	2	1004	0	0	0	0
19	7	8	1005	0	0	0	0
192	101	72	1044	0	0	0	0
7	1	0	1004	0	0	0	0
278	110	114	1066	0	0	0	0
5	2	2	1005	0	0	0	0
69	30	26	1014	0	0	0	0
247	102	88	1042	0	0	0	0
2	1	1	1005	0	0	0	0
112	48	58	1018	0	0	0	0
0	0	1	1004	0	0	0	0
1	0	1	1004	0	0	0	0
0	0	0	1004	0	0	0	0
488	242	191	1098	0	0	0	0
71	43	38	1017	0	0	0	0
0	0	0	1004	0	0	0	0
8	8	8	1004	0	0	0	0
122	48	51	1018	0	0	0	0
5	3	1	1007	0	0	0	0
3	6	0	1005	0	0	0	0
99	41	43	1022	0	0	0	0
433	167	173	1081	0	0	0	0
165	67	79	1027	0	0	0	0
1	1	1	1007	0	0	0	0
375	148	140	1091	0	0	0	0
8	0	1	1007	0	0	0	0
143	66	50	1030	0	0	0	0
199	85	86	1030	0	0	0	0
68	28	22	1018	0	0	0	0
6	0	0	1005	0	0	0	0
41	17	14	1010	0	0	0	0
333	165	124	1074	0	0	0	0
18	5	6	1009	0	0	0	0
29	18	11	1013	0	0	0	0
4	0	0	1004	0	0	0	0
55	25	18	1015	0	0	0	0
18	7	10	1005	0	0	0	0
155	71	70	1024	0	0	0	0
258	120	85	1037	0	0	0	0
19	3	7	1012	0	0	0	0
279	115	83	1041	0	0	0	0
24	16	9	1017	0	0	0	0
259	104	119	1047	0	0	0	0
524	232	224	1104	0	0	0	0
4	2	2	1006	0	0	0	0
172	77	67	1037	0	0	0	0
310	157	133	1049	0	0	0	0
361	145	122	1078	0	0	0	0
9	3	8	1005	0	0	0	0
197	90	67	1041	0	0	0	0
233	114	113	1048	0	0	0	0
3	0	4	1005	0	0	0	0
2	1	0	1005	0	0	0	0
176	94	81	1033	0	0	0	0
291	139	111	1071	0	0	0	0
10	1	2	1005	0	0	0	0
8	3	4	1007	0	0	0	0
100	71	47	1022	0	0	0	0
73	17	30	1021	0	0	0	0
23	19	9	1017	0	0	0	0
13	3	4	1007	0	0	0	0
472	252	196	1065	0	0	0	0
334	164	127	1047	0	0	0	0
2	4	2	1011	0	0	0	0
12	10	7	1006	0	0	0	0
90	31	29	1016	0	0	0	0
83	49	31	1021	0	0	0	0
110	79	42	1019	0	0	0	0
25	4	6	1012	0	0	0	0
332	140	156	1058	0	0	0	0
90	47	44	1021	0	0	0	0
18	4	2	1007	0	0	0	0
7	3	6	1006	0	0	0	0
120	51	65	1021	0	0	0	0
355	161	149	1075	0	0	0	0
34	11	10	1008	0	0	0	0
5	3	2	1004	0	0	0	0
374	130	138	1096	0	0	0	0
8	0	3	1006	0	0	0	0
2	0	1	1007	0	0	0	0
13	6	7	1007	0	0	0	0
15	2	5	1005	0	0	0	0
1	3	3	1005	0	0	0	0
445	175	185	1072	0	0	0	0
4	1	0	1005	0	0	0	0
18	1	4	1008	0	0	0	0
441	194	194	1080	0	0	0	0
238	112	86	1042	0	0	0	0
9	3	4	1006	0	0	0	0
168	102	72	1029	0	0	0	0
75	59	39	1023	0	0	0	0
320	129	120	1051	0	0	0	0
60	34	26	1011	0	0	0	0
0	0	1	1005	0	0	0	0
220	131	110	1052	0	0	0	0
96	40	35	1016	0	0	0	0
161	67	62	1030	0	0	0	0
4	0	1	1004	0	0	0	0
254	95	101	1038	0	0	0	0
4	0	2	1005	0	0	0	0
1	0	0	1006	0	0	0	0
125	48	66	1031	0	0	0	0
77	36	32	1025	0	0	0	0
0	0	1	1005	0	0	0	0
230	101	90	1025	0	0	0	0
0	0	0	1004	0	0	0	0
1	1	2	1006	0	0	0	0
4	0	1	1004	0	0	0	0
435	177	162	1062	0	0	0	0
7	1	4	1008	0	0	0	0
15	10	12	1010	0	0	0	0
278	111	136	1038	0	0	0	0
82	18	23	1021	0	0	0	0
288	133	112	1071	0	0	0	0
3	0	5	1004	0	0	0	0
464	224	192	1066	0	0	0	0
36	28	21	1017	0	0	0	0
25	10	10	1012	0	0	0	0
20	14	8	1017	0	0	0	0
12	4	3	1005	0	0	0	0
245	100	113	1048	0	0	0	0
315	171	120	1061	0	0	0	0
31	6	3	1009	0	0	0	0
54	27	16	1013	0	0	0	0
27	8	16	1010	0	0	0	0
45	27	21	1008	0	0	0	0
8	8	2	1004	0	0	0	0
4	5	6	1006	0	0	0	0
0	0	1	1005	0	0	0	0
126	62	47	1025	0	0	0	0
0	0	1	1010	0	0	0	0
11	3	10	1005	0	0	0	0
17	10	3	1009	0	0	0	0
98	67	44	1030	0	0	0	0
111	42	55	1033	0	0	0	0
571	255	228	1104	0	0	0	0
1	0	0	1004	0	0	0	0
437	216	159	1108	0	0	0	0
420	166	163	1071	0	0	0	0
2	1	0	1004	0	0	0	0
227	82	77	1042	0	0	0	0
353	146	149	1082	0	0	0	0
281	111	114	1063	0	0	0	0
49	17	19	1014	0	0	0	0
6	2	4	1004	0	0	0	0
3	3	3	1004	0	0	0	0
83	36	32	1020	0	0	0	0
99	62	47	1030	0	0	0	0
3	1	2	1004	0	0	0	0
308	170	134	1050	0	0	0	0
14	4	1	1008	0	0	0	0
231	120	111	1040	0	0	0	0
144	93	58	1024	0	0	0	0
1	0	0	1004	0	0	0	0
161	52	64	1034	0	0	0	0
5	1	2	1009	0	0	0	0
410	135	144	1082	0	0	0	0
3	0	4	1004	0	0	0	0
343	141	108	1062	0	0	0	0
27	7	15	1011	0	0	0	0
6	1	2	1006	0	0	0	0
3	0	1	1004	0	0	0	0
368	131	151	1079	0	0	0	0
25	17	10	1016	0	0	0	0
305	148	110	1060	0	0	0	0
24	3	2	1009	0	0	0	0
345	124	122	1052	0	0	0	0
453	197	186	1064	0	0	0	0
10	2	2	1006	0	0	0	0
112	45	50	1018	0	0	0	0
138	44	44	1037	0	0	0	0
53	20	16	1010	0	0	0	0
11	2	2	1005	0	0	0	0
329	159	154	1077	0	0	0	0
207	86	92	1043	0	0	0	0
223	128	91	1036	0	0	0	0
52	25	21	1011	0	0	0	0
1	0	0	1006	0	0	0	0
16	0	2	1009	0	0	0	0
426	181	187	1062	0	0	0	0
3	2	0	1004	0	0	0	0
0	0	0	1005	0	0	0	0
1	0	0	1005	0	0	0	0
9	3	2	1005	0	0	0	0
4	1	3	1005	0	0	0	0
458	199	180	1079	0	0	0	0
323	139	141	1064	0	0	0	0
210	120	91	1053	0	0	0	0
93	40	25	1020	0	0	0	0
39	17	15	1007	0	0	0	0
323	174	138	1068	0	0	0	0
128	61	49	1039	0	0	0	0
87	44	41	1016	0	0	0	0
241	117	122	1037	0	0	0	0
13	18	6	1006	0	0	0	0
336	118	117	1081	0	0	0	0
91	41	45	1019	0	0	0	0
67	11	23	1006	0	0	0	0
207	75	81	1051	0	0	0	0
4	4	2	1006	0	0	0	0
2	0	1	1004	0	0	0	0
4	0	6	1006	0	0	0	0
60	36	27	1018	0	0	0	0
5	3	1	1007	0	0	0	0
275	119	111	1030	0	0	0	0
85	38	29	1028	0	0	0	0
0	0	2	1004	0	0	0	0
4	3	0	1007	0	0	0	0
9	4	6	1005	0	0	0	0
1	1	0	1004	0	0	0	0
105	42	48	1016	0	0	0	0
12	7	4	1010	0	0	0	0
118	56	37	1018	0	0	0	0
323	111	113	1061	0	0	0	0
32	17	18	1012	0	0	0	0
4	0	4	1007	0	0	0	0
60	28	37	1017	0	0	0	0
2	0	0	1004	0	0	0	0
178	60	55	1031	0	0	0	0
477	217	175	1086	0	0	0	0
352	190	147	1061	0	0	0	0
0	0	1	1004	0	0	0	0
7	3	2	1008	0	0	0	0
63	27	26	1019	0	0	0	0
84	43	50	1022	0	0	0	0
156	60	72	1042	0	0	0	0
4	5	1	1006	0	0	0	0
2	0	1	1004	0	0	0	0
9	6	6	1006	0	0	0	0
290	134	125	1051	0	0	0	0
4	0	0	1006	0	0	0	0
95	33	26	1026	0	0	0	0
234	106	76	1054	0	0	0	0
33	9	13	1016	0	0	0	0
7	2	3	1006	0	0	0	0
216	79	75	1063	0	0	0	0
402	169	175	1089	0	0	0	0
64	26	21	1017	0	0	0	0
67	24	29	1014	0	0	0	0
55	19	14	1008	0	0	0	0
1	0	0	1004	0	0	0	0
287	140	127	1054	0	0	0	0
2	0	0	1004	0	0	0	0
155	68	57	1021	0	0	0	0
177	96	60	1024	0	0	0	0
287	99	103	1038	0	0	0	0
279	113	108	1068	0	0	0	0
5	1	2	1004	0	0	0	0
267	119	100	1047	0	0	0	0
27	18	10	1015	0	0	0	0
38	9	13	1009	0	0	0	0
30	16	14	1009	0	0	0	0
3	0	1	1004	0	0	0	0
283	170	117	1051	0	0	0	0
72	45	23	1028	0	0	0	0
