142	84	58	3039	0	0	0	0
30	22	10	3016	0	0	0	0
219	92	71	3041	0	0	0	0
87	38	36	3025	0	0	0	0
74	36	29	3031	0	0	0	0
21	10	6	3014	0	0	0	0
11	2	8	3010	0	0	0	0
141	69	67	3038	0	0	0	0
9	10	4	3014	0	0	0	0
158	61	56	3049	0	0	0	0
189	95	96	3058	0	0	0	0
163	96	58	3053	0	0	0	0
136	88	56	3042	0	0	0	0
19	4	11	3016	0	0	0	0
192	100	65	3035	0	0	0	0
87	32	39	3016	0	0	0	0
4	1	1	3010	0	0	0	0
102	35	35	3025	0	0	0	0
45	27	15	3023	0	0	0	0
94	50	45	3034	0	0	0	0
103	40	38	3022	0	0	0	0
73	24	22	3027	0	0	0	0
193	97	77	3039	0	0	0	0
149	45	46	3037	0	0	0	0
303	145	112	3060	0	0	0	0
16	8	10	3011	0	0	0	0
4	0	0	3009	0	0	0	0
17	11	6	3012	0	0	0	0
158	83	48	3053	0	0	0	0
17	15	7	3018	0	0	0	0
228	92	96	3056	0	0	0	0
158	75	57	3043	0	0	0	0
286	124	122	3077	0	0	0	0
9	1	4	3014	0	0	0	0
96	46	47	3018	0	0	0	0
368	175	132	3081	0	0	0	0
159	47	56	3037	0	0	0	0
25	18	7	3013	0	0	0	0
120	74	49	3050	0	0	0	0
37	24	14	3014	0	0	0	0
151	79	61	3049	0	0	0	0
73	29	30	3044	0	0	0	0
307	184	136	3069	0	0	0	0
213	126	94	3059	0	0	0	0
155	77	81	3040	0	0	0	0
138	84	69	3029	0	0	0	0
337	151	111	3084	0	0	0	0
5	0	2	3009	0	0	0	0
130	56	53	3041	0	0	0	0
48	20	35	3010	0	0	0	0
80	42	35	3030	0	0	0	0
155	90	65	3039	0	0	0	0
13	13	7	3016	0	0	0	0
128	58	39	3027	0	0	0	0
74	16	20	3024	0	0	0	0
53	28	15	3026	0	0	0	0
266	126	79	3089	0	0	0	0
79	47	29	3033	0	0	0	0
90	37	34	3024	0	0	0	0
441	233	174	3091	0	0	0	0
84	63	38	3027	0	0	0	0
276	136	111	3054	0	0	0	0
157	70	76	3026	0	0	0	0
276	124	104	3080	0	0	0	0
305	123	128	3045	0	0	0	0
153	65	53	3037	0	0	0	0
17	5	11	3011	0	0	0	0
381	184	148	3065	0	0	0	0
13	3	5	3012	0	0	0	0
52	29	21	3020	0	0	0	0
331	153	122	3087	0	0	0	0
41	25	16	3021	0	0	0	0
135	66	63	3036	0	0	0	0
68	22	19	3021	0	0	0	0
267	116	122	3061	0	0	0	0
41	12	12	3019	0	0	0	0
197	78	59	3036	0	0	0	0
191	91	83	3036	0	0	0	0
197	98	76	3060	0	0	0	0
10	6	7	3017	0	0	0	0
217	136	103	3054	0	0	0	0
2	3	1	3010	0	0	0	0
4	1	3	3010	0	0	0	0
130	51	48	3044	0	0	0	0
253	84	100	3036	0	0	0	0
194	90	83	3059	0	0	0	0
223	106	82	3049	0	0	0	0
66	32	29	3026	0	0	0	0
206	107	75	3046	0	0	0	0
339	164	136	3058	0	0	0	0
138	82	68	3037	0	0	0	0
163	55	83	3023	0	0	0	0
151	65	57	3039	0	0	0	0
137	81	68	3036	0	0	0	0
51	24	22	3029	0	0	0	0
21	10	10	3013	0	0	0	0
23	2	12	3012	0	0	0	0
89	37	43	3028	0	0	0	0
85	49	29	3022	0	0	0	0
4	4	2	3009	0	0	0	0
151	101	71	3045	0	0	0	0
21	8	15	3013	0	0	0	0
172	82	84	3057	0	0	0	0
284	122	95	3064	0	0	0	0
106	48	42	3021	0	0	0	0
181	104	68	3063	0	0	0	0
87	47	27	3023	0	0	0	0
16	6	4	3010	0	0	0	0
21	17	6	3015	0	0	0	0
102	46	33	3038	0	0	0	0
156	73	60	3036	0	0	0	0
144	99	59	3040	0	0	0	0
85	35	31	3024	0	0	0	0
230	117	81	3040	0	0	0	0
360	178	128	3068	0	0	0	0
201	76	76	3041	0	0	0	0
70	29	29	3036	0	0	0	0
135	67	66	3029	0	0	0	0
206	105	69	3054	0	0	0	0
79	50	32	3021	0	0	0	0
216	83	77	3039	0	0	0	0
394	171	110	3068	0	0	0	0
31	15	12	3027	0	0	0	0
259	136	86	3047	0	0	0	0
59	30	31	3026	0	0	0	0
57	23	20	3021	0	0	0	0
67	33	23	3028	0	0	0	0
327	149	157	3090	0	0	0	0
178	93	71	3053	0	0	0	0
97	38	47	3041	0	0	0	0
12	2	5	3011	0	0	0	0
138	66	54	3048	0	0	0	0
76	35	30	3032	0	0	0	0
84	64	37	3027	0	0	0	0
15	15	6	3019	0	0	0	0
156	68	69	3035	0	0	0	0
101	28	28	3021	0	0	0	0
173	84	69	3032	0	0	0	0
11	8	9	3014	0	0	0	0
314	167	124	3068	0	0	0	0
180	83	66	3046	0	0	0	0
77	18	35	3025	0	0	0	0
128	65	47	3049	0	0	0	0
55	29	28	3020	0	0	0	0
142	81	48	3041	0	0	0	0
147	69	58	3044	0	0	0	0
171	82	76	3034	0	0	0	0
130	56	58	3029	0	0	0	0
25	10	7	3015	0	0	0	0
174	77	58	3035	0	0	0	0
77	33	21	3033	0	0	0	0
14	4	10	3009	0	0	0	0
167	68	61	3039	0	0	0	0
104	33	29	3019	0	0	0	0
135	58	43	3030	0	0	0	0
177	62	62	3023	0	0	0	0
68	29	37	3030	0	0	0	0
97	57	41	3033	0	0	0	0
231	115	90	3080	0	0	0	0
33	9	10	3017	0	0	0	0
35	9	16	3020	0	0	0	0
84	26	16	3026	0	0	0	0
71	19	32	3030	0	0	0	0
364	168	146	3077	0	0	0	0
277	117	100	3041	0	0	0	0
218	81	84	3037	0	0	0	0
8	1	1	3009	0	0	0	0
191	75	59	3042	0	0	0	0
5	2	2	3015	0	0	0	0
21	3	5	3012	0	0	0	0
106	38	31	3032	0	0	0	0
305	176	140	3082	0	0	0	0
257	128	87	3066	0	0	0	0
141	40	57	3042	0	0	0	0
315	168	117	3054	0	0	0	0
94	52	38	3030	0	0	0	0
71	41	30	3028	0	0	0	0
67	50	41	3018	0	0	0	0
245	101	104	3049	0	0	0	0
21	12	9	3018	0	0	0	0
181	69	61	3047	0	0	0	0
134	84	59	3034	0	0	0	0
20	14	7	3019	0	0	0	0
221	96	100	3054	0	0	0	0
71	39	29	3028	0	0	0	0
252	119	102	3068	0	0	0	0
296	133	114	3051	0	0	0	0
6	2	2	3010	0	0	0	0
94	39	26	3030	0	0	0	0
45	9	13	3016	0	0	0	0
297	139	132	3057	0	0	0	0
7	0	2	3010	0	0	0	0
115	71	53	3039	0	0	0	0
155	109	70	3057	0	0	0	0
110	56	42	3037	0	0	0	0
39	14	17	3016	0	0	0	0
14	4	4	3012	0	0	0	0
157	95	68	3050	0	0	0	0
125	63	34	3034	0	0	0	0
14	4	2	3010	0	0	0	0
259	125	94	3055	0	0	0	0
103	61	34	3049	0	0	0	0
122	45	52	3036	0	0	0	0
158	101	65	3032	0	0	0	0
137	56	58	3026	0	0	0	0
60	25	22	3016	0	0	0	0
359	167	120	3100	0	0	0	0
159	83	51	3042	0	0	0	0
118	53	41	3031	0	0	0	0
147	70	41	3048	0	0	0	0
291	136	114	3076	0	0	0	0
155	70	62	3034	0	0	0	0
6	1	4	3011	0	0	0	0
383	166	161	3076	0	0	0	0
20	14	5	3014	0	0	0	0
93	64	52	3028	0	0	0	0
60	36	20	3031	0	0	0	0
45	26	23	3020	0	0	0	0
207	122	97	3056	0	0	0	0
110	59	40	3030	0	0	0	0
62	13	20	3024	0	0	0	0
26	8	10	3014	0	0	0	0
131	66	43	3032	0	0	0	0
23	12	10	3014	0	0	0	0
28	9	18	3012	0	0	0	0
147	64	75	3029	0	0	0	0
122	63	40	3031	0	0	0	0
101	33	63	3033	0	0	0	0
113	44	49	3035	0	0	0	0
295	164	107	3080	0	0	0	0
26	14	12	3017	0	0	0	0
353	177	132	3111	0	0	0	0
164	100	69	3049	0	0	0	0
101	64	47	3030	0	0	0	0
72	42	29	3031	0	0	0	0
117	48	36	3032	0	0	0	0
203	91	70	3058	0	0	0	0
116	66	48	3026	0	0	0	0
53	16	17	3021	0	0	0	0
69	34	34	3021	0	0	0	0
192	82	77	3044	0	0	0	0
139	51	63	3027	0	0	0	0
159	64	86	3045	0	0	0	0
5	0	0	3012	0	0	0	0
125	48	43	3044	0	0	0	0
240	100	84	3051	0	0	0	0
39	20	7	3018	0	0	0	0
214	84	83	3032	0	0	0	0
208	83	75	3053	0	0	0	0
112	52	44	3027	0	0	0	0
8	3	9	3014	0	0	0	0
67	51	26	3030	0	0	0	0
3	1	3	3012	0	0	0	0
220	85	83	3052	0	0	0	0
132	50	43	3034	0	0	0	0
109	41	42	3032	0	0	0	0
30	17	12	3018	0	0	0	0
49	20	31	3019	0	0	0	0
160	83	60	3038	0	0	0	0
33	15	5	3025	0	0	0	0
24	10	3	3016	0	0	0	0
24	13	9	3012	0	0	0	0
169	67	76	3042	0	0	0	0
400	177	178	3068	0	0	0	0
227	82	73	3043	0	0	0	0
161	82	61	3044	0	0	0	0
45	9	15	3020	0	0	0	0
239	139	83	3064	0	0	0	0
127	63	46	3022	0	0	0	0
119	38	37	3021	0	0	0	0
285	157	114	3058	0	0	0	0
207	97	81	3053	0	0	0	0
70	38	15	3029	0	0	0	0
226	118	93	3045	0	0	0	0
8	9	6	3011	0	0	0	0
16	10	4	3011	0	0	0	0
144	85	75	3048	0	0	0	0
108	67	62	3027	0	0	0	0
56	28	23	3028	0	0	0	0
49	14	13	3021	0	0	0	0
17	5	1	3015	0	0	0	0
95	30	24	3021	0	0	0	0
108	41	51	3023	0	0	0	0
167	98	63	3057	0	0	0	0
12	2	4	3009	0	0	0	0
390	167	144	3088	0	0	0	0
17	5	5	3014	0	0	0	0
7	1	2	3009	0	0	0	0
40	14	17	3017	0	0	0	0
39	14	18	3020	0	0	0	0
127	63	51	3026	0	0	0	0
81	36	33	3030	0	0	0	0
143	73	48	3040	0	0	0	0
105	58	40	3022	0	0	0	0
89	34	49	3036	0	0	0	0
228	105	67	3066	0	0	0	0
116	55	30	3025	0	0	0	0
63	17	27	3027	0	0	0	0
232	122	112	3060	0	0	0	0
143	88	53	3032	0	0	0	0
77	31	29	3025	0	0	0	0
107	24	37	3036	0	0	0	0
8	2	8	3015	0	0	0	0
64	39	21	3020	0	0	0	0
103	57	45	3053	0	0	0	0
113	41	47	3034	0	0	0	0
116	64	49	3036	0	0	0	0
34	13	16	3018	0	0	0	0
204	115	76	3051	0	0	0	0
25	15	15	3019	0	0	0	0
12	4	4	3020	0	0	0	0
190	118	66	3041	0	0	0	0
121	64	42	3040	0	0	0	0
54	30	26	3019	0	0	0	0
116	41	54	3039	0	0	0	0
48	31	18	3024	0	0	0	0
386	154	152	3068	0	0	0	0
1	0	0	3012	0	0	0	0
27	17	19	3019	0	0	0	0
23	4	2	3019	0	0	0	0
173	110	75	3027	0	0	0	0
174	76	63	3041	0	0	0	0
164	53	41	3040	0	0	0	0
117	77	34	3034	0	0	0	0
101	54	39	3048	0	0	0	0
119	65	48	3042	0	0	0	0
59	28	18	3023	0	0	0	0
238	153	87	3045	0	0	0	0
150	79	65	3036	0	0	0	0
76	29	23	3026	0	0	0	0
62	26	25	3022	0	0	0	0
33	6	17	3018	0	0	0	0
202	102	95	3044	0	0	0	0
122	94	58	3055	0	0	0	0
58	28	15	3020	0	0	0	0
112	52	36	3027	0	0	0	0
139	61	63	3043	0	0	0	0
84	34	41	3039	0	0	0	0
154	88	64	3043	0	0	0	0
233	103	79	3064	0	0	0	0
63	28	22	3019	0	0	0	0
73	38	22	3024	0	0	0	0
16	11	5	3019	0	0	0	0
184	72	78	3057	0	0	0	0
69	38	26	3016	0	0	0	0
297	108	105	3073	0	0	0	0
42	22	16	3020	0	0	0	0
41	24	33	3029	0	0	0	0
98	57	57	3051	0	0	0	0
197	97	90	3042	0	0	0	0
71	35	31	3024	0	0	0	0
2	2	3	3011	0	0	0	0
202	84	98	3044	0	0	0	0
38	23	19	3021	0	0	0	0
203	87	71	3052	0	0	0	0
25	5	7	3016	0	0	0	0
67	34	18	3019	0	0	0	0
116	67	55	3037	0	0	0	0
38	22	21	3021	0	0	0	0
133	61	42	3048	0	0	0	0
290	140	122	3072	0	0	0	0
263	116	98	3054	0	0	0	0
80	42	31	3050	0	0	0	0
22	6	5	3012	0	0	0	0
2	0	0	3009	0	0	0	0
84	23	45	3033	0	0	0	0
205	107	84	3059	0	0	0	0
110	38	35	3040	0	0	0	0
49	27	23	3026	0	0	0	0
77	28	32	3017	0	0	0	0
111	87	45	3025	0	0	0	0
280	145	111	3070	0	0	0	0
175	98	76	3051	0	0	0	0
6	0	1	3014	0	0	0	0
45	17	13	3026	0	0	0	0
55	35	26	3024	0	0	0	0
13	2	6	3013	0	0	0	0
203	126	84	3061	0	0	0	0
127	58	52	3058	0	0	0	0
200	81	82	3057	0	0	0	0
99	69	33	3042	0	0	0	0
67	34	31	3026	0	0	0	0
144	71	54	3041	0	0	0	0
241	110	78	3046	0	0	0	0
115	55	45	3032	0	0	0	0
19	13	5	3016	0	0	0	0
160	71	62	3038	0	0	0	0
58	13	26	3025	0	0	0	0
27	6	12	3017	0	0	0	0
18	13	7	3013	0	0	0	0
217	104	93	3041	0	0	0	0
17	9	13	3015	0	0	0	0
67	13	32	3025	0	0	0	0
7	2	2	3018	0	0	0	0
125	45	33	3038	0	0	0	0
166	61	54	3038	0	0	0	0
134	64	68	3039	0	0	0	0
234	98	99	3050	0	0	0	0
10	2	1	3009	0	0	0	0
74	25	23	3021	0	0	0	0
186	68	59	3058	0	0	0	0
259	98	97	3078	0	0	0	0
9	1	6	3009	0	0	0	0
137	48	58	3043	0	0	0	0
213	92	84	3062	0	0	0	0
39	22	20	3023	0	0	0	0
150	95	57	3022	0	0	0	0
17	1	6	3018	0	0	0	0
188	108	70	3043	0	0	0	0
196	121	86	3037	0	0	0	0
127	53	45	3039	0	0	0	0
234	77	61	3050	0	0	0	0
29	12	14	3014	0	0	0	0
73	25	19	3023	0	0	0	0
11	2	4	3009	0	0	0	0
59	19	16	3020	0	0	0	0
113	51	44	3025	0	0	0	0
149	95	58	3040	0	0	0	0
29	10	8	3015	0	0	0	0
17	8	5	3016	0	0	0	0
3	1	5	3010	0	0	0	0
31	10	12	3021	0	0	0	0
263	150	101	3040	0	0	0	0
307	111	126	3077	0	0	0	0
208	101	82	3052	0	0	0	0
6	1	3	3011	0	0	0	0
179	70	76	3027	0	0	0	0
217	95	82	3087	0	0	0	0
97	40	45	3035	0	0	0	0
41	17	14	3022	0	0	0	0
2	3	2	3009	0	0	0	0
197	95	79	3053	0	0	0	0
69	38	20	3031	0	0	0	0
170	84	60	3036	0	0	0	0
18	8	2	3017	0	0	0	0
54	14	27	3019	0	0	0	0
200	76	80	3066	0	0	0	0
162	84	97	3036	0	0	0	0
34	7	13	3021	0	0	0	0
191	88	59	3050	0	0	0	0
266	162	122	3068	0	0	0	0
4	3	1	3009	0	0	0	0
7	2	0	3013	0	0	0	0
15	5	4	3017	0	0	0	0
53	11	18	3021	0	0	0	0
117	48	33	3038	0	0	0	0
52	21	16	3024	0	0	0	0
269	142	144	3066	0	0	0	0
27	7	6	3015	0	0	0	0
237	88	85	3043	0	0	0	0
108	48	61	3022	0	0	0	0
8	3	0	3018	0	0	0	0
248	107	96	3049	0	0	0	0
32	10	14	3012	0	0	0	0
76	44	32	3019	0	0	0	0
51	18	24	3032	0	0	0	0
62	41	24	3036	0	0	0	0
297	142	136	3048	0	0	0	0
22	5	5	3013	0	0	0	0
122	61	48	3039	0	0	0	0
96	78	40	3037	0	0	0	0
69	37	21	3025	0	0	0	0
191	81	81	3030	0	0	0	0
363	143	130	3057	0	0	0	0
78	37	20	3016	0	0	0	0
71	36	34	3031	0	0	0	0
143	75	41	3046	0	0	0	0
347	220	163	3084	0	0	0	0
91	47	27	3036	0	0	0	0
74	44	22	3025	0	0	0	0
8	0	9	3010	0	0	0	0
35	21	17	3022	0	0	0	0
22	12	8	3017	0	0	0	0
227	78	78	3046	0	0	0	0
379	170	138	3079	0	0	0	0
19	3	4	3015	0	0	0	0
286	112	100	3091	0	0	0	0
19	7	10	3014	0	0	0	0
157	85	55	3032	0	0	0	0
21	9	7	3015	0	0	0	0
125	87	56	3028	0	0	0	0
155	92	62	3024	0	0	0	0
104	67	47	3031	0	0	0	0
44	21	12	3017	0	0	0	0
219	83	94	3066	0	0	0	0
407	197	127	3082	0	0	0	0
101	46	45	3023	0	0	0	0
132	62	78	3033	0	0	0	0
248	110	90	3050	0	0	0	0
247	86	73	3060	0	0	0	0
14	7	8	3018	0	0	0	0
60	29	26	3021	0	0	0	0
137	58	63	3035	0	0	0	0
75	31	24	3023	0	0	0	0
18	6	7	3019	0	0	0	0
16	8	11	3016	0	0	0	0
87	53	34	3025	0	0	0	0
3	0	5	3009	0	0	0	0
280	150	124	3056	0	0	0	0
114	52	37	3027	0	0	0	0
75	53	27	3035	0	0	0	0
68	45	25	3020	0	0	0	0
52	31	17	3027	0	0	0	0
101	58	41	3028	0	0	0	0
44	9	11	3026	0	0	0	0
22	9	7	3017	0	0	0	0
71	32	30	3034	0	0	0	0
251	118	80	3058	0	0	0	0
141	76	48	3031	0	0	0	0
42	31	11	3027	0	0	0	0
58	19	20	3022	0	0	0	0
193	90	85	3048	0	0	0	0
20	4	5	3019	0	0	0	0
46	27	15	3024	0	0	0	0
27	15	11	3010	0	0	0	0
79	30	29	3030	0	0	0	0
35	18	13	3017	0	0	0	0
81	28	31	3029	0	0	0	0
56	24	20	3029	0	0	0	0
187	111	91	3036	0	0	0	0
96	41	32	3040	0	0	0	0
193	121	65	3049	0	0	0	0
147	72	49	3035	0	0	0	0
253	113	105	3058	0	0	0	0
60	30	20	3026	0	0	0	0
133	72	65	3042	0	0	0	0
40	15	12	3018	0	0	0	0
102	82	46	3031	0	0	0	0
59	24	39	3031	0	0	0	0
80	32	26	3035	0	0	0	0
121	53	64	3028	0	0	0	0
125	69	50	3035	0	0	0	0
18	12	10	3011	0	0	0	0
82	56	33	3031	0	0	0	0
86	50	35	3027	0	0	0	0
44	16	21	3020	0	0	0	0
166	79	69	3041	0	0	0	0
52	9	12	3025	0	0	0	0
139	68	79	3051	0	0	0	0
219	101	91	3046	0	0	0	0
9	3	4	3009	0	0	0	0
88	31	34	3032	0	0	0	0
86	37	35	3027	0	0	0	0
104	76	33	3034	0	0	0	0
26	12	20	3020	0	0	0	0
3	1	3	3010	0	0	0	0
154	95	49	3045	0	0	0	0
15	5	12	3016	0	0	0	0
97	56	55	3027	0	0	0	0
257	124	99	3055	0	0	0	0
138	63	38	3043	0	0	0	0
74	42	24	3030	0	0	0	0
34	10	11	3014	0	0	0	0
126	50	44	3046	0	0	0	0
174	68	54	3049	0	0	0	0
13	3	1	3013	0	0	0	0
50	25	20	3030	0	0	0	0
125	53	49	3046	0	0	0	0
109	48	35	3036	0	0	0	0
63	33	27	3035	0	0	0	0
51	38	16	3023	0	0	0	0
327	159	114	3074	0	0	0	0
145	63	45	3032	0	0	0	0
66	33	31	3029	0	0	0	0
169	70	53	3062	0	0	0	0
13	3	2	3010	0	0	0	0
151	69	55	3049	0	0	0	0
140	70	46	3041	0	0	0	0
38	12	10	3025	0	0	0	0
202	115	87	3044	0	0	0	0
234	106	78	3053	0	0	0	0
77	35	26	3014	0	0	0	0
25	6	3	3016	0	0	0	0
10	6	3	3010	0	0	0	0
26	5	11	3015	0	0	0	0
57	18	21	3024	0	0	0	0
112	56	51	3034	0	0	0	0
87	55	45	3031	0	0	0	0
31	10	10	3016	0	0	0	0
109	54	48	3028	0	0	0	0
94	62	46	3026	0	0	0	0
24	4	3	3016	0	0	0	0
127	64	52	3056	0	0	0	0
79	28	24	3021	0	0	0	0
25	20	14	3009	0	0	0	0
51	14	18	3017	0	0	0	0
15	5	14	3010	0	0	0	0
229	90	89	3065	0	0	0	0
285	160	122	3080	0	0	0	0
183	93	66	3029	0	0	0	0
9	4	9	3015	0	0	0	0
254	73	101	3063	0	0	0	0
138	64	65	3043	0	0	0	0
22	11	4	3015	0	0	0	0
76	29	25	3034	0	0	0	0
279	148	103	3054	0	0	0	0
37	21	13	3018	0	0	0	0
16	3	4	3013	0	0	0	0
84	48	32	3022	0	0	0	0
201	81	93	3034	0	0	0	0
60	27	27	3032	0	0	0	0
61	41	15	3031	0	0	0	0
76	35	35	3018	0	0	0	0
92	41	35	3025	0	0	0	0
114	57	49	3040	0	0	0	0
70	43	28	3017	0	0	0	0
131	56	40	3030	0	0	0	0
42	11	23	3018	0	0	0	0
44	16	17	3016	0	0	0	0
31	7	6	3013	0	0	0	0
42	26	22	3016	0	0	0	0
222	146	82	3053	0	0	0	0
33	16	19	3020	0	0	0	0
24	6	13	3012	0	0	0	0
10	0	1	3010	0	0	0	0
13	2	3	3017	0	0	0	0
99	39	40	3035	0	0	0	0
58	32	26	3019	0	0	0	0
27	14	14	3018	0	0	0	0
228	109	100	3069	0	0	0	0
59	9	23	3027	0	0	0	0
89	54	47	3033	0	0	0	0
123	88	41	3036	0	0	0	0
173	76	58	3039	0	0	0	0
36	16	20	3013	0	0	0	0
108	55	63	3031	0	0	0	0
39	30	22	3020	0	0	0	0
96	59	46	3027	0	0	0	0
26	9	11	3015	0	0	0	0
10	1	3	3013	0	0	0	0
51	30	18	3023	0	0	0	0
279	126	100	3060	0	0	0	0
52	35	33	3023	0	0	0	0
98	60	49	3022	0	0	0	0
36	21	14	3013	0	0	0	0
216	83	85	3043	0	0	0	0
22	7	5	3013	0	0	0	0
272	118	104	3074	0	0	0	0
286	101	91	3068	0	0	0	0
274	149	116	3064	0	0	0	0
168	65	50	3040	0	0	0	0
12	14	5	3020	0	0	0	0
214	72	71	3033	0	0	0	0
220	74	88	3054	0	0	0	0
38	9	17	3019	0	0	0	0
48	21	22	3018	0	0	0	0
136	83	52	3032	0	0	0	0
90	33	36	3026	0	0	0	0
142	58	86	3041	0	0	0	0
40	18	16	3020	0	0	0	0
157	82	71	3043	0	0	0	0
60	23	28	3022	0	0	0	0
42	26	22	3021	0	0	0	0
25	14	4	3027	0	0	0	0
238	133	72	3036	0	0	0	0
240	128	95	3060	0	0	0	0
30	7	13	3023	0	0	0	0
19	12	8	3016	0	0	0	0
97	29	30	3023	0	0	0	0
297	133	136	3072	0	0	0	0
12	13	7	3010	0	0	0	0
202	102	68	3034	0	0	0	0
257	151	128	3061	0	0	0	0
127	52	39	3037	0	0	0	0
11	4	6	3010	0	0	0	0
266	101	105	3049	0	0	0	0
30	23	12	3021	0	0	0	0
123	64	54	3028	0	0	0	0
230	106	85	3055	0	0	0	0
185	82	64	3036	0	0	0	0
106	57	37	3033	0	0	0	0
15	7	4	3010	0	0	0	0
158	46	62	3039	0	0	0	0
258	115	103	3051	0	0	0	0
167	61	58	3050	0	0	0	0
264	151	116	3051	0	0	0	0
26	9	3	3014	0	0	0	0
18	4	6	3018	0	0	0	0
59	33	26	3019	0	0	0	0
134	88	71	3043	0	0	0	0
130	78	62	3036	0	0	0	0
176	113	70	3052	0	0	0	0
260	109	95	3044	0	0	0	0
260	112	96	3049	0	0	0	0
295	169	116	3083	0	0	0	0
13	7	3	3011	0	0	0	0
115	42	42	3035	0	0	0	0
182	89	63	3050	0	0	0	0
51	32	21	3022	0	0	0	0
234	83	120	3059	0	0	0	0
41	14	23	3021	0	0	0	0
124	74	68	3048	0	0	0	0
81	15	26	3028	0	0	0	0
96	46	39	3019	0	0	0	0
127	50	53	3027	0	0	0	0
102	43	41	3035	0	0	0	0
178	76	65	3040	0	0	0	0
81	25	31	3018	0	0	0	0
31	14	17	3019	0	0	0	0
257	107	87	3066	0	0	0	0
100	40	32	3031	0	0	0	0
152	52	72	3041	0	0	0	0
373	168	119	3066	0	0	0	0
5	3	2	3010	0	0	0	0
327	136	101	3073	0	0	0	0
170	64	63	3042	0	0	0	0
104	59	47	3020	0	0	0	0
15	7	5	3011	0	0	0	0
174	84	92	3032	0	0	0	0
46	8	8	3025	0	0	0	0
440	170	160	3094	0	0	0	0
63	21	30	3025	0	0	0	0
3	1	4	3010	0	0	0	0
7	6	7	3019	0	0	0	0
184	98	72	3049	0	0	0	0
6	4	1	3011	0	0	0	0
61	28	18	3021	0	0	0	0
319	153	126	3077	0	0	0	0
15	5	3	3019	0	0	0	0
88	44	34	3023	0	0	0	0
148	60	54	3026	0	0	0	0
19	3	5	3013	0	0	0	0
65	32	22	3018	0	0	0	0
5	1	4	3013	0	0	0	0
49	16	21	3014	0	0	0	0
62	40	29	3036	0	0	0	0
136	67	59	3031	0	0	0	0
101	39	33	3025	0	0	0	0
245	91	88	3067	0	0	0	0
337	148	110	3089	0	0	0	0
105	59	42	3026	0	0	0	0
245	117	103	3049	0	0	0	0
35	14	12	3015	0	0	0	0
135	61	44	3047	0	0	0	0
13	4	2	3016	0	0	0	0
364	173	154	3084	0	0	0	0
215	100	81	3046	0	0	0	0
214	98	88	3050	0	0	0	0
299	123	120	3052	0	0	0	0
15	8	3	3016	0	0	0	0
175	79	61	3032	0	0	0	0
13	5	3	3012	0	0	0	0
164	64	45	3033	0	0	0	0
160	102	73	3032	0	0	0	0
75	37	27	3034	0	0	0	0
197	69	101	3046	0	0	0	0
51	11	12	3028	0	0	0	0
7	1	3	3013	0	0	0	0
78	29	37	3030	0	0	0	0
95	54	36	3030	0	0	0	0
251	123	95	3071	0	0	0	0
51	34	19	3021	0	0	0	0
27	18	5	3022	0	0	0	0
91	42	31	3028	0	0	0	0
90	27	31	3022	0	0	0	0
90	43	44	3029	0	0	0	0
144	67	61	3037	0	0	0	0
329	162	131	3059	0	0	0	0
62	31	38	3027	0	0	0	0
62	52	37	3024	0	0	0	0
8	1	4	3012	0	0	0	0
208	127	72	3051	0	0	0	0
74	39	31	3020	0	0	0	0
139	84	54	3036	0	0	0	0
135	70	55	3032	0	0	0	0
92	35	23	3026	0	0	0	0
203	106	80	3050	0	0	0	0
100	40	28	3031	0	0	0	0
25	13	13	3017	0	0	0	0
146	55	55	3039	0	0	0	0
23	9	9	3013	0	0	0	0
83	36	41	3031	0	0	0	0
33	13	13	3014	0	0	0	0
68	25	32	3018	0	0	0	0
140	70	60	3047	0	0	0	0
13	3	5	3012	0	0	0	0
51	25	21	3012	0	0	0	0
157	61	80	3055	0	0	0	0
76	37	23	3034	0	0	0	0
279	118	74	3065	0	0	0	0
184	79	79	3061	0	0	0	0
59	30	34	3012	0	0	0	0
13	4	7	3011	0	0	0	0
62	21	26	3018	0	0	0	0
313	167	153	3075	0	0	0	0
4	1	2	3012	0	0	0	0
129	41	45	3033	0	0	0	0
186	66	66	3041	0	0	0	0
42	9	13	3019	0	0	0	0
19	13	4	3019	0	0	0	0
209	80	90	3060	0	0	0	0
38	19	13	3013	0	0	0	0
160	65	63	3021	0	0	0	0
104	74	31	3054	0	0	0	0
35	7	17	3015	0	0	0	0
171	81	74	3037	0	0	0	0
7	6	0	3012	0	0	0	0
302	175	120	3066	0	0	0	0
171	65	69	3043	0	0	0	0
225	102	92	3050	0	0	0	0
95	67	58	3026	0	0	0	0
202	102	95	3049	0	0	0	0
120	45	51	3031	0	0	0	0
160	59	61	3042	0	0	0	0
177	72	88	3053	0	0	0	0
201	79	86	3037	0	0	0	0
30	17	16	3015	0	0	0	0
28	12	7	3021	0	0	0	0
4	0	1	3010	0	0	0	0
151	97	62	3043	0	0	0	0
49	29	17	3028	0	0	0	0
355	178	138	3101	0	0	0	0
173	96	67	3045	0	0	0	0
60	25	22	3022	0	0	0	0
12	8	10	3011	0	0	0	0
149	64	46	3030	0	0	0	0
4	1	1	3011	0	0	0	0
6	5	3	3014	0	0	0	0
244	115	77	3072	0	0	0	0
94	44	28	3027	0	0	0	0
171	89	62	3050	0	0	0	0
14	9	5	3017	0	0	0	0
9	1	5	3017	0	0	0	0
137	90	66	3028	0	0	0	0
3	2	3	3013	0	0	0	0
214	136	100	3053	0	0	0	0
183	86	76	3058	0	0	0	0
6	2	4	3014	0	0	0	0
401	162	164	3104	0	0	0	0
120	44	45	3032	0	0	0	0
59	28	20	3025	0	0	0	0
83	29	44	3035	0	0	0	0
75	47	30	3027	0	0	0	0
30	14	8	3016	0	0	0	0
7	1	3	3012	0	0	0	0
38	16	11	3033	0	0	0	0
65	22	21	3017	0	0	0	0
56	27	34	3025	0	0	0	0
162	86	52	3040	0	0	0	0
9	4	1	3013	0	0	0	0
33	13	14	3014	0	0	0	0
54	15	8	3019	0	0	0	0
311	186	129	3091	0	0	0	0
237	81	77	3034	0	0	0	0
12	2	4	3016	0	0	0	0
207	102	87	3045	0	0	0	0
57	30	33	3018	0	0	0	0
39	10	5	3022	0	0	0	0
248	131	120	3065	0	0	0	0
28	21	17	3016	0	0	0	0
117	57	54	3023	0	0	0	0
128	53	44	3035	0	0	0	0
161	88	63	3038	0	0	0	0
83	40	33	3028	0	0	0	0
25	21	5	3021	0	0	0	0
67	28	29	3022	0	0	0	0
18	7	3	3014	0	0	0	0
45	23	19	3021	0	0	0	0
258	147	98	3048	0	0	0	0
203	123	100	3055	0	0	0	0
79	41	26	3021	0	0	0	0
15	10	6	3014	0	0	0	0
20	5	6	3015	0	0	0	0
199	97	107	3057	0	0	0	0
131	67	61	3029	0	0	0	0
178	95	70	3038	0	0	0	0
13	4	4	3011	0	0	0	0
174	42	60	3040	0	0	0	0
124	69	61	3040	0	0	0	0
217	112	96	3046	0	0	0	0
219	140	99	3038	0	0	0	0
53	23	43	3026	0	0	0	0
53	24	10	3034	0	0	0	0
7	1	4	3012	0	0	0	0
346	135	126	3081	0	0	0	0
182	97	71	3059	0	0	0	0
29	1	4	3016	0	0	0	0
66	35	29	3032	0	0	0	0
5	1	4	3010	0	0	0	0
22	5	6	3012	0	0	0	0
122	57	32	3046	0	0	0	0
74	22	30	3024	0	0	0	0
92	31	23	3029	0	0	0	0
292	138	106	3039	0	0	0	0
42	4	17	3016	0	0	0	0
164	76	58	3043	0	0	0	0
83	38	41	3028	0	0	0	0
159	91	71	3038	0	0	0	0
167	90	73	3028	0	0	0	0
167	86	102	3043	0	0	0	0
166	90	59	3038	0	0	0	0
81	39	19	3020	0	0	0	0
80	54	33	3027	0	0	0	0
235	109	102	3045	0	0	0	0
124	77	52	3030	0	0	0	0
46	10	14	3025	0	0	0	0
87	64	26	3034	0	0	0	0
3	0	2	3011	0	0	0	0
180	91	77	3055	0	0	0	0
72	26	17	3028	0	0	0	0
14	4	5	3011	0	0	0	0
7	1	4	3011	0	0	0	0
175	92	59	3029	0	0	0	0
129	48	65	3030	0	0	0	0
38	18	15	3016	0	0	0	0
82	36	45	3031	0	0	0	0
109	49	43	3038	0	0	0	0
98	29	37	3018	0	0	0	0
232	114	105	3045	0	0	0	0
75	30	28	3029	0	0	0	0
297	115	128	3076	0	0	0	0
33	5	7	3016	0	0	0	0
254	126	104	3056	0	0	0	0
164	62	65	3034	0	0	0	0
241	101	94	3047	0	0	0	0
58	28	24	3033	0	0	0	0
106	36	29	3024	0	0	0	0
207	85	87	3038	0	0	0	0
109	91	58	3039	0	0	0	0
234	125	107	3058	0	0	0	0
140	72	73	3036	0	0	0	0
230	102	87	3052	0	0	0	0
58	12	24	3022	0	0	0	0
158	103	59	3045	0	0	0	0
60	13	30	3027	0	0	0	0
16	13	3	3011	0	0	0	0
82	41	44	3023	0	0	0	0
168	81	71	3036	0	0	0	0
251	115	67	3043	0	0	0	0
139	59	41	3044	0	0	0	0
280	126	113	3062	0	0	0	0
308	158	96	3067	0	0	0	0
110	42	54	3043	0	0	0	0
116	64	64	3026	0	0	0	0
35	11	9	3018	0	0	0	0
188	66	67	3066	0	0	0	0
59	35	34	3020	0	0	0	0
27	19	12	3018	0	0	0	0
35	9	6	3015	0	0	0	0
120	92	72	3044	0	0	0	0
56	25	36	3022	0	0	0	0
188	90	97	3048	0	0	0	0
33	8	9	3013	0	0	0	0
148	72	66	3038	0	0	0	0
121	71	43	3030	0	0	0	0
7	4	2	3013	0	0	0	0
301	168	118	3070	0	0	0	0
52	19	23	3014	0	0	0	0
99	45	35	3039	0	0	0	0
148	69	48	3048	0	0	0	0
150	76	57	3032	0	0	0	0
12	9	8	3015	0	0	0	0
57	20	25	3023	0	0	0	0
216	97	92	3042	0	0	0	0
106	63	48	3037	0	0	0	0
148	68	53	3032	0	0	0	0
146	70	67	3047	0	0	0	0
264	115	93	3052	0	0	0	0
34	14	17	3024	0	0	0	0
246	111	89	3043	0	0	0	0
59	37	30	3025	0	0	0	0
50	33	16	3021	0	0	0	0
263	108	97	3054	0	0	0	0
192	87	81	3055	0	0	0	0
55	37	21	3026	0	0	0	0
33	16	15	3022	0	0	0	0
132	70	63	3032	0	0	0	0
148	57	59	3052	0	0	0	0
302	161	107	3062	0	0	0	0
196	82	73	3049	0	0	0	0
47	19	19	3022	0	0	0	0
6	2	0	3014	0	0	0	0
82	18	31	3030	0	0	0	0
188	114	81	3036	0	0	0	0
49	17	14	3021	0	0	0	0
85	49	33	3029	0	0	0	0
14	6	7	3016	0	0	0	0
174	89	83	3033	0	0	0	0
158	74	62	3050	0	0	0	0
85	51	43	3033	0	0	0	0
20	8	7	3016	0	0	0	0
123	73	49	3035	0	0	0	0
160	103	58	3045	0	0	0	0
189	89	73	3047	0	0	0	0
393	187	171	3078	0	0	0	0
18	10	13	3019	0	0	0	0
93	31	48	3027	0	0	0	0
123	52	44	3035	0	0	0	0
138	75	36	3053	0	0	0	0
98	41	32	3040	0	0	0	0
120	50	34	3035	0	0	0	0
30	7	10	3019	0	0	0	0
47	29	23	3028	0	0	0	0
171	71	83	3031	0	0	0	0
19	4	4	3009	0	0	0	0
48	13	16	3015	0	0	0	0
16	3	5	3015	0	0	0	0
15	0	8	3013	0	0	0	0
33	14	8	3016	0	0	0	0
99	33	26	3022	0	0	0	0
