127	52	47	3045	0	0	0	0
22	12	5	3015	0	0	0	0
74	40	30	3034	0	0	0	0
62	24	21	3022	0	0	0	0
38	29	20	3017	0	0	0	0
21	8	6	3014	0	0	0	0
10	1	8	3010	0	0	0	0
221	67	75	3059	0	0	0	0
9	10	4	3014	0	0	0	0
173	58	58	3045	0	0	0	0
48	15	22	3047	0	0	0	0
37	16	19	3024	0	0	0	0
132	51	43	3044	0	0	0	0
14	1	9	3016	0	0	0	0
96	47	39	3023	0	0	0	0
18	5	6	3013	0	0	0	0
4	1	1	3010	0	0	0	0
106	49	36	3024	0	0	0	0
70	33	33	3030	0	0	0	0
87	33	24	3029	0	0	0	0
34	13	13	3016	0	0	0	0
91	31	30	3035	0	0	0	0
115	40	56	3029	0	0	0	0
69	26	27	3022	0	0	0	0
97	25	30	3031	0	0	0	0
15	7	10	3011	0	0	0	0
4	0	0	3009	0	0	0	0
12	10	3	3012	0	0	0	0
146	80	55	3052	0	0	0	0
17	13	7	3018	0	0	0	0
174	76	61	3045	0	0	0	0
46	34	19	3024	0	0	0	0
137	76	51	3055	0	0	0	0
9	1	4	3014	0	0	0	0
148	77	55	3017	0	0	0	0
177	72	80	3051	0	0	0	0
28	11	12	3021	0	0	0	0
23	13	5	3014	0	0	0	0
82	43	29	3030	0	0	0	0
41	15	14	3013	0	0	0	0
96	38	32	3051	0	0	0	0
76	40	35	3040	0	0	0	0
228	61	73	3055	0	0	0	0
119	47	50	3030	0	0	0	0
88	37	47	3018	0	0	0	0
146	65	70	3040	0	0	0	0
141	49	38	3034	0	0	0	0
5	0	2	3009	0	0	0	0
92	37	34	3025	0	0	0	0
38	5	27	3009	0	0	0	0
79	43	18	3034	0	0	0	0
39	26	18	3020	0	0	0	0
13	13	7	3016	0	0	0	0
210	77	76	3047	0	0	0	0
71	21	27	3023	0	0	0	0
84	37	23	3037	0	0	0	0
124	57	58	3053	0	0	0	0
74	46	30	3030	0	0	0	0
122	57	50	3032	0	0	0	0
181	84	84	3060	0	0	0	0
94	54	46	3030	0	0	0	0
160	62	76	3032	0	0	0	0
54	19	21	3015	0	0	0	0
195	99	74	3060	0	0	0	0
244	104	105	3039	0	0	0	0
100	46	40	3032	0	0	0	0
16	5	13	3011	0	0	0	0
47	11	28	3016	0	0	0	0
13	3	5	3012	0	0	0	0
37	22	11	3024	0	0	0	0
192	128	101	3072	0	0	0	0
40	17	17	3022	0	0	0	0
19	10	8	3016	0	0	0	0
66	10	26	3028	0	0	0	0
97	36	38	3028	0	0	0	0
36	10	11	3018	0	0	0	0
201	112	86	3027	0	0	0	0
116	49	38	3022	0	0	0	0
44	28	14	3028	0	0	0	0
10	6	7	3017	0	0	0	0
82	34	40	3026	0	0	0	0
2	3	1	3010	0	0	0	0
4	1	3	3010	0	0	0	0
187	83	72	3044	0	0	0	0
239	65	81	3044	0	0	0	0
215	75	80	3073	0	0	0	0
92	45	35	3036	0	0	0	0
35	19	13	3018	0	0	0	0
216	83	89	3044	0	0	0	0
159	63	59	3039	0	0	0	0
105	47	41	3024	0	0	0	0
64	32	41	3017	0	0	0	0
36	11	7	3021	0	0	0	0
59	31	31	3023	0	0	0	0
65	21	22	3025	0	0	0	0
21	10	10	3013	0	0	0	0
23	2	12	3012	0	0	0	0
101	23	30	3021	0	0	0	0
155	78	62	3051	0	0	0	0
4	4	2	3009	0	0	0	0
201	63	69	3044	0	0	0	0
21	8	15	3013	0	0	0	0
113	51	49	3053	0	0	0	0
139	63	58	3045	0	0	0	0
106	47	35	3022	0	0	0	0
164	69	59	3051	0	0	0	0
61	26	29	3015	0	0	0	0
16	6	4	3010	0	0	0	0
19	13	6	3015	0	0	0	0
188	116	91	3042	0	0	0	0
112	52	38	3037	0	0	0	0
131	67	64	3028	0	0	0	0
161	57	74	3043	0	0	0	0
249	102	100	3051	0	0	0	0
216	115	73	3037	0	0	0	0
110	39	59	3038	0	0	0	0
76	25	25	3034	0	0	0	0
80	24	27	3027	0	0	0	0
213	83	62	3048	0	0	0	0
30	11	9	3016	0	0	0	0
104	18	28	3030	0	0	0	0
211	108	94	3030	0	0	0	0
49	33	20	3032	0	0	0	0
81	41	34	3030	0	0	0	0
69	31	30	3028	0	0	0	0
43	20	17	3019	0	0	0	0
85	29	32	3026	0	0	0	0
404	158	145	3089	0	0	0	0
138	53	56	3042	0	0	0	0
22	15	6	3020	0	0	0	0
12	2	5	3011	0	0	0	0
100	34	46	3022	0	0	0	0
140	55	43	3040	0	0	0	0
49	34	21	3022	0	0	0	0
10	12	7	3018	0	0	0	0
47	24	34	3024	0	0	0	0
54	14	13	3021	0	0	0	0
223	79	85	3023	0	0	0	0
55	33	23	3021	0	0	0	0
136	49	79	3038	0	0	0	0
158	43	66	3032	0	0	0	0
72	22	28	3029	0	0	0	0
103	45	36	3040	0	0	0	0
29	21	10	3018	0	0	0	0
49	33	20	3022	0	0	0	0
105	54	41	3040	0	0	0	0
89	26	37	3023	0	0	0	0
125	74	59	3027	0	0	0	0
26	9	8	3010	0	0	0	0
60	29	18	3025	0	0	0	0
62	30	30	3026	0	0	0	0
14	4	10	3009	0	0	0	0
189	82	63	3054	0	0	0	0
182	82	68	3042	0	0	0	0
249	146	81	3050	0	0	0	0
102	34	31	3018	0	0	0	0
61	33	28	3024	0	0	0	0
82	34	28	3028	0	0	0	0
116	44	46	3044	0	0	0	0
29	7	6	3018	0	0	0	0
83	34	28	3031	0	0	0	0
126	54	50	3031	0	0	0	0
144	46	72	3041	0	0	0	0
236	88	94	3061	0	0	0	0
107	58	30	3037	0	0	0	0
52	19	17	3022	0	0	0	0
8	1	1	3009	0	0	0	0
94	32	39	3025	0	0	0	0
5	2	2	3015	0	0	0	0
21	3	5	3012	0	0	0	0
63	13	11	3022	0	0	0	0
254	113	133	3048	0	0	0	0
201	78	66	3047	0	0	0	0
155	51	50	3058	0	0	0	0
198	67	47	3058	0	0	0	0
174	50	54	3045	0	0	0	0
56	25	23	3018	0	0	0	0
53	27	17	3021	0	0	0	0
152	70	65	3039	0	0	0	0
20	8	8	3018	0	0	0	0
88	33	26	3031	0	0	0	0
104	31	29	3029	0	0	0	0
19	13	6	3019	0	0	0	0
104	57	32	3027	0	0	0	0
127	41	55	3068	0	0	0	0
344	138	142	3069	0	0	0	0
131	36	42	3034	0	0	0	0
6	2	2	3010	0	0	0	0
127	47	43	3031	0	0	0	0
50	18	14	3017	0	0	0	0
169	61	70	3040	0	0	0	0
7	0	2	3010	0	0	0	0
44	15	25	3024	0	0	0	0
116	46	52	3043	0	0	0	0
44	19	18	3025	0	0	0	0
38	14	19	3017	0	0	0	0
14	4	4	3012	0	0	0	0
147	75	61	3039	0	0	0	0
218	103	101	3043	0	0	0	0
14	4	2	3010	0	0	0	0
263	122	79	3037	0	0	0	0
141	67	45	3045	0	0	0	0
38	10	16	3018	0	0	0	0
68	30	25	3021	0	0	0	0
98	40	29	3032	0	0	0	0
38	10	9	3018	0	0	0	0
204	75	64	3057	0	0	0	0
25	6	7	3020	0	0	0	0
179	74	64	3039	0	0	0	0
75	23	29	3026	0	0	0	0
91	44	52	3038	0	0	0	0
192	78	67	3052	0	0	0	0
6	1	4	3011	0	0	0	0
174	79	62	3055	0	0	0	0
20	11	5	3014	0	0	0	0
129	49	44	3033	0	0	0	0
277	107	82	3056	0	0	0	0
111	35	52	3018	0	0	0	0
162	68	43	3031	0	0	0	0
104	53	42	3022	0	0	0	0
74	19	23	3016	0	0	0	0
26	8	10	3014	0	0	0	0
95	51	36	3033	0	0	0	0
23	12	10	3014	0	0	0	0
41	16	22	3013	0	0	0	0
95	30	48	3023	0	0	0	0
50	17	23	3021	0	0	0	0
99	27	42	3025	0	0	0	0
44	17	19	3027	0	0	0	0
274	118	110	3060	0	0	0	0
51	15	18	3027	0	0	0	0
375	146	139	3073	0	0	0	0
158	67	60	3048	0	0	0	0
118	49	45	3033	0	0	0	0
115	71	54	3044	0	0	0	0
77	34	29	3024	0	0	0	0
349	132	128	3085	0	0	0	0
54	33	24	3020	0	0	0	0
44	24	15	3021	0	0	0	0
57	17	22	3019	0	0	0	0
115	44	57	3032	0	0	0	0
86	53	31	3018	0	0	0	0
194	73	87	3041	0	0	0	0
5	0	0	3012	0	0	0	0
168	84	68	3042	0	0	0	0
87	45	42	3029	0	0	0	0
36	19	7	3018	0	0	0	0
169	48	41	3041	0	0	0	0
317	119	150	3056	0	0	0	0
175	85	67	3028	0	0	0	0
8	3	8	3014	0	0	0	0
75	60	51	3026	0	0	0	0
3	1	3	3012	0	0	0	0
101	48	54	3020	0	0	0	0
95	42	29	3033	0	0	0	0
88	38	32	3036	0	0	0	0
50	34	33	3020	0	0	0	0
120	44	56	3027	0	0	0	0
64	38	19	3029	0	0	0	0
33	15	5	3025	0	0	0	0
24	12	5	3017	0	0	0	0
24	13	9	3012	0	0	0	0
194	95	74	3032	0	0	0	0
164	73	63	3036	0	0	0	0
62	15	23	3019	0	0	0	0
175	82	67	3040	0	0	0	0
45	9	15	3020	0	0	0	0
203	98	73	3051	0	0	0	0
120	41	45	3025	0	0	0	0
75	26	29	3023	0	0	0	0
58	31	21	3030	0	0	0	0
217	88	82	3048	0	0	0	0
82	56	29	3035	0	0	0	0
109	57	39	3032	0	0	0	0
8	8	6	3011	0	0	0	0
8	4	3	3010	0	0	0	0
43	25	17	3021	0	0	0	0
196	86	78	3038	0	0	0	0
32	9	12	3023	0	0	0	0
147	60	41	3035	0	0	0	0
17	5	1	3015	0	0	0	0
81	31	26	3021	0	0	0	0
150	64	55	3026	0	0	0	0
63	23	25	3026	0	0	0	0
12	2	4	3009	0	0	0	0
229	85	84	3045	0	0	0	0
17	5	5	3014	0	0	0	0
7	1	2	3009	0	0	0	0
71	24	29	3023	0	0	0	0
40	15	17	3023	0	0	0	0
77	29	29	3024	0	0	0	0
56	28	31	3027	0	0	0	0
18	11	5	3025	0	0	0	0
195	80	76	3039	0	0	0	0
31	20	13	3018	0	0	0	0
188	88	73	3046	0	0	0	0
65	31	12	3022	0	0	0	0
83	28	44	3034	0	0	0	0
191	86	85	3044	0	0	0	0
93	29	38	3024	0	0	0	0
139	57	60	3027	0	0	0	0
143	71	75	3034	0	0	0	0
8	2	8	3015	0	0	0	0
44	28	11	3017	0	0	0	0
186	74	76	3063	0	0	0	0
145	84	60	3030	0	0	0	0
9	8	5	3014	0	0	0	0
33	13	14	3018	0	0	0	0
108	49	25	3037	0	0	0	0
31	14	15	3021	0	0	0	0
9	4	4	3021	0	0	0	0
74	31	31	3019	0	0	0	0
162	66	74	3037	0	0	0	0
57	28	26	3021	0	0	0	0
56	19	20	3032	0	0	0	0
56	24	16	3022	0	0	0	0
250	79	114	3050	0	0	0	0
1	0	0	3012	0	0	0	0
49	21	26	3024	0	0	0	0
23	4	2	3019	0	0	0	0
195	96	91	3045	0	0	0	0
33	10	9	3018	0	0	0	0
223	53	54	3047	0	0	0	0
211	77	79	3065	0	0	0	0
103	53	41	3052	0	0	0	0
173	95	60	3033	0	0	0	0
19	7	7	3012	0	0	0	0
67	27	22	3030	0	0	0	0
133	38	46	3040	0	0	0	0
34	6	10	3018	0	0	0	0
74	26	26	3021	0	0	0	0
138	48	60	3035	0	0	0	0
77	19	25	3019	0	0	0	0
212	135	99	3064	0	0	0	0
77	40	21	3024	0	0	0	0
71	26	27	3025	0	0	0	0
142	33	58	3027	0	0	0	0
114	45	52	3041	0	0	0	0
87	49	60	3022	0	0	0	0
95	18	24	3041	0	0	0	0
66	20	21	3024	0	0	0	0
141	54	51	3037	0	0	0	0
16	10	5	3019	0	0	0	0
193	68	76	3051	0	0	0	0
112	56	53	3026	0	0	0	0
107	51	39	3042	0	0	0	0
103	51	34	3025	0	0	0	0
111	74	76	3035	0	0	0	0
153	71	80	3044	0	0	0	0
81	30	33	3023	0	0	0	0
65	18	22	3023	0	0	0	0
2	2	3	3011	0	0	0	0
84	31	32	3024	0	0	0	0
34	18	14	3019	0	0	0	0
254	97	87	3061	0	0	0	0
25	5	7	3016	0	0	0	0
64	41	24	3018	0	0	0	0
176	91	76	3036	0	0	0	0
38	22	21	3021	0	0	0	0
174	60	44	3033	0	0	0	0
257	103	91	3056	0	0	0	0
311	113	126	3055	0	0	0	0
164	61	65	3059	0	0	0	0
19	5	4	3013	0	0	0	0
2	0	0	3009	0	0	0	0
62	25	37	3015	0	0	0	0
110	45	40	3035	0	0	0	0
41	13	17	3016	0	0	0	0
90	41	36	3042	0	0	0	0
100	50	39	3030	0	0	0	0
93	34	26	3023	0	0	0	0
110	49	36	3039	0	0	0	0
64	35	24	3017	0	0	0	0
6	0	1	3014	0	0	0	0
138	59	44	3024	0	0	0	0
43	26	18	3019	0	0	0	0
13	2	6	3013	0	0	0	0
165	85	59	3041	0	0	0	0
121	36	50	3043	0	0	0	0
92	28	47	3028	0	0	0	0
77	47	31	3041	0	0	0	0
20	19	8	3023	0	0	0	0
101	35	30	3039	0	0	0	0
76	40	36	3019	0	0	0	0
39	16	16	3015	0	0	0	0
19	13	5	3016	0	0	0	0
160	47	52	3042	0	0	0	0
53	18	20	3024	0	0	0	0
27	6	13	3016	0	0	0	0
22	11	6	3011	0	0	0	0
158	81	72	3033	0	0	0	0
17	9	13	3015	0	0	0	0
40	13	19	3018	0	0	0	0
7	2	2	3018	0	0	0	0
129	61	37	3043	0	0	0	0
127	45	50	3030	0	0	0	0
165	58	58	3037	0	0	0	0
88	24	24	3037	0	0	0	0
10	2	1	3009	0	0	0	0
66	31	29	3012	0	0	0	0
183	74	77	3048	0	0	0	0
98	31	27	3042	0	0	0	0
9	1	6	3009	0	0	0	0
32	9	14	3026	0	0	0	0
170	79	64	3075	0	0	0	0
48	27	22	3025	0	0	0	0
114	55	53	3026	0	0	0	0
17	1	6	3018	0	0	0	0
153	73	67	3040	0	0	0	0
77	23	23	3022	0	0	0	0
52	14	11	3024	0	0	0	0
248	126	84	3073	0	0	0	0
25	5	13	3012	0	0	0	0
33	10	4	3014	0	0	0	0
11	2	4	3009	0	0	0	0
136	65	50	3027	0	0	0	0
95	26	33	3022	0	0	0	0
105	56	53	3024	0	0	0	0
26	5	8	3014	0	0	0	0
17	8	5	3016	0	0	0	0
3	1	5	3010	0	0	0	0
42	15	21	3029	0	0	0	0
114	60	52	3026	0	0	0	0
199	87	95	3050	0	0	0	0
81	37	35	3032	0	0	0	0
6	1	3	3011	0	0	0	0
186	56	83	3025	0	0	0	0
237	93	101	3085	0	0	0	0
104	21	56	3034	0	0	0	0
43	22	18	3023	0	0	0	0
2	3	2	3009	0	0	0	0
128	33	48	3044	0	0	0	0
17	6	2	3022	0	0	0	0
93	44	34	3019	0	0	0	0
18	8	2	3017	0	0	0	0
22	9	23	3015	0	0	0	0
216	105	102	3052	0	0	0	0
76	32	21	3024	0	0	0	0
94	24	28	3026	0	0	0	0
162	67	53	3034	0	0	0	0
117	41	42	3048	0	0	0	0
4	3	1	3009	0	0	0	0
7	2	0	3013	0	0	0	0
15	5	4	3017	0	0	0	0
48	11	13	3020	0	0	0	0
131	64	42	3036	0	0	0	0
43	15	8	3022	0	0	0	0
189	64	68	3029	0	0	0	0
90	48	21	3029	0	0	0	0
196	73	76	3038	0	0	0	0
141	51	64	3034	0	0	0	0
8	3	0	3017	0	0	0	0
188	102	69	3051	0	0	0	0
19	5	14	3013	0	0	0	0
165	57	83	3039	0	0	0	0
106	46	45	3040	0	0	0	0
51	14	19	3028	0	0	0	0
57	22	18	3021	0	0	0	0
21	4	5	3013	0	0	0	0
114	40	53	3026	0	0	0	0
126	46	60	3030	0	0	0	0
60	35	25	3025	0	0	0	0
128	42	56	3028	0	0	0	0
141	67	64	3050	0	0	0	0
61	22	28	3018	0	0	0	0
174	100	72	3044	0	0	0	0
39	26	18	3027	0	0	0	0
128	50	48	3033	0	0	0	0
54	24	15	3022	0	0	0	0
88	33	23	3030	0	0	0	0
8	0	9	3010	0	0	0	0
96	39	46	3024	0	0	0	0
24	11	10	3018	0	0	0	0
214	114	103	3056	0	0	0	0
181	79	70	3052	0	0	0	0
19	3	4	3015	0	0	0	0
195	93	68	3057	0	0	0	0
18	6	9	3014	0	0	0	0
75	35	24	3022	0	0	0	0
21	9	7	3015	0	0	0	0
210	104	84	3047	0	0	0	0
183	89	72	3034	0	0	0	0
132	52	50	3031	0	0	0	0
33	17	10	3017	0	0	0	0
143	47	43	3042	0	0	0	0
97	42	43	3041	0	0	0	0
37	7	15	3021	0	0	0	0
159	52	74	3035	0	0	0	0
213	121	77	3055	0	0	0	0
359	170	110	3070	0	0	0	0
14	7	8	3018	0	0	0	0
53	23	20	3020	0	0	0	0
58	20	18	3022	0	0	0	0
147	80	56	3026	0	0	0	0
21	7	8	3020	0	0	0	0
16	8	10	3016	0	0	0	0
36	11	11	3018	0	0	0	0
3	0	5	3009	0	0	0	0
190	71	97	3039	0	0	0	0
69	28	22	3024	0	0	0	0
95	44	42	3035	0	0	0	0
146	75	75	3045	0	0	0	0
106	45	45	3027	0	0	0	0
31	15	16	3015	0	0	0	0
44	9	11	3026	0	0	0	0
20	3	5	3016	0	0	0	0
90	34	40	3034	0	0	0	0
214	104	96	3048	0	0	0	0
140	43	43	3044	0	0	0	0
52	27	21	3025	0	0	0	0
64	15	20	3019	0	0	0	0
224	82	75	3039	0	0	0	0
19	4	4	3019	0	0	0	0
15	15	5	3016	0	0	0	0
27	15	11	3010	0	0	0	0
138	70	60	3039	0	0	0	0
23	8	10	3018	0	0	0	0
20	7	5	3019	0	0	0	0
46	18	13	3025	0	0	0	0
111	46	52	3032	0	0	0	0
86	44	39	3037	0	0	0	0
154	69	60	3043	0	0	0	0
114	55	45	3045	0	0	0	0
75	45	46	3031	0	0	0	0
38	16	7	3023	0	0	0	0
117	60	42	3040	0	0	0	0
18	1	3	3013	0	0	0	0
41	24	14	3013	0	0	0	0
44	21	29	3029	0	0	0	0
35	24	13	3028	0	0	0	0
95	35	48	3024	0	0	0	0
111	56	49	3035	0	0	0	0
37	12	12	3015	0	0	0	0
35	32	22	3023	0	0	0	0
44	15	16	3029	0	0	0	0
63	18	30	3022	0	0	0	0
87	29	22	3023	0	0	0	0
52	14	14	3024	0	0	0	0
90	64	61	3038	0	0	0	0
151	64	57	3034	0	0	0	0
9	3	4	3009	0	0	0	0
253	110	116	3069	0	0	0	0
114	58	49	3029	0	0	0	0
49	35	19	3018	0	0	0	0
21	8	12	3019	0	0	0	0
3	1	3	3010	0	0	0	0
250	116	94	3060	0	0	0	0
31	18	23	3019	0	0	0	0
77	38	40	3030	0	0	0	0
170	70	65	3046	0	0	0	0
99	60	41	3032	0	0	0	0
125	57	45	3039	0	0	0	0
27	7	8	3014	0	0	0	0
259	142	94	3050	0	0	0	0
285	113	84	3054	0	0	0	0
13	3	1	3013	0	0	0	0
92	17	27	3034	0	0	0	0
92	26	36	3040	0	0	0	0
92	38	32	3019	0	0	0	0
26	15	12	3025	0	0	0	0
61	33	15	3025	0	0	0	0
175	84	74	3041	0	0	0	0
74	21	25	3026	0	0	0	0
101	33	38	3033	0	0	0	0
88	46	31	3028	0	0	0	0
13	3	2	3010	0	0	0	0
114	41	40	3027	0	0	0	0
156	60	44	3041	0	0	0	0
96	24	29	3032	0	0	0	0
40	16	23	3016	0	0	0	0
171	90	48	3053	0	0	0	0
53	21	17	3014	0	0	0	0
25	6	3	3016	0	0	0	0
10	6	3	3010	0	0	0	0
26	5	11	3015	0	0	0	0
70	28	23	3019	0	0	0	0
90	44	39	3029	0	0	0	0
59	34	35	3023	0	0	0	0
18	1	7	3010	0	0	0	0
93	62	47	3023	0	0	0	0
83	38	33	3024	0	0	0	0
23	4	3	3015	0	0	0	0
117	66	46	3041	0	0	0	0
112	43	51	3034	0	0	0	0
17	10	4	3009	0	0	0	0
37	9	22	3015	0	0	0	0
40	22	22	3013	0	0	0	0
73	17	24	3025	0	0	0	0
151	54	66	3050	0	0	0	0
178	49	66	3036	0	0	0	0
9	4	9	3015	0	0	0	0
145	58	66	3048	0	0	0	0
76	25	25	3035	0	0	0	0
12	7	5	3013	0	0	0	0
74	32	29	3028	0	0	0	0
304	109	115	3061	0	0	0	0
37	21	13	3018	0	0	0	0
16	3	4	3013	0	0	0	0
60	33	22	3016	0	0	0	0
113	32	53	3032	0	0	0	0
141	63	48	3036	0	0	0	0
122	45	45	3040	0	0	0	0
43	21	13	3016	0	0	0	0
86	56	23	3031	0	0	0	0
80	37	42	3026	0	0	0	0
109	48	43	3022	0	0	0	0
88	21	35	3023	0	0	0	0
113	61	42	3029	0	0	0	0
47	14	19	3016	0	0	0	0
31	7	6	3013	0	0	0	0
41	22	24	3018	0	0	0	0
211	116	110	3049	0	0	0	0
41	16	25	3024	0	0	0	0
24	6	13	3012	0	0	0	0
10	0	1	3010	0	0	0	0
13	2	3	3017	0	0	0	0
232	78	68	3035	0	0	0	0
127	45	43	3027	0	0	0	0
24	12	13	3019	0	0	0	0
198	74	50	3078	0	0	0	0
57	9	20	3028	0	0	0	0
34	15	14	3022	0	0	0	0
52	21	24	3020	0	0	0	0
131	40	55	3045	0	0	0	0
37	12	21	3013	0	0	0	0
148	42	58	3038	0	0	0	0
36	20	14	3019	0	0	0	0
103	33	48	3027	0	0	0	0
95	45	43	3028	0	0	0	0
10	1	3	3013	0	0	0	0
38	26	6	3021	0	0	0	0
231	81	91	3055	0	0	0	0
95	35	38	3031	0	0	0	0
35	13	16	3012	0	0	0	0
79	42	28	3023	0	0	0	0
124	43	36	3042	0	0	0	0
22	7	5	3013	0	0	0	0
145	66	78	3075	0	0	0	0
50	17	28	3032	0	0	0	0
171	83	90	3037	0	0	0	0
131	57	26	3034	0	0	0	0
12	14	5	3020	0	0	0	0
88	13	24	3022	0	0	0	0
110	57	64	3029	0	0	0	0
171	61	69	3033	0	0	0	0
73	27	29	3020	0	0	0	0
125	62	51	3024	0	0	0	0
59	29	30	3031	0	0	0	0
79	35	37	3042	0	0	0	0
42	25	26	3020	0	0	0	0
147	76	87	3038	0	0	0	0
173	80	70	3057	0	0	0	0
33	13	20	3021	0	0	0	0
26	14	6	3027	0	0	0	0
163	85	59	3034	0	0	0	0
174	73	61	3037	0	0	0	0
30	7	13	3023	0	0	0	0
56	21	24	3019	0	0	0	0
82	26	27	3022	0	0	0	0
207	92	70	3051	0	0	0	0
12	13	7	3010	0	0	0	0
87	46	28	3033	0	0	0	0
171	102	49	3049	0	0	0	0
92	23	32	3030	0	0	0	0
11	4	6	3010	0	0	0	0
137	55	67	3036	0	0	0	0
61	24	16	3028	0	0	0	0
93	35	27	3025	0	0	0	0
276	108	82	3056	0	0	0	0
135	78	60	3025	0	0	0	0
95	34	31	3035	0	0	0	0
15	6	4	3010	0	0	0	0
144	44	62	3043	0	0	0	0
170	67	74	3038	0	0	0	0
90	30	38	3025	0	0	0	0
139	65	55	3027	0	0	0	0
25	9	3	3014	0	0	0	0
16	4	6	3018	0	0	0	0
70	29	23	3035	0	0	0	0
65	40	29	3034	0	0	0	0
42	16	19	3019	0	0	0	0
118	45	31	3045	0	0	0	0
138	47	51	3024	0	0	0	0
133	50	50	3025	0	0	0	0
193	97	69	3040	0	0	0	0
11	5	3	3013	0	0	0	0
156	53	48	3049	0	0	0	0
269	132	117	3067	0	0	0	0
37	14	13	3022	0	0	0	0
89	45	53	3042	0	0	0	0
85	21	37	3023	0	0	0	0
106	40	42	3041	0	0	0	0
96	44	42	3026	0	0	0	0
85	27	27	3018	0	0	0	0
74	30	36	3031	0	0	0	0
123	37	45	3039	0	0	0	0
89	25	40	3028	0	0	0	0
20	5	13	3014	0	0	0	0
20	15	8	3013	0	0	0	0
214	90	76	3063	0	0	0	0
31	11	5	3021	0	0	0	0
53	15	22	3025	0	0	0	0
264	136	86	3069	0	0	0	0
5	3	2	3010	0	0	0	0
160	81	69	3052	0	0	0	0
109	50	47	3037	0	0	0	0
51	25	26	3021	0	0	0	0
14	5	5	3011	0	0	0	0
148	75	72	3036	0	0	0	0
60	7	17	3024	0	0	0	0
228	76	83	3050	0	0	0	0
95	33	39	3032	0	0	0	0
3	1	4	3010	0	0	0	0
7	5	7	3019	0	0	0	0
191	74	82	3037	0	0	0	0
6	4	1	3011	0	0	0	0
61	28	18	3021	0	0	0	0
317	131	116	3070	0	0	0	0
15	5	3	3019	0	0	0	0
101	44	58	3028	0	0	0	0
136	64	50	3037	0	0	0	0
22	8	13	3014	0	0	0	0
77	47	32	3026	0	0	0	0
5	1	4	3013	0	0	0	0
56	17	23	3016	0	0	0	0
81	31	40	3039	0	0	0	0
56	50	29	3039	0	0	0	0
20	4	10	3011	0	0	0	0
127	37	46	3051	0	0	0	0
211	74	89	3050	0	0	0	0
60	36	24	3014	0	0	0	0
92	27	51	3017	0	0	0	0
29	10	10	3015	0	0	0	0
63	36	39	3028	0	0	0	0
13	4	2	3016	0	0	0	0
172	46	67	3044	0	0	0	0
119	58	40	3043	0	0	0	0
86	36	46	3026	0	0	0	0
79	39	35	3035	0	0	0	0
15	8	3	3016	0	0	0	0
194	65	74	3039	0	0	0	0
13	5	3	3012	0	0	0	0
160	48	48	3039	0	0	0	0
105	50	63	3029	0	0	0	0
37	14	13	3025	0	0	0	0
70	23	38	3029	0	0	0	0
51	12	12	3027	0	0	0	0
7	1	3	3013	0	0	0	0
182	68	72	3065	0	0	0	0
173	106	87	3044	0	0	0	0
256	73	93	3058	0	0	0	0
92	43	37	3023	0	0	0	0
22	10	5	3019	0	0	0	0
59	20	26	3022	0	0	0	0
176	77	74	3032	0	0	0	0
78	45	40	3027	0	0	0	0
212	81	80	3048	0	0	0	0
241	82	69	3057	0	0	0	0
79	42	46	3027	0	0	0	0
54	39	24	3026	0	0	0	0
8	1	4	3012	0	0	0	0
335	150	113	3064	0	0	0	0
39	10	16	3014	0	0	0	0
36	19	22	3017	0	0	0	0
171	67	61	3039	0	0	0	0
102	29	21	3031	0	0	0	0
102	42	33	3036	0	0	0	0
135	55	40	3029	0	0	0	0
25	13	13	3017	0	0	0	0
101	39	47	3042	0	0	0	0
23	9	9	3013	0	0	0	0
152	70	83	3047	0	0	0	0
44	22	18	3017	0	0	0	0
67	33	33	3019	0	0	0	0
135	65	46	3047	0	0	0	0
13	3	4	3012	0	0	0	0
48	29	16	3013	0	0	0	0
133	66	52	3033	0	0	0	0
120	45	48	3039	0	0	0	0
104	31	20	3037	0	0	0	0
284	134	93	3078	0	0	0	0
38	8	20	3012	0	0	0	0
26	15	14	3014	0	0	0	0
58	31	33	3021	0	0	0	0
100	41	42	3030	0	0	0	0
4	1	2	3012	0	0	0	0
48	25	17	3023	0	0	0	0
179	52	78	3048	0	0	0	0
67	28	19	3024	0	0	0	0
10	11	3	3019	0	0	0	0
232	91	90	3059	0	0	0	0
38	19	13	3013	0	0	0	0
63	13	31	3015	0	0	0	0
60	37	16	3033	0	0	0	0
48	11	17	3017	0	0	0	0
94	41	36	3028	0	0	0	0
7	6	0	3012	0	0	0	0
237	82	63	3052	0	0	0	0
77	26	22	3044	0	0	0	0
270	112	128	3062	0	0	0	0
134	94	76	3028	0	0	0	0
123	57	45	3037	0	0	0	0
169	69	85	3049	0	0	0	0
63	16	22	3030	0	0	0	0
119	33	50	3035	0	0	0	0
138	57	48	3032	0	0	0	0
41	17	22	3015	0	0	0	0
25	11	7	3022	0	0	0	0
4	0	1	3010	0	0	0	0
43	30	25	3023	0	0	0	0
21	6	6	3015	0	0	0	0
102	68	58	3053	0	0	0	0
245	112	116	3060	0	0	0	0
72	23	24	3019	0	0	0	0
75	31	37	3017	0	0	0	0
33	26	13	3018	0	0	0	0
4	1	1	3011	0	0	0	0
6	5	3	3014	0	0	0	0
199	99	82	3043	0	0	0	0
77	31	20	3022	0	0	0	0
97	53	34	3037	0	0	0	0
14	9	5	3017	0	0	0	0
9	1	5	3017	0	0	0	0
25	18	14	3018	0	0	0	0
3	2	3	3013	0	0	0	0
178	90	61	3043	0	0	0	0
170	60	67	3037	0	0	0	0
6	2	4	3014	0	0	0	0
165	73	65	3062	0	0	0	0
88	70	47	3035	0	0	0	0
61	19	19	3026	0	0	0	0
64	34	34	3025	0	0	0	0
35	24	9	3014	0	0	0	0
61	29	20	3026	0	0	0	0
7	1	3	3012	0	0	0	0
51	26	16	3034	0	0	0	0
221	71	93	3047	0	0	0	0
50	30	20	3018	0	0	0	0
172	84	63	3046	0	0	0	0
9	2	1	3013	0	0	0	0
33	13	14	3014	0	0	0	0
50	14	11	3014	0	0	0	0
88	43	27	3034	0	0	0	0
179	87	63	3037	0	0	0	0
12	2	4	3016	0	0	0	0
154	68	65	3031	0	0	0	0
53	27	31	3018	0	0	0	0
23	7	1	3016	0	0	0	0
203	80	72	3036	0	0	0	0
42	19	21	3016	0	0	0	0
77	29	29	3017	0	0	0	0
33	12	23	3018	0	0	0	0
100	65	44	3027	0	0	0	0
126	59	49	3041	0	0	0	0
30	14	2	3024	0	0	0	0
115	52	45	3033	0	0	0	0
18	7	3	3014	0	0	0	0
50	33	17	3023	0	0	0	0
178	74	67	3050	0	0	0	0
161	68	76	3040	0	0	0	0
57	24	15	3018	0	0	0	0
15	10	6	3014	0	0	0	0
20	5	6	3015	0	0	0	0
199	105	91	3063	0	0	0	0
66	29	33	3022	0	0	0	0
151	59	47	3031	0	0	0	0
13	4	4	3011	0	0	0	0
137	39	68	3047	0	0	0	0
107	65	35	3037	0	0	0	0
51	23	23	3022	0	0	0	0
88	41	24	3027	0	0	0	0
215	92	90	3043	0	0	0	0
46	13	11	3033	0	0	0	0
6	1	4	3012	0	0	0	0
84	28	17	3037	0	0	0	0
166	71	57	3051	0	0	0	0
24	1	4	3014	0	0	0	0
62	36	26	3035	0	0	0	0
5	1	4	3010	0	0	0	0
22	5	6	3012	0	0	0	0
97	35	26	3022	0	0	0	0
48	17	23	3017	0	0	0	0
153	45	42	3030	0	0	0	0
171	90	78	3026	0	0	0	0
64	38	42	3019	0	0	0	0
78	29	32	3020	0	0	0	0
100	41	48	3033	0	0	0	0
96	33	47	3025	0	0	0	0
108	55	43	3031	0	0	0	0
68	27	37	3029	0	0	0	0
40	9	22	3015	0	0	0	0
53	17	17	3024	0	0	0	0
33	18	14	3024	0	0	0	0
99	37	53	3023	0	0	0	0
47	23	18	3015	0	0	0	0
75	34	28	3026	0	0	0	0
107	37	33	3031	0	0	0	0
3	0	2	3011	0	0	0	0
72	24	21	3031	0	0	0	0
83	29	32	3020	0	0	0	0
14	2	5	3011	0	0	0	0
7	1	4	3011	0	0	0	0
106	45	38	3022	0	0	0	0
38	5	19	3019	0	0	0	0
42	6	14	3013	0	0	0	0
47	25	34	3025	0	0	0	0
167	58	56	3039	0	0	0	0
63	26	32	3019	0	0	0	0
73	28	21	3021	0	0	0	0
65	12	26	3028	0	0	0	0
149	73	72	3041	0	0	0	0
27	5	6	3016	0	0	0	0
285	131	97	3083	0	0	0	0
34	10	10	3013	0	0	0	0
139	55	47	3027	0	0	0	0
62	30	28	3025	0	0	0	0
75	28	33	3027	0	0	0	0
102	44	45	3030	0	0	0	0
105	77	49	3031	0	0	0	0
123	45	43	3037	0	0	0	0
52	16	23	3021	0	0	0	0
112	45	32	3027	0	0	0	0
38	13	20	3020	0	0	0	0
54	29	16	3032	0	0	0	0
44	12	23	3018	0	0	0	0
24	13	10	3011	0	0	0	0
74	42	23	3017	0	0	0	0
140	49	46	3028	0	0	0	0
113	59	49	3024	0	0	0	0
199	74	61	3054	0	0	0	0
284	117	129	3076	0	0	0	0
94	40	33	3023	0	0	0	0
174	76	71	3042	0	0	0	0
59	50	22	3022	0	0	0	0
35	11	9	3018	0	0	0	0
183	58	54	3051	0	0	0	0
35	24	22	3014	0	0	0	0
31	21	17	3018	0	0	0	0
35	8	6	3015	0	0	0	0
50	22	8	3028	0	0	0	0
69	36	36	3032	0	0	0	0
164	66	79	3048	0	0	0	0
16	1	7	3009	0	0	0	0
163	60	67	3061	0	0	0	0
32	28	13	3018	0	0	0	0
7	4	2	3013	0	0	0	0
102	55	34	3042	0	0	0	0
32	9	10	3013	0	0	0	0
51	14	15	3025	0	0	0	0
125	49	59	3043	0	0	0	0
105	42	24	3028	0	0	0	0
12	9	8	3015	0	0	0	0
42	21	18	3025	0	0	0	0
129	37	48	3027	0	0	0	0
40	12	16	3021	0	0	0	0
100	34	31	3030	0	0	0	0
272	129	130	3048	0	0	0	0
269	146	98	3065	0	0	0	0
25	14	12	3019	0	0	0	0
100	39	49	3021	0	0	0	0
81	42	29	3036	0	0	0	0
45	26	15	3021	0	0	0	0
290	83	105	3056	0	0	0	0
192	71	69	3046	0	0	0	0
32	32	20	3022	0	0	0	0
40	29	16	3022	0	0	0	0
67	37	34	3023	0	0	0	0
140	47	52	3040	0	0	0	0
160	54	57	3045	0	0	0	0
96	26	44	3033	0	0	0	0
59	27	32	3019	0	0	0	0
6	2	0	3014	0	0	0	0
57	12	22	3023	0	0	0	0
24	7	8	3012	0	0	0	0
55	16	26	3023	0	0	0	0
32	9	13	3019	0	0	0	0
14	6	7	3016	0	0	0	0
134	58	66	3021	0	0	0	0
213	98	102	3039	0	0	0	0
51	35	30	3025	0	0	0	0
20	8	7	3016	0	0	0	0
60	17	23	3023	0	0	0	0
44	22	13	3017	0	0	0	0
186	65	64	3038	0	0	0	0
239	101	84	3043	0	0	0	0
18	10	13	3019	0	0	0	0
111	40	35	3030	0	0	0	0
136	37	50	3038	0	0	0	0
172	67	83	3071	0	0	0	0
70	36	28	3032	0	0	0	0
72	23	15	3026	0	0	0	0
30	7	10	3019	0	0	0	0
40	25	22	3026	0	0	0	0
74	12	29	3015	0	0	0	0
19	4	4	3009	0	0	0	0
50	19	28	3021	0	0	0	0
16	3	5	3015	0	0	0	0
15	0	8	3013	0	0	0	0
165	82	77	3034	0	0	0	0
87	41	29	3020	0	0	0	0
