1.6666666666666667	0.0	0.0	0.0
1.6666666666666667	0.0	0.0	0.0
1.0	2.5	0.0	0.0
0.8333333333333334	0.0	0.0	0.0
1.3333333333333333	3.0	0.0	0.0
0.3333333333333333	0.0	0.0	0.0
1.6666666666666667	0.0	1.0	0.0
2.0	0.5	0.0	0.0
1.8333333333333333	0.0	0.0	0.0
0.3333333333333333	0.0	0.0	0.0
1.5	1.0	1.0	0.0
1.1666666666666667	0.0	0.0	0.0
0.6666666666666666	7.0	4.0	0.0
1.3333333333333333	2.6666666666666665	0.0	0.0
1.5	0.0	0.0	0.0
1.3333333333333333	0.0	0.0	0.0
1.1666666666666667	0.0	0.0	0.0
0.8333333333333334	0.0	0.0	0.0
1.3333333333333333	0.7	0.0	0.0
1.1666666666666667	0.0	0.0	0.0
1.5	0.0	0.0	0.0
1.8333333333333333	0.0	0.0	0.0
0.8333333333333334	0.0	0.0	0.0
1.1666666666666667	0.0	0.0	0.0
0.6666666666666666	0.0	0.0	0.0
0.6666666666666666	0.0	0.0	0.0
1.3333333333333333	0.0	0.0	0.0
1.5	0.0	0.0	0.0
1.8333333333333333	0.0	0.0	0.0
0.6666666666666666	0.0	0.0	0.0
1.6666666666666667	0.0	0.0	0.0
1.6666666666666667	0.0	0.0	0.0
1.3333333333333333	2.0	0.0	0.0
1.1666666666666667	0.8571428571428571	1.0	0.0
1.1666666666666667	0.0	0.0	0.0
2.0	0.0	0.0	0.0
1.6666666666666667	0.0	0.0	0.0
1.3333333333333333	0.5	0.0	0.0
1.0	0.0	0.0	0.0
0.5	0.0	0.0	0.0
1.3333333333333333	3.0	0.0	0.0
2.1666666666666665	0.0	3.0	0.0
1.3333333333333333	0.0	0.0	0.0
1.0	0.0	0.0	0.0
1.8333333333333333	0.0	0.0	0.0
0.5	0.0	0.0	0.0
0.8333333333333334	0.0	0.0	0.0
1.8333333333333333	0.0	0.0	0.0
1.0	0.0	0.0	0.0
1.1666666666666667	1.25	0.0	0.0
1.1666666666666667	1.0	0.0	0.0
2.1666666666666665	0.0	0.0	0.0
1.5	0.3333333333333333	0.0	0.0
0.6666666666666666	0.0	0.0	0.0
0.8333333333333334	0.0	0.0	0.0
2.0	0.5	1.0	0.0
1.5	0.0	0.0	0.0
0.6666666666666666	0.0	0.0	0.0
1.3333333333333333	0.5	0.0	0.0
1.0	1.0	0.0	0.0
2.0	2.0	0.0	0.0
1.1666666666666667	0.0	0.0	0.0
1.5	0.6666666666666666	0.0	0.0
1.1666666666666667	2.0	0.0	0.0
0.8333333333333334	0.0	0.0	0.0
1.1666666666666667	0.0	0.0	0.0
1.8333333333333333	1.3333333333333333	0.0	0.0
0.8333333333333334	0.0	0.0	0.0
1.5	0.0	0.0	0.0
0.8333333333333334	0.0	0.0	0.0
0.6666666666666666	0.0	0.0	0.0
0.8333333333333334	1.0	0.0	0.0
1.5	0.0	0.0	0.0
0.16666666666666666	0.0	0.0	0.0
2.1666666666666665	1.4	0.0	0.0
0.6666666666666666	0.0	0.0	0.0
0.8333333333333334	0.0	0.0	0.0
1.5	0.45454545454545453	0.0	0.0
1.5	0.0	0.0	0.0
1.0	0.0	0.0	0.0
1.1666666666666667	0.0	0.0	0.0
2.1666666666666665	1.0	0.0	0.0
1.1666666666666667	0.0	0.0	0.0
2.0	0.8571428571428571	0.0	0.0
1.8333333333333333	0.0	0.0	0.0
2.0	0.0	0.0	0.0
1.1666666666666667	4.0	0.0	0.0
1.3333333333333333	1.0	1.0	0.0
0.5	0.7142857142857143	0.0	0.0
1.6666666666666667	0.8	0.5	0.0
1.0	0.0	0.0	0.0
1.6666666666666667	1.2	0.0	0.0
2.0	1.0	0.0	0.0
1.1666666666666667	0.0	0.0	0.0
1.0	0.0	0.0	0.0
0.5	0.0	0.0	0.0
0.5	0.0	0.0	0.0
0.6666666666666666	0.0	0.0	0.0
1.1666666666666667	0.0	0.0	0.0
0.5	0.0	0.0	0.0
0.16666666666666666	0.0	0.0	0.0
0.5	0.0	0.0	0.0
1.0	0.8571428571428571	0.0	0.0
0.6666666666666666	0.0	0.0	0.0
1.1666666666666667	0.0	0.0	0.0
1.1666666666666667	0.0	0.0	0.0
0.8333333333333334	0.0	0.0	0.0
2.1666666666666665	0.0	0.0	0.0
1.8333333333333333	0.0	0.0	0.0
1.6666666666666667	0.0	0.0	0.0
1.5	0.0	0.0	0.0
2.5	0.75	0.0	0.0
1.3333333333333333	0.0	0.0	0.0
1.8333333333333333	1.1666666666666667	0.0	0.0
1.6666666666666667	0.0	0.0	0.0
1.8333333333333333	0.5	0.0	0.0
1.0	0.0	0.0	0.0
0.5	0.0	0.0	0.0
1.0	0.0	0.0	0.0
1.1666666666666667	1.0	0.0	0.0
0.6666666666666666	0.3333333333333333	0.0	0.0
1.6666666666666667	0.0	0.0	0.0
0.6666666666666666	0.0	0.0	0.0
1.3333333333333333	0.0	0.0	0.0
1.1666666666666667	1.5	0.0	0.0
1.1666666666666667	1.5	0.0	0.0
1.0	0.0	0.0	0.0
0.6666666666666666	0.2	0.0	0.0
1.3333333333333333	0.0	0.0	0.0
1.5	0.0	4.0	0.0
0.6666666666666666	0.0	0.0	0.0
1.5	0.8	1.0	0.0
1.0	0.0	0.0	0.0
2.3333333333333335	0.0	0.0	0.0
1.0	0.75	0.0	0.0
1.5	0.0	0.0	0.0
1.8333333333333333	2.0	0.5	0.0
1.0	0.0	0.0	0.0
1.3333333333333333	0.0	0.0	0.0
0.8333333333333334	0.0	0.0	0.0
1.3333333333333333	0.0	0.0	0.0
1.1666666666666667	0.0	0.0	0.0
1.6666666666666667	1.0	0.0	0.0
1.0	0.0	0.0	0.0
1.0	0.0	0.0	0.0
0.5	0.0	0.0	0.0
1.6666666666666667	0.0	0.0	0.0
2.0	0.0	0.0	0.0
2.3333333333333335	0.0	0.0	0.0
0.16666666666666666	0.0	0.0	0.0
2.0	0.0	0.0	0.0
1.5	0.0	0.0	0.0
1.1666666666666667	0.0	0.0	0.0
0.5	0.0	0.0	0.0
1.6666666666666667	0.0	0.0	0.0
1.1666666666666667	0.7142857142857143	0.0	0.0
1.0	0.0	0.0	0.0
0.8333333333333334	0.0	0.0	0.0
0.5	0.0	0.0	0.0
1.1666666666666667	0.0	0.0	0.0
0.5	0.0	0.0	0.0
1.3333333333333333	0.6666666666666666	1.0	0.0
0.5	0.0	0.0	0.0
1.1666666666666667	1.0	0.0	0.0
1.6666666666666667	0.75	0.0	0.0
2.0	3.0	0.0	0.0
1.6666666666666667	1.2	2.0	0.0
1.3333333333333333	0.0	0.0	0.0
1.6666666666666667	3.0	0.0	0.0
1.1666666666666667	0.5	0.0	0.0
1.3333333333333333	0.0	0.0	0.0
2.3333333333333335	0.0	0.0	0.0
2.1666666666666665	0.0	0.0	0.0
2.1666666666666665	1.1	0.0	0.0
1.3333333333333333	0.0	0.0	0.0
0.6666666666666666	0.0	0.0	0.0
1.6666666666666667	0.0	0.8	0.0
1.0	0.0	0.0	0.0
1.1666666666666667	0.0	0.0	0.0
0.6666666666666666	0.0	0.0	0.0
1.1666666666666667	0.0	0.0	0.0
0.3333333333333333	0.0	0.0	0.0
1.5	0.0	0.0	0.0
1.0	2.0	0.0	0.0
1.1666666666666667	0.0	0.0	0.0
0.6666666666666666	0.0	0.0	0.0
0.5	0.0	0.0	0.0
1.0	0.0	0.0	0.0
0.8333333333333334	0.0	0.0	0.0
1.5	0.0	0.0	0.0
1.6666666666666667	2.0	0.0	0.0
0.3333333333333333	0.0	0.0	0.0
2.0	0.0	0.0	0.0
1.3333333333333333	0.3333333333333333	0.0	0.0
1.3333333333333333	0.0	0.0	0.0
1.0	0.0	0.0	0.0
0.6666666666666666	0.0	0.0	0.0
1.1666666666666667	1.0	0.0	0.0
1.0	0.7	0.0	0.0
1.1666666666666667	0.0	0.0	0.0
1.3333333333333333	0.0	0.0	0.0
1.6666666666666667	0.0	0.0	0.0
1.0	0.0	0.0	0.0
1.1666666666666667	0.0	0.0	0.0
1.3333333333333333	0.5	0.0	0.0
1.8333333333333333	0.0	0.0	0.0
1.0	1.3333333333333333	0.0	0.0
0.5	0.0	0.0	0.0
1.8333333333333333	0.0	0.0	0.0
0.3333333333333333	0.0	0.0	0.0
1.1666666666666667	1.0	0.0	0.0
1.1666666666666667	1.0	0.0	0.0
0.6666666666666666	0.0	0.0	0.0
2.6666666666666665	1.6666666666666667	0.0	0.0
1.0	1.0	0.0	0.0
1.8333333333333333	0.0	0.0	0.0
0.3333333333333333	0.0	0.0	0.0
2.0	0.8571428571428571	0.0	0.0
0.6666666666666666	0.0	0.0	0.0
1.5	0.0	0.0	0.0
0.6666666666666666	1.6666666666666667	0.0	2.0
1.3333333333333333	0.0	0.0	0.0
1.0	2.0	0.0	0.0
1.6666666666666667	0.0	0.0	0.0
0.6666666666666666	0.0	0.0	0.0
0.6666666666666666	0.0	0.0	0.0
1.1666666666666667	0.0	0.0	0.0
1.5	0.0	0.0	0.0
1.3333333333333333	0.0	0.0	0.0
1.0	0.9285714285714286	0.0	0.0
1.5	1.3333333333333333	0.0	0.0
1.0	0.0	0.0	0.0
1.1666666666666667	0.0	0.0	0.0
1.6666666666666667	0.0	0.0	0.0
0.5	0.0	0.0	0.0
1.3333333333333333	1.0	0.0	0.0
0.6666666666666666	1.0	0.0	0.0
0.6666666666666666	0.0	0.0	0.0
1.3333333333333333	0.0	0.0	0.0
1.0	1.25	0.0	0.0
1.3333333333333333	0.0	0.0	0.0
1.5	0.3333333333333333	0.0	0.0
1.5	0.5	1.0	0.0
0.6666666666666666	1.1428571428571428	0.0	0.0
1.1666666666666667	2.5	0.0	0.0
1.1666666666666667	0.0	0.0	0.0
2.6666666666666665	0.8333333333333334	0.0	0.0
0.8333333333333334	0.0	0.0	0.0
2.0	0.0	0.0	0.0
0.6666666666666666	0.0	0.0	0.0
0.8333333333333334	0.0	0.0	0.0
1.1666666666666667	0.0	0.0	0.0
1.0	0.0	0.0	0.0
0.8333333333333334	0.0	0.0	0.0
1.5	1.4	1.0	0.0
0.5	0.75	0.0	0.0
0.8333333333333334	0.0	0.0	0.0
0.8333333333333334	0.0	0.0	0.0
0.6666666666666666	0.0	0.0	0.0
1.0	0.0	0.0	0.0
1.0	0.0	0.0	0.0
1.6666666666666667	0.0	0.0	0.0
1.3333333333333333	0.0	0.0	0.0
1.5	0.0	0.0	0.0
0.6666666666666666	0.0	0.0	0.0
1.1666666666666667	0.0	0.0	0.0
2.3333333333333335	2.3333333333333335	0.0	0.0
1.0	0.0	0.0	0.0
1.5	0.25	0.0	0.0
1.8333333333333333	0.5	0.0	0.0
1.1666666666666667	0.0	0.0	0.0
2.0	0.0	0.0	0.0
1.8333333333333333	0.6	0.0	0.0
1.1666666666666667	0.0	0.0	0.0
1.3333333333333333	0.0	0.0	0.0
2.0	1.1428571428571428	0.0	0.0
1.3333333333333333	1.8333333333333333	0.0	0.0
1.3333333333333333	0.0	0.0	0.0
0.6666666666666666	0.0	0.0	0.0
1.5	0.6666666666666666	0.6666666666666666	0.0
0.6666666666666666	0.0	0.0	0.0
1.3333333333333333	0.0	0.0	0.0
1.3333333333333333	0.0	0.0	0.0
0.5	0.0	0.0	0.0
1.8333333333333333	0.0	0.0	0.0
1.8333333333333333	2.5	0.0	0.0
1.8333333333333333	0.5	0.0	0.0
1.5	0.0	0.0	0.0
0.8333333333333334	0.0	0.0	0.0
0.8333333333333334	0.0	0.0	0.0
0.8333333333333334	1.0	0.5	0.0
0.8333333333333334	0.0	0.0	0.0
1.1666666666666667	0.0	0.0	0.0
1.5	0.0	0.0	0.0
2.3333333333333335	1.2	0.0	0.0
1.0	1.8	0.0	0.0
0.8333333333333334	0.0	0.0	0.0
1.8333333333333333	0.0	0.0	0.0
1.1666666666666667	0.0	0.0	0.0
1.3333333333333333	0.0	0.0	0.0
0.6666666666666666	0.0	0.0	0.0
1.1666666666666667	0.0	0.0	0.0
0.6666666666666666	0.0	0.0	0.0
2.1666666666666665	1.0	0.0	0.0
1.3333333333333333	0.0	0.0	0.0
1.3333333333333333	2.0	0.0	0.0
0.5	0.0	0.0	0.0
2.3333333333333335	0.0	0.0	0.0
1.5	4.0	0.0	0.0
1.0	0.0	0.0	0.0
2.0	1.3333333333333333	1.3333333333333333	0.0
1.0	0.0	0.0	0.0
0.8333333333333334	0.0	0.0	0.0
0.8333333333333334	2.0	0.0	0.0
1.6666666666666667	1.0	0.0	0.0
0.6666666666666666	0.0	0.0	0.0
1.1666666666666667	0.75	0.0	0.0
0.3333333333333333	0.0	0.0	0.0
1.1666666666666667	0.0	0.0	0.0
0.16666666666666666	0.0	0.0	0.0
0.3333333333333333	0.0	0.0	0.0
0.16666666666666666	1.25	0.5	0.0
1.0	1.0	0.0	0.0
1.5	2.0	0.0	0.0
0.3333333333333333	0.0	0.0	0.0
0.8333333333333334	0.0	0.0	0.0
1.6666666666666667	0.6363636363636364	0.0	0.0
1.8333333333333333	1.5	0.0	0.0
1.5	0.0	0.0	0.0
1.3333333333333333	0.0	0.0	0.0
1.0	0.0	0.0	0.0
1.1666666666666667	0.0	0.0	0.0
1.8333333333333333	0.0	0.0	0.0
0.8333333333333334	0.0	0.0	0.0
1.6666666666666667	0.6666666666666666	0.0	0.0
0.6666666666666666	0.5	0.0	0.0
1.0	0.0	0.0	0.0
1.0	0.0	0.0	0.0
2.0	0.0	0.0	0.0
0.8333333333333334	0.0	0.0	0.0
1.3333333333333333	1.75	0.0	0.0
1.5	0.0	0.0	0.0
2.1666666666666665	0.5	0.5	0.0
1.3333333333333333	0.0	0.0	0.0
2.6666666666666665	0.0	0.0	0.0
1.6666666666666667	1.6	0.0	0.0
0.5	1.75	0.0	0.0
1.1666666666666667	0.6666666666666666	0.0	0.0
0.6666666666666666	0.0	0.0	0.0
2.6666666666666665	0.0	0.0	0.0
1.8333333333333333	0.3333333333333333	0.0	0.0
1.5	0.0	0.0	0.0
1.5	0.0	0.0	0.0
0.5	0.0	0.0	0.0
1.8333333333333333	0.5	0.5	0.0
1.1666666666666667	0.5	0.0	0.0
1.0	0.5	0.0	0.0
1.5	0.0	0.0	0.0
1.1666666666666667	1.0	0.0	0.0
1.6666666666666667	0.0	0.0	0.0
0.5	0.0	0.0	0.0
1.1666666666666667	0.0	0.0	0.0
1.0	0.0	0.0	0.0
0.6666666666666666	1.0	0.0	0.0
0.8333333333333334	0.7142857142857143	0.0	0.0
1.3333333333333333	2.0	0.0	0.0
0.8333333333333334	0.0	0.0	0.0
2.0	2.0	1.0	0.0
1.6666666666666667	0.4	0.0	0.0
2.3333333333333335	1.0	0.0	0.0
0.8333333333333334	0.0	0.0	0.0
1.1666666666666667	0.0	0.0	0.0
0.6666666666666666	0.0	0.0	0.0
1.0	0.2	0.0	0.0
1.3333333333333333	0.0	0.0	0.0
0.8333333333333334	1.1666666666666667	0.0	0.0
2.0	0.6666666666666666	0.0	0.0
1.6666666666666667	0.0	0.0	0.0
1.0	0.0	0.0	0.0
1.1666666666666667	0.0	0.0	0.0
2.0	1.0	0.0	0.0
0.5	0.0	0.0	0.0
1.0	0.0	0.0	0.0
1.5	0.25	0.0	0.0
0.3333333333333333	0.0	0.0	0.0
1.8333333333333333	0.6666666666666666	0.5	0.0
1.1666666666666667	3.0	0.0	0.0
1.5	0.0	0.0	0.0
1.5	0.0	0.0	0.0
1.3333333333333333	1.0	0.0	0.0
1.5	0.0	0.0	0.0
1.8333333333333333	0.0	0.0	0.0
1.0	0.0	0.0	0.0
0.6666666666666666	0.0	0.0	0.0
1.6666666666666667	0.0	0.0	0.0
1.1666666666666667	0.5	0.0	0.0
0.6666666666666666	0.0	0.0	0.0
1.6666666666666667	0.0	0.0	0.0
0.8333333333333334	0.0	0.0	0.0
0.8333333333333334	0.0	0.0	0.0
0.8333333333333334	0.0	0.0	0.0
1.8333333333333333	0.0	0.0	0.0
1.0	1.0	0.0	0.0
1.3333333333333333	1.1666666666666667	0.0	0.0
1.5	0.0	0.0	0.0
1.6666666666666667	0.0	0.0	0.0
1.5	1.6666666666666667	0.0	0.0
2.0	1.0	1.0	0.0
1.1666666666666667	0.0	0.0	0.0
2.0	0.0	0.0	0.0
1.3333333333333333	0.0	0.0	0.0
1.6666666666666667	0.0	0.0	0.0
0.8333333333333334	0.0	0.0	0.0
1.0	0.0	0.0	0.0
2.1666666666666665	0.0	0.0	0.0
2.0	0.0	0.0	0.0
1.1666666666666667	1.0	0.0	0.0
0.8333333333333334	0.0	0.0	0.0
1.3333333333333333	0.0	0.0	0.0
0.8333333333333334	0.0	0.0	0.0
0.6666666666666666	0.0	0.0	0.0
1.5	0.3333333333333333	0.0	0.0
1.1666666666666667	0.0	0.0	0.0
2.0	0.0	0.0	0.0
2.1666666666666665	0.0	0.0	0.0
2.0	0.0	1.0	0.0
1.8333333333333333	0.5	0.0	0.0
1.6666666666666667	1.2857142857142858	0.0	0.0
2.1666666666666665	0.0	0.0	0.0
0.6666666666666666	0.0	0.0	0.0
1.6666666666666667	0.0	0.0	0.0
0.8333333333333334	2.0	0.0	0.0
1.0	0.0	0.0	0.0
1.5	1.0	0.0	0.0
0.5	0.0	0.0	0.0
1.3333333333333333	0.0	0.0	0.0
1.1666666666666667	0.5	0.0	0.0
1.0	0.0	0.0	0.0
1.0	0.0	0.0	0.0
0.8333333333333334	1.0	0.0	0.0
0.6666666666666666	0.0	0.0	0.0
1.0	0.0	0.0	0.0
0.6666666666666666	4.0	0.0	0.0
0.16666666666666666	0.0	0.0	0.0
1.1666666666666667	0.0	0.0	0.0
0.6666666666666666	0.0	0.0	0.0
1.5	0.0	0.0	0.0
1.1666666666666667	0.0	0.0	0.0
1.3333333333333333	0.0	0.0	0.0
1.1666666666666667	0.0	0.0	0.0
1.8333333333333333	1.0	0.0	0.0
1.0	1.5	0.0	0.0
1.3333333333333333	0.0	0.0	0.0
0.5	0.0	0.0	0.0
0.5	1.0	0.0	0.0
1.6666666666666667	0.0	0.0	0.0
0.6666666666666666	0.0	0.0	0.0
1.1666666666666667	1.8333333333333333	0.0	0.0
1.0	0.0	0.0	0.0
1.5	1.0	0.0	0.0
1.5	0.75	0.0	0.0
1.8333333333333333	0.6666666666666666	0.0	0.0
1.5	0.5	0.0	0.0
0.16666666666666666	0.0	0.0	0.0
0.5	0.0	0.0	0.0
1.5	3.0	0.0	0.0
1.3333333333333333	0.0	0.0	0.0
2.1666666666666665	1.3333333333333333	0.0	0.0
2.0	0.0	0.0	0.0
0.8333333333333334	0.0	0.0	0.0
0.5	1.0	0.0	0.0
0.6666666666666666	0.0	0.0	0.0
1.8333333333333333	2.0	0.0	0.0
0.6666666666666666	0.0	0.25	0.0
0.8333333333333334	1.5	0.0	0.0
1.1666666666666667	1.25	0.0	0.0
0.5	0.0	0.0	0.0
0.8333333333333334	1.3333333333333333	0.0	0.0
1.5	0.0	0.0	0.0
1.5	0.0	0.0	0.0
0.8333333333333334	0.3333333333333333	0.0	0.0
1.6666666666666667	0.0	0.0	0.0
0.6666666666666666	0.0	0.0	0.0
0.8333333333333334	0.0	0.0	0.0
1.6666666666666667	0.0	0.0	0.0
1.3333333333333333	0.0	0.0	0.0
1.1666666666666667	0.0	0.0	0.0
0.6666666666666666	0.4	0.0	0.0
2.0	0.6666666666666666	0.0	0.0
0.3333333333333333	0.0	0.0	0.0
1.1666666666666667	0.0	0.0	0.0
1.3333333333333333	1.3333333333333333	0.0	0.0
1.6666666666666667	0.0	0.0	0.0
1.0	0.0	0.0	0.0
1.1666666666666667	0.0	0.5	0.0
1.1666666666666667	0.0	0.0	0.0
1.0	0.0	0.0	0.0
1.0	0.0	0.0	0.0
1.3333333333333333	0.0	0.0	0.0
1.5	1.5	0.0	0.0
0.6666666666666666	0.0	0.0	0.0
1.6666666666666667	0.5	0.0	0.0
1.1666666666666667	1.2857142857142858	0.0	0.0
1.5	0.25	0.0	0.0
0.3333333333333333	0.0	0.0	0.0
1.0	0.0	0.0	0.0
1.5	0.5	0.0	0.0
1.0	0.0	0.0	0.0
1.6666666666666667	0.0	0.0	0.0
0.8333333333333334	0.0	0.0	0.0
1.8333333333333333	0.0	0.0	0.0
0.3333333333333333	0.0	0.0	0.0
1.1666666666666667	0.0	0.0	0.0
1.0	0.25	0.5	0.0
0.5	0.0	0.0	0.0
1.0	0.5	0.0	0.0
1.3333333333333333	0.5	0.0	0.0
0.6666666666666666	2.0	0.0	0.0
1.0	0.0	0.0	0.0
0.8333333333333334	0.0	0.0	0.0
2.0	0.0	0.0	0.0
0.8333333333333334	0.0	0.0	0.0
1.0	0.0	0.0	0.0
1.1666666666666667	0.0	0.0	0.0
1.0	0.0	0.0	0.0
1.3333333333333333	0.5	0.0	0.0
1.3333333333333333	2.0	0.0	0.0
1.0	0.0	0.0	0.0
1.5	0.0	0.0	0.0
0.6666666666666666	0.7272727272727273	0.0	0.0
1.8333333333333333	0.0	0.0	0.0
1.0	1.0	1.0	0.0
0.6666666666666666	0.0	0.0	0.0
0.6666666666666666	0.0	0.0	0.0
0.8333333333333334	0.0	0.0	0.0
0.3333333333333333	0.0	0.0	0.0
1.5	1.25	0.0	0.0
1.0	0.0	0.0	0.0
2.1666666666666665	1.0	0.0	0.0
0.8333333333333334	1.0	0.0	0.0
0.6666666666666666	0.8	0.0	0.0
1.1666666666666667	0.0	0.0	0.0
1.6666666666666667	1.0	0.0	0.0
0.6666666666666666	0.0	0.0	0.0
0.8333333333333334	0.0	0.0	0.0
1.1666666666666667	1.8	0.0	0.0
1.0	0.8571428571428571	0.0	0.0
0.5	0.0	0.0	0.0
0.5	0.0	0.0	0.0
1.5	0.5555555555555556	0.0	0.0
0.0	0.0	0.0	0.0
1.1666666666666667	0.0	0.0	0.0
1.0	0.8333333333333334	0.0	0.0
2.3333333333333335	3.0	0.0	0.0
1.3333333333333333	0.0	0.0	0.0
0.6666666666666666	1.5	0.0	0.0
1.1666666666666667	0.6	0.0	0.0
0.6666666666666666	0.0	0.0	0.0
1.3333333333333333	0.0	0.0	0.0
0.8333333333333334	1.25	0.0	0.0
1.3333333333333333	0.5	0.0	0.0
1.0	0.0	0.0	0.0
1.1666666666666667	0.0	0.0	0.0
0.6666666666666666	0.0	0.0	0.0
1.1666666666666667	1.4444444444444444	0.0	0.0
1.5	0.0	0.0	0.0
1.0	0.5	0.0	0.0
1.0	0.0	0.0	0.0
2.0	0.0	0.0	0.0
1.0	0.0	0.0	0.0
1.1666666666666667	0.0	0.0	0.0
0.3333333333333333	0.0	0.0	0.0
1.1666666666666667	0.0	0.0	0.0
1.0	0.0	0.0	0.0
0.8333333333333334	0.0	0.0	0.0
2.0	1.0	0.0	0.0
2.1666666666666665	0.0	0.0	0.0
1.0	0.0	0.0	0.0
1.3333333333333333	0.0	0.0	0.0
1.0	0.0	0.0	0.0
1.1666666666666667	0.0	0.0	0.0
0.8333333333333334	0.0	0.0	0.0
0.5	0.0	0.0	0.0
0.6666666666666666	0.0	0.0	0.0
1.6666666666666667	0.8	0.0	0.0
1.1666666666666667	2.0	0.0	0.0
0.5	0.0	0.0	0.0
1.6666666666666667	0.0	0.0	0.0
1.6666666666666667	1.0	0.0	0.0
1.6666666666666667	0.0	0.0	0.0
0.3333333333333333	0.0	0.0	0.0
1.0	1.0	0.0	0.0
0.5	0.0	0.0	0.0
1.0	0.3333333333333333	0.0	0.0
0.6666666666666666	0.0	0.0	0.0
0.8333333333333334	0.0	0.0	0.0
1.1666666666666667	0.0	0.0	0.0
0.6666666666666666	0.0	0.0	0.0
1.0	0.0	0.0	0.0
0.3333333333333333	0.0	0.0	0.0
0.6666666666666666	0.7142857142857143	0.0	0.0
1.1666666666666667	1.0	0.0	0.0
1.8333333333333333	0.0	0.0	0.0
1.1666666666666667	0.0	0.0	0.0
1.1666666666666667	0.0	0.0	0.0
0.5	0.0	0.0	0.0
0.6666666666666666	0.0	0.0	0.0
1.3333333333333333	0.0	0.0	0.0
1.0	1.0	0.5	0.0
1.8333333333333333	0.0	0.0	0.0
1.3333333333333333	0.0	0.0	0.0
1.1666666666666667	1.3333333333333333	0.0	0.0
0.8333333333333334	1.0	0.0	0.0
1.0	0.0	0.0	0.0
0.8333333333333334	0.0	0.0	0.0
1.3333333333333333	0.0	0.0	0.0
1.0	1.75	0.0	0.0
1.5	1.0	0.0	0.0
2.0	0.0	0.0	0.0
0.6666666666666666	1.0	0.6666666666666666	0.0
2.1666666666666665	1.0	0.0	0.0
0.8333333333333334	0.0	0.0	0.0
1.6666666666666667	0.0	3.0	0.0
2.0	1.5	0.0	0.0
1.5	0.0	0.0	0.0
1.1666666666666667	0.0	0.0	0.0
1.5	1.0	0.0	0.0
0.8333333333333334	0.0	0.0	0.0
0.5	1.1666666666666667	0.0	0.0
0.5	0.0	0.0	0.0
1.1666666666666667	0.0	0.0	0.0
0.6666666666666666	0.0	0.0	0.0
0.8333333333333334	0.0	0.0	0.0
1.5	0.0	1.5	0.0
0.3333333333333333	0.0	0.0	0.0
0.3333333333333333	0.0	0.0	0.0
1.3333333333333333	0.0	0.0	0.0
2.3333333333333335	1.0	0.0	0.0
1.1666666666666667	1.5	0.0	0.0
2.5	1.0	0.0	0.0
0.3333333333333333	0.0	0.0	0.0
0.3333333333333333	0.0	0.0	0.0
1.5	0.0	0.0	0.0
1.0	0.0	0.0	0.0
1.3333333333333333	0.0	0.0	0.0
0.6666666666666666	0.0	0.0	0.0
2.3333333333333335	1.0	0.0	0.0
1.0	0.6666666666666666	1.5	0.0
1.3333333333333333	0.0	0.0	0.0
1.3333333333333333	0.5	0.0	0.0
1.0	0.0	0.0	0.0
1.3333333333333333	0.5	0.0	0.0
0.3333333333333333	0.0	1.0	0.0
0.6666666666666666	0.0	0.0	0.0
1.0	0.0	0.0	0.0
1.1666666666666667	0.0	0.0	0.0
0.3333333333333333	0.0	0.0	0.0
2.6666666666666665	1.25	0.0	0.0
1.3333333333333333	1.0	0.0	0.0
0.8333333333333334	0.0	0.0	0.0
1.8333333333333333	1.0	0.0	0.0
1.8333333333333333	0.3333333333333333	0.0	0.0
0.3333333333333333	0.75	0.0	0.0
0.8333333333333334	0.0	0.0	0.0
0.3333333333333333	0.0	0.0	0.0
1.0	0.0	0.0	0.0
1.0	0.0	0.0	0.0
0.3333333333333333	0.3333333333333333	0.0	0.0
1.0	0.0	0.0	0.0
1.0	0.0	0.0	0.0
2.0	0.0	0.0	0.0
0.6666666666666666	0.0	0.0	0.0
0.6666666666666666	0.0	0.0	0.0
0.5	0.0	0.0	0.0
1.3333333333333333	0.14285714285714285	0.0	0.0
1.6666666666666667	2.0	0.0	0.0
0.5	1.0	0.0	0.0
1.0	0.0	0.0	0.0
1.8333333333333333	0.0	0.0	0.0
0.5	1.1666666666666667	0.5	0.0
0.5	0.0	0.0	0.0
1.1666666666666667	0.3	0.0	0.0
1.0	0.0	0.0	0.0
0.8333333333333334	0.0	0.0	0.0
2.0	0.3333333333333333	0.0	0.0
0.8333333333333334	0.0	0.0	0.0
0.8333333333333334	0.0	0.0	0.0
0.6666666666666666	1.0	0.0	0.0
1.3333333333333333	0.0	0.0	0.0
0.8333333333333334	0.0	0.0	0.0
1.5	0.0	0.0	0.0
1.6666666666666667	0.0	0.0	0.0
3.6666666666666665	0.0	0.0	0.0
1.8333333333333333	0.0	0.0	0.0
1.1666666666666667	0.5	2.0	0.0
1.0	0.5	0.0	0.0
0.5	0.0	0.0	0.0
1.0	0.0	0.0	0.0
1.5	1.0	0.0	0.0
1.3333333333333333	0.0	0.0	0.0
0.16666666666666666	0.0	0.0	0.0
2.1666666666666665	0.0	0.0	0.0
0.8333333333333334	0.0	0.0	0.0
1.6666666666666667	1.375	1.0	0.0
1.1666666666666667	0.0	0.0	0.0
0.6666666666666666	1.5	0.0	0.0
1.1666666666666667	0.0	0.0	0.0
2.0	0.0	0.0	0.0
1.3333333333333333	0.0	0.0	0.0
2.1666666666666665	0.0	0.0	0.0
0.5	0.0	0.0	0.0
1.1666666666666667	0.0	0.0	0.0
1.3333333333333333	0.0	0.0	0.0
0.8333333333333334	0.0	0.0	0.0
1.5	0.0	0.0	0.0
0.3333333333333333	0.0	0.0	0.0
0.8333333333333334	1.0	0.0	0.0
1.6666666666666667	0.5	0.0	0.0
2.3333333333333335	0.0	0.0	0.0
1.6666666666666667	0.5	0.0	0.0
0.6666666666666666	0.0	0.0	0.0
0.8333333333333334	0.0	0.0	0.0
0.8333333333333334	1.0	0.6666666666666666	0.0
0.8333333333333334	2.5	0.0	0.0
1.0	0.0	0.0	0.0
0.5	0.0	0.0	0.0
1.0	0.3333333333333333	0.0	0.0
1.1666666666666667	0.0	0.0	0.0
1.0	2.0	0.0	0.0
1.3333333333333333	1.3333333333333333	0.0	0.0
1.6666666666666667	0.0	0.0	0.0
1.3333333333333333	0.3333333333333333	0.0	0.0
0.8333333333333334	0.0	0.0	0.0
0.8333333333333334	1.4	0.0	0.0
1.3333333333333333	0.0	0.0	0.0
1.1666666666666667	0.0	0.0	0.0
1.1666666666666667	0.6666666666666666	0.0	0.0
1.5	0.6666666666666666	0.0	0.0
1.0	0.3333333333333333	0.3333333333333333	0.0
0.6666666666666666	2.0	0.5	0.0
0.8333333333333334	0.0	0.0	0.0
1.5	2.0	2.0	0.0
0.8333333333333334	2.5	0.0	0.0
0.8333333333333334	1.0	0.0	0.0
1.8333333333333333	1.0	0.0	0.0
0.3333333333333333	0.0	0.0	0.0
2.0	0.0	0.0	0.0
1.0	0.5	1.3333333333333333	0.0
1.5	0.0	0.0	0.0
1.5	0.0	0.0	0.0
0.5	0.0	0.0	0.0
1.8333333333333333	4.0	0.0	0.0
0.8333333333333334	0.0	3.0	0.0
0.8333333333333334	0.3333333333333333	0.0	0.0
0.8333333333333334	0.5	1.5	0.0
0.8333333333333334	2.0	0.0	0.0
0.6666666666666666	0.0	0.0	0.0
1.5	0.0	0.0	0.0
1.5	1.4	0.0	0.0
1.5	0.0	0.0	0.0
1.3333333333333333	0.0	0.0	0.0
1.8333333333333333	0.6	0.0	0.0
0.8333333333333334	0.0	0.0	0.0
1.5	0.0	0.0	0.0
1.0	0.0	0.0	0.0
0.8333333333333334	0.0	0.0	0.0
1.5	0.0	0.0	0.0
0.8333333333333334	0.0	0.0	0.0
0.5	0.0	0.0	0.0
2.1666666666666665	0.0	0.0	0.0
1.3333333333333333	0.0	0.0	0.0
1.5	2.0	0.0	0.0
1.1666666666666667	0.0	0.0	0.0
0.6666666666666666	0.0	0.0	0.0
1.1666666666666667	0.0	0.0	0.0
1.1666666666666667	1.0	0.0	0.0
1.3333333333333333	0.0	0.0	0.0
1.5	0.0	0.0	0.0
2.1666666666666665	0.6666666666666666	0.0	0.0
0.8333333333333334	0.0	0.0	0.0
0.5	2.0	0.0	0.0
1.8333333333333333	0.0	0.0	0.0
0.5	1.375	1.0	0.0
0.5	1.4545454545454546	0.0	0.0
1.3333333333333333	0.0	0.0	0.0
1.0	0.0	0.0	0.0
1.5	0.0	0.0	0.0
1.3333333333333333	0.0	0.0	0.0
0.6666666666666666	0.0	0.0	0.0
1.6666666666666667	0.0	0.0	0.0
1.3333333333333333	0.625	0.0	0.0
1.6666666666666667	0.0	0.0	0.0
0.6666666666666666	0.0	0.0	0.0
1.1666666666666667	0.0	0.0	0.0
1.1666666666666667	0.0	0.0	0.0
1.8333333333333333	0.5	1.5	0.0
0.6666666666666666	0.0	0.0	0.0
1.6666666666666667	0.0	0.0	0.0
2.0	1.1666666666666667	0.6666666666666666	0.0
1.3333333333333333	1.4	0.0	0.0
1.6666666666666667	0.5	0.0	0.0
2.0	1.0	0.0	0.0
1.3333333333333333	1.0	0.0	0.0
0.5	0.2	0.0	0.0
1.1666666666666667	0.0	0.0	0.0
0.5	0.0	0.0	0.0
1.1666666666666667	1.0	0.0	0.0
0.6666666666666666	0.0	0.0	0.0
1.5	1.0	0.0	0.0
0.5	0.0	0.0	0.0
1.0	0.0	0.0	0.0
0.8333333333333334	0.5	0.0	0.0
1.1666666666666667	0.0	0.0	0.0
1.5	0.75	0.0	0.0
1.0	0.0	0.0	0.0
0.16666666666666666	0.0	0.0	0.0
0.6666666666666666	0.0	0.0	0.0
0.6666666666666666	0.0	0.0	0.0
0.6666666666666666	1.125	0.0	0.0
0.8333333333333334	0.0	0.0	0.0
0.3333333333333333	0.0	0.0	0.0
0.8333333333333334	0.0	0.0	0.0
0.8333333333333334	0.0	0.0	0.0
1.3333333333333333	0.75	0.0	0.0
1.3333333333333333	3.0	0.0	0.0
0.5	0.0	0.0	0.0
0.6666666666666666	0.0	0.0	0.0
0.6666666666666666	0.0	0.0	0.0
1.5	3.0	0.0	0.0
1.8333333333333333	1.6666666666666667	1.0	0.0
1.0	0.0	0.0	0.0
1.1666666666666667	0.5	0.0	0.0
1.0	0.0	0.0	0.0
1.3333333333333333	0.0	0.0	0.0
2.0	1.4	2.0	0.0
1.6666666666666667	0.6666666666666666	0.0	0.0
0.6666666666666666	0.6666666666666666	0.0	0.0
1.0	1.5	0.0	0.0
1.5	0.0	0.0	0.0
2.1666666666666665	0.0	0.0	0.0
1.1666666666666667	0.0	0.0	0.0
1.1666666666666667	2.3333333333333335	1.0	0.0
1.5	1.0	0.0	0.0
1.0	2.0	0.0	0.0
0.8333333333333334	1.625	1.0	0.0
0.3333333333333333	0.75	0.0	0.0
1.0	3.0	0.0	0.0
1.0	0.0	0.0	0.0
1.5	0.0	0.0	0.0
1.1666666666666667	1.0	0.0	0.0
0.6666666666666666	0.0	0.0	0.0
1.3333333333333333	0.0	0.0	0.0
1.6666666666666667	0.0	0.0	0.0
1.1666666666666667	0.0	0.0	0.0
0.8333333333333334	0.9230769230769231	0.0	0.0
1.0	0.0	0.0	0.0
1.6666666666666667	0.0	0.0	0.0
1.8333333333333333	0.0	0.0	0.0
1.0	0.0	0.0	0.0
1.0	1.0	0.0	0.0
2.3333333333333335	0.0	0.0	0.0
1.3333333333333333	0.0	0.0	0.0
2.3333333333333335	0.0	0.0	0.0
2.0	0.5	0.0	0.0
1.0	0.0	0.0	0.0
1.0	1.1666666666666667	0.0	0.0
0.6666666666666666	0.0	0.0	0.0
1.8333333333333333	0.0	0.0	0.0
1.0	0.0	0.0	0.0
1.1666666666666667	2.0	0.0	0.0
1.5	0.0	0.0	0.0
1.5	2.0	0.0	0.0
2.0	1.0	0.0	0.0
1.8333333333333333	0.0	0.0	0.0
0.8333333333333334	1.5	1.0	0.0
1.3333333333333333	2.0	1.0	0.0
1.0	0.0	0.0	0.0
2.0	1.5	0.0	0.0
0.8333333333333334	2.0	0.0	0.0
0.8333333333333334	0.5	0.0	0.0
0.8333333333333334	0.0	1.3333333333333333	0.0
0.5	0.0	0.0	0.0
0.16666666666666666	0.0	0.0	0.0
0.6666666666666666	0.0	0.0	0.0
0.0	0.0	0.0	0.0
0.5	0.0	0.0	0.0
1.1666666666666667	0.0	0.0	0.0
1.3333333333333333	1.0	0.0	0.0
0.8333333333333334	0.0	0.0	0.0
0.3333333333333333	0.0	0.0	0.0
1.6666666666666667	1.375	0.0	0.0
1.6666666666666667	0.0	0.0	0.0
1.5	0.0	0.0	0.0
0.5	0.0	0.0	0.0
0.8333333333333334	2.0	0.0	0.0
1.3333333333333333	1.0	0.0	0.0
1.0	0.0	0.0	0.0
1.3333333333333333	0.0	0.0	0.0
1.0	0.3333333333333333	0.0	0.0
2.1666666666666665	0.8571428571428571	0.0	0.0
0.8333333333333334	0.0	0.0	0.0
1.3333333333333333	0.0	0.0	0.0
2.0	0.0	0.0	0.0
1.0	0.0	0.0	0.0
0.5	1.6428571428571428	0.0	0.0
1.5	0.5	0.0	0.0
1.1666666666666667	0.0	0.0	0.0
1.0	1.125	0.0	0.0
0.6666666666666666	0.0	0.0	0.0
2.0	0.0	0.0	0.0
2.1666666666666665	0.8	0.0	0.0
0.5	0.0	0.0	0.0
1.6666666666666667	0.0	0.0	0.0
1.5	0.0	0.0	0.0
1.1666666666666667	0.6666666666666666	0.0	0.0
2.0	0.5	0.0	0.0
1.5	0.6666666666666666	0.0	0.0
1.1666666666666667	0.0	0.0	0.0
1.6666666666666667	0.0	0.0	0.0
1.0	1.0	0.0	0.0
1.6666666666666667	0.0	0.0	0.0
2.0	0.0	0.0	0.0
0.8333333333333334	0.0	0.0	0.0
1.1666666666666667	0.0	0.0	0.0
1.5	0.0	0.0	0.0
0.5	1.3333333333333333	0.0	0.0
0.6666666666666666	0.0	0.0	0.0
1.6666666666666667	1.2	0.0	0.0
1.5	2.0	0.0	0.0
0.8333333333333334	0.0	0.0	0.0
1.5	0.0	0.0	0.0
2.5	0.5	0.0	0.0
0.5	0.0	0.0	0.0
1.3333333333333333	0.0	0.0	0.0
1.0	0.5	1.6666666666666667	0.0
1.6666666666666667	0.3333333333333333	0.0	0.0
1.0	0.0	0.0	0.0
3.0	0.0	0.0	0.0
1.3333333333333333	0.0	0.6666666666666666	0.0
0.16666666666666666	0.0	0.0	0.0
1.3333333333333333	1.0	0.0	0.0
0.5	0.0	0.0	0.0
0.8333333333333334	1.0	0.0	0.0
0.8333333333333334	0.0	0.0	0.0
1.0	0.0	0.0	0.0
0.6666666666666666	0.0	0.0	0.0
1.5	0.0	0.0	0.0
1.6666666666666667	0.0	0.0	0.0
1.0	0.0	0.0	0.0
1.6666666666666667	0.0	0.0	0.0
0.5	0.0	0.0	0.0
0.6666666666666666	0.0	0.0	0.0
1.6666666666666667	0.4	0.0	0.0
0.8333333333333334	0.0	0.0	0.0
0.5	0.8	0.0	0.0
1.5	0.5	0.0	0.0
1.5	0.9	0.0	0.0
1.0	1.0	0.0	0.0
1.0	0.0	0.0	0.0
0.0	0.0	0.0	0.0
0.6666666666666666	0.0	0.0	0.0
0.8333333333333334	0.0	0.0	0.0
1.0	0.0	0.0	0.0
1.8333333333333333	0.5	0.0	0.0
1.0	0.0	0.0	0.0
1.6666666666666667	3.0	0.0	0.0
1.5	0.0	0.0	0.0
1.6666666666666667	0.0	0.0	0.0
1.0	0.0	0.0	0.0
1.0	0.0	0.0	0.0
0.8333333333333334	0.0	0.0	0.0
0.3333333333333333	0.0	0.0	0.0
1.0	1.5	0.0	0.0
1.8333333333333333	0.0	0.0	0.0
1.3333333333333333	1.0	1.0	0.0
0.5	0.0	0.0	0.0
1.1666666666666667	1.0	0.0	0.0
2.0	0.0	0.0	0.0
1.1666666666666667	2.5	0.0	0.0
0.8333333333333334	0.0	0.0	0.0
1.0	0.0	0.0	0.0
2.1666666666666665	1.1666666666666667	0.0	0.0
1.5	0.42857142857142855	0.0	0.0
1.8333333333333333	2.0	0.0	0.0
1.5	0.0	0.0	0.0
1.3333333333333333	0.0	0.0	0.0
0.6666666666666666	0.0	0.0	0.0
0.5	1.5	1.25	0.0
1.6666666666666667	1.25	0.0	0.0
0.8333333333333334	1.0	0.0	0.0
1.0	1.3333333333333333	0.0	0.0
1.1666666666666667	0.0	0.0	0.0
0.5	0.75	0.0	0.0
0.6666666666666666	0.0	0.0	0.0
1.1666666666666667	0.0	0.0	0.0
2.6666666666666665	0.0	0.0	0.0
0.8333333333333334	0.3333333333333333	0.0	0.0
1.3333333333333333	0.0	0.0	0.0
0.8333333333333334	0.0	1.0	0.0
0.6666666666666666	0.0	0.0	0.0
