110	60	35	3036	0	0	0	0
14	7	13	3013	0	0	0	0
158	87	66	3044	0	0	0	0
57	30	20	3025	0	0	0	0
18	8	10	3016	0	0	0	0
47	15	14	3015	0	0	0	0
10	1	8	3010	0	0	0	0
104	47	26	3038	0	0	0	0
9	10	4	3014	0	0	0	0
332	128	123	3080	0	0	0	0
108	61	49	3045	0	0	0	0
60	21	33	3032	0	0	0	0
85	25	42	3035	0	0	0	0
152	69	59	3037	0	0	0	0
169	54	57	3031	0	0	0	0
105	39	46	3026	0	0	0	0
4	1	1	3010	0	0	0	0
278	103	112	3054	0	0	0	0
145	59	78	3038	0	0	0	0
46	22	21	3019	0	0	0	0
184	97	82	3055	0	0	0	0
96	27	36	3036	0	0	0	0
145	81	84	3048	0	0	0	0
268	112	105	3070	0	0	0	0
159	65	73	3035	0	0	0	0
11	5	4	3013	0	0	0	0
4	0	0	3009	0	0	0	0
76	27	21	3026	0	0	0	0
229	108	77	3074	0	0	0	0
58	28	24	3026	0	0	0	0
24	4	5	3019	0	0	0	0
305	121	113	3059	0	0	0	0
199	85	65	3060	0	0	0	0
9	1	4	3014	0	0	0	0
166	81	74	3032	0	0	0	0
237	111	87	3056	0	0	0	0
216	93	83	3056	0	0	0	0
248	123	120	3066	0	0	0	0
226	106	74	3048	0	0	0	0
185	72	53	3040	0	0	0	0
33	6	10	3021	0	0	0	0
89	50	40	3044	0	0	0	0
241	88	68	3070	0	0	0	0
113	57	49	3045	0	0	0	0
268	99	117	3058	0	0	0	0
219	99	75	3050	0	0	0	0
460	234	180	3091	0	0	0	0
5	0	2	3010	0	0	0	0
77	40	40	3031	0	0	0	0
15	3	8	3009	0	0	0	0
168	83	76	3067	0	0	0	0
100	66	42	3046	0	0	0	0
13	13	7	3016	0	0	0	0
301	113	119	3055	0	0	0	0
87	23	31	3032	0	0	0	0
222	106	56	3056	0	0	0	0
263	137	94	3079	0	0	0	0
140	46	47	3029	0	0	0	0
76	28	29	3021	0	0	0	0
176	70	65	3039	0	0	0	0
24	10	13	3016	0	0	0	0
189	81	79	3055	0	0	0	0
52	16	27	3015	0	0	0	0
132	72	47	3050	0	0	0	0
89	29	34	3025	0	0	0	0
54	21	29	3019	0	0	0	0
3	3	2	3011	0	0	0	0
114	43	35	3032	0	0	0	0
76	46	39	3029	0	0	0	0
32	11	17	3014	0	0	0	0
124	66	43	3043	0	0	0	0
50	31	26	3021	0	0	0	0
1	0	1	3010	0	0	0	0
52	7	15	3027	0	0	0	0
8	10	3	3015	0	0	0	0
88	25	26	3023	0	0	0	0
26	2	5	3018	0	0	0	0
326	112	119	3069	0	0	0	0
241	72	83	3057	0	0	0	0
10	6	7	3017	0	0	0	0
139	59	75	3038	0	0	0	0
2	3	1	3010	0	0	0	0
4	1	3	3010	0	0	0	0
358	165	130	3069	0	0	0	0
195	62	97	3044	0	0	0	0
65	28	21	3021	0	0	0	0
37	8	15	3022	0	0	0	0
36	22	15	3019	0	0	0	0
282	119	95	3066	0	0	0	0
211	83	77	3074	0	0	0	0
65	31	24	3023	0	0	0	0
12	7	10	3011	0	0	0	0
51	24	12	3028	0	0	0	0
20	0	11	3018	0	0	0	0
17	7	9	3017	0	0	0	0
21	10	10	3013	0	0	0	0
31	9	13	3017	0	0	0	0
16	4	4	3015	0	0	0	0
282	121	131	3070	0	0	0	0
4	4	2	3009	0	0	0	0
188	75	82	3056	0	0	0	0
21	8	15	3013	0	0	0	0
120	49	39	3032	0	0	0	0
172	64	59	3050	0	0	0	0
116	48	51	3023	0	0	0	0
197	82	46	3058	0	0	0	0
178	70	65	3043	0	0	0	0
16	6	4	3010	0	0	0	0
11	2	5	3013	0	0	0	0
95	45	28	3029	0	0	0	0
198	82	71	3049	0	0	0	0
25	6	16	3019	0	0	0	0
131	53	47	3043	0	0	0	0
173	100	64	3047	0	0	0	0
86	38	26	3027	0	0	0	0
127	48	55	3039	0	0	0	0
14	6	4	3015	0	0	0	0
41	13	20	3022	0	0	0	0
156	72	80	3034	0	0	0	0
67	25	22	3019	0	0	0	0
246	89	89	3040	0	0	0	0
386	150	129	3076	0	0	0	0
30	14	11	3027	0	0	0	0
122	82	56	3052	0	0	0	0
194	73	72	3054	0	0	0	0
277	137	127	3063	0	0	0	0
40	17	17	3022	0	0	0	0
280	140	128	3088	0	0	0	0
158	89	79	3052	0	0	0	0
166	73	64	3032	0	0	0	0
12	2	5	3011	0	0	0	0
58	25	21	3024	0	0	0	0
214	118	87	3056	0	0	0	0
40	12	11	3019	0	0	0	0
18	18	9	3021	0	0	0	0
89	34	37	3024	0	0	0	0
331	154	150	3094	0	0	0	0
108	45	38	3034	0	0	0	0
155	80	65	3041	0	0	0	0
187	78	74	3043	0	0	0	0
469	209	181	3098	0	0	0	0
102	50	34	3025	0	0	0	0
137	78	72	3048	0	0	0	0
296	131	130	3066	0	0	0	0
226	120	81	3061	0	0	0	0
98	55	37	3032	0	0	0	0
228	128	94	3060	0	0	0	0
92	37	35	3026	0	0	0	0
22	7	5	3010	0	0	0	0
58	16	27	3016	0	0	0	0
211	85	60	3050	0	0	0	0
14	5	5	3009	0	0	0	0
272	127	79	3062	0	0	0	0
79	27	24	3016	0	0	0	0
223	66	65	3053	0	0	0	0
193	105	63	3039	0	0	0	0
193	106	69	3049	0	0	0	0
88	26	31	3034	0	0	0	0
88	19	28	3034	0	0	0	0
23	6	5	3017	0	0	0	0
254	113	96	3066	0	0	0	0
34	18	17	3012	0	0	0	0
181	73	69	3048	0	0	0	0
245	97	108	3062	0	0	0	0
164	101	59	3031	0	0	0	0
51	25	14	3022	0	0	0	0
9	1	2	3009	0	0	0	0
296	104	93	3072	0	0	0	0
5	2	2	3015	0	0	0	0
116	51	48	3029	0	0	0	0
263	119	90	3061	0	0	0	0
69	29	22	3024	0	0	0	0
311	136	86	3076	0	0	0	0
63	24	29	3034	0	0	0	0
7	3	3	3014	0	0	0	0
27	14	27	3014	0	0	0	0
231	106	106	3063	0	0	0	0
146	79	52	3031	0	0	0	0
140	61	55	3025	0	0	0	0
23	13	9	3018	0	0	0	0
59	19	13	3017	0	0	0	0
94	47	33	3027	0	0	0	0
74	42	34	3029	0	0	0	0
251	92	106	3052	0	0	0	0
24	9	9	3017	0	0	0	0
45	14	17	3015	0	0	0	0
316	94	132	3066	0	0	0	0
288	139	124	3052	0	0	0	0
67	28	34	3027	0	0	0	0
50	18	14	3017	0	0	0	0
182	83	73	3040	0	0	0	0
7	0	2	3010	0	0	0	0
138	51	45	3035	0	0	0	0
53	20	19	3039	0	0	0	0
85	43	36	3041	0	0	0	0
50	21	15	3015	0	0	0	0
16	6	5	3013	0	0	0	0
131	63	54	3050	0	0	0	0
101	49	39	3029	0	0	0	0
14	4	2	3010	0	0	0	0
250	129	114	3064	0	0	0	0
90	33	29	3027	0	0	0	0
27	5	11	3013	0	0	0	0
175	58	75	3041	0	0	0	0
97	37	40	3030	0	0	0	0
18	0	4	3017	0	0	0	0
56	17	12	3028	0	0	0	0
148	78	62	3030	0	0	0	0
15	1	8	3012	0	0	0	0
300	127	101	3051	0	0	0	0
93	35	42	3035	0	0	0	0
152	49	68	3046	0	0	0	0
23	7	18	3013	0	0	0	0
409	182	169	3080	0	0	0	0
20	12	5	3015	0	0	0	0
6	4	1	3010	0	0	0	0
144	40	39	3039	0	0	0	0
29	19	15	3016	0	0	0	0
321	142	120	3063	0	0	0	0
100	30	39	3024	0	0	0	0
43	13	18	3024	0	0	0	0
26	8	10	3014	0	0	0	0
72	24	29	3032	0	0	0	0
23	12	8	3014	0	0	0	0
30	9	18	3011	0	0	0	0
98	32	38	3026	0	0	0	0
85	39	20	3031	0	0	0	0
81	19	31	3022	0	0	0	0
110	47	49	3039	0	0	0	0
206	117	80	3044	0	0	0	0
210	86	76	3051	0	0	0	0
340	139	131	3091	0	0	0	0
232	81	102	3054	0	0	0	0
78	51	23	3029	0	0	0	0
146	59	61	3053	0	0	0	0
111	50	45	3035	0	0	0	0
144	56	58	3047	0	0	0	0
191	109	120	3073	0	0	0	0
64	25	36	3025	0	0	0	0
71	30	31	3021	0	0	0	0
299	136	139	3073	0	0	0	0
135	39	48	3043	0	0	0	0
173	67	58	3043	0	0	0	0
5	0	0	3012	0	0	0	0
102	40	40	3035	0	0	0	0
45	13	15	3024	0	0	0	0
51	28	11	3032	0	0	0	0
262	106	86	3058	0	0	0	0
270	102	104	3063	0	0	0	0
186	84	67	3038	0	0	0	0
8	3	9	3014	0	0	0	0
236	141	102	3066	0	0	0	0
3	1	3	3012	0	0	0	0
150	69	63	3038	0	0	0	0
94	57	41	3029	0	0	0	0
257	93	93	3059	0	0	0	0
120	45	61	3022	0	0	0	0
129	82	53	3030	0	0	0	0
223	110	68	3064	0	0	0	0
241	102	107	3075	0	0	0	0
60	24	21	3022	0	0	0	0
50	46	17	3021	0	0	0	0
25	12	15	3014	0	0	0	0
33	13	23	3013	0	0	0	0
19	7	4	3014	0	0	0	0
162	83	72	3053	0	0	0	0
45	9	15	3020	0	0	0	0
183	76	68	3067	0	0	0	0
82	45	43	3031	0	0	0	0
111	41	51	3036	0	0	0	0
97	59	43	3036	0	0	0	0
154	73	56	3041	0	0	0	0
89	59	35	3031	0	0	0	0
202	112	91	3050	0	0	0	0
8	9	7	3012	0	0	0	0
36	28	17	3015	0	0	0	0
53	43	22	3027	0	0	0	0
288	138	107	3060	0	0	0	0
61	21	28	3034	0	0	0	0
236	98	76	3058	0	0	0	0
17	5	1	3015	0	0	0	0
106	46	48	3031	0	0	0	0
248	93	92	3048	0	0	0	0
249	86	72	3055	0	0	0	0
12	2	4	3009	0	0	0	0
292	104	106	3063	0	0	0	0
17	5	5	3014	0	0	0	0
7	1	2	3009	0	0	0	0
34	11	14	3016	0	0	0	0
101	46	49	3034	0	0	0	0
25	8	10	3018	0	0	0	0
111	60	56	3045	0	0	0	0
40	27	15	3023	0	0	0	0
123	51	34	3036	0	0	0	0
60	18	22	3022	0	0	0	0
169	78	77	3034	0	0	0	0
23	9	7	3014	0	0	0	0
37	24	11	3024	0	0	0	0
239	78	93	3048	0	0	0	0
151	62	42	3042	0	0	0	0
256	122	99	3057	0	0	0	0
132	57	57	3041	0	0	0	0
8	2	8	3015	0	0	0	0
108	78	46	3030	0	0	0	0
113	52	40	3052	0	0	0	0
290	141	123	3065	0	0	0	0
7	6	3	3015	0	0	0	0
40	12	24	3021	0	0	0	0
155	46	68	3042	0	0	0	0
33	19	17	3018	0	0	0	0
12	5	11	3016	0	0	0	0
138	64	66	3037	0	0	0	0
90	38	28	3041	0	0	0	0
63	24	23	3025	0	0	0	0
236	98	95	3065	0	0	0	0
70	45	30	3035	0	0	0	0
131	72	55	3034	0	0	0	0
1	0	0	3012	0	0	0	0
70	32	34	3029	0	0	0	0
102	36	38	3032	0	0	0	0
39	15	19	3022	0	0	0	0
91	25	24	3027	0	0	0	0
148	57	64	3035	0	0	0	0
168	81	63	3048	0	0	0	0
142	61	49	3044	0	0	0	0
132	76	56	3034	0	0	0	0
19	7	7	3012	0	0	0	0
227	92	71	3044	0	0	0	0
230	92	112	3077	0	0	0	0
41	11	13	3018	0	0	0	0
186	95	74	3044	0	0	0	0
13	9	3	3016	0	0	0	0
98	54	33	3028	0	0	0	0
106	53	33	3038	0	0	0	0
233	100	93	3055	0	0	0	0
190	97	86	3057	0	0	0	0
209	78	73	3045	0	0	0	0
274	114	99	3061	0	0	0	0
175	72	87	3023	0	0	0	0
97	34	24	3040	0	0	0	0
53	32	21	3028	0	0	0	0
60	29	22	3023	0	0	0	0
244	108	96	3069	0	0	0	0
232	127	91	3060	0	0	0	0
88	53	33	3020	0	0	0	0
418	187	152	3099	0	0	0	0
33	13	13	3019	0	0	0	0
132	45	52	3044	0	0	0	0
96	46	44	3035	0	0	0	0
87	27	33	3023	0	0	0	0
149	84	58	3032	0	0	0	0
2	2	3	3011	0	0	0	0
17	4	8	3015	0	0	0	0
46	23	15	3020	0	0	0	0
133	64	64	3041	0	0	0	0
25	6	7	3016	0	0	0	0
137	85	67	3037	0	0	0	0
269	123	90	3081	0	0	0	0
65	24	28	3022	0	0	0	0
207	74	65	3046	0	0	0	0
203	110	62	3061	0	0	0	0
329	139	129	3062	0	0	0	0
93	48	46	3046	0	0	0	0
235	86	100	3055	0	0	0	0
2	0	0	3009	0	0	0	0
92	51	57	3034	0	0	0	0
192	87	90	3056	0	0	0	0
298	152	105	3084	0	0	0	0
36	25	19	3024	0	0	0	0
82	58	50	3033	0	0	0	0
101	78	41	3036	0	0	0	0
138	48	37	3048	0	0	0	0
275	153	100	3066	0	0	0	0
6	0	1	3014	0	0	0	0
89	36	38	3032	0	0	0	0
43	26	18	3019	0	0	0	0
13	2	6	3013	0	0	0	0
431	196	181	3084	0	0	0	0
55	14	24	3038	0	0	0	0
362	184	144	3084	0	0	0	0
55	36	19	3038	0	0	0	0
18	12	8	3023	0	0	0	0
234	93	82	3065	0	0	0	0
110	40	42	3026	0	0	0	0
63	17	20	3020	0	0	0	0
151	85	59	3027	0	0	0	0
75	37	28	3029	0	0	0	0
261	156	104	3049	0	0	0	0
133	55	64	3023	0	0	0	0
22	11	6	3011	0	0	0	0
171	80	63	3034	0	0	0	0
33	17	12	3023	0	0	0	0
69	11	34	3024	0	0	0	0
7	2	2	3018	0	0	0	0
38	6	11	3015	0	0	0	0
156	81	57	3034	0	0	0	0
63	39	27	3029	0	0	0	0
211	67	80	3056	0	0	0	0
10	2	1	3009	0	0	0	0
163	72	63	3041	0	0	0	0
233	119	80	3061	0	0	0	0
351	137	149	3083	0	0	0	0
11	7	5	3010	0	0	0	0
15	10	8	3020	0	0	0	0
112	41	44	3029	0	0	0	0
64	41	12	3037	0	0	0	0
36	12	16	3020	0	0	0	0
17	1	6	3018	0	0	0	0
253	98	135	3043	0	0	0	0
84	39	25	3023	0	0	0	0
154	48	50	3037	0	0	0	0
298	125	102	3063	0	0	0	0
25	5	13	3012	0	0	0	0
269	99	104	3060	0	0	0	0
11	2	4	3009	0	0	0	0
47	16	11	3015	0	0	0	0
131	48	47	3019	0	0	0	0
42	32	15	3020	0	0	0	0
27	8	8	3014	0	0	0	0
17	8	5	3016	0	0	0	0
3	1	5	3010	0	0	0	0
63	15	19	3028	0	0	0	0
263	83	106	3070	0	0	0	0
187	84	81	3051	0	0	0	0
125	56	58	3022	0	0	0	0
6	1	3	3011	0	0	0	0
128	71	59	3041	0	0	0	0
327	143	111	3066	0	0	0	0
192	67	81	3054	0	0	0	0
257	112	81	3072	0	0	0	0
2	3	2	3009	0	0	0	0
80	20	31	3025	0	0	0	0
92	45	34	3035	0	0	0	0
232	136	91	3055	0	0	0	0
183	73	68	3059	0	0	0	0
17	10	17	3017	0	0	0	0
190	83	77	3053	0	0	0	0
248	115	93	3059	0	0	0	0
212	96	86	3056	0	0	0	0
287	109	128	3048	0	0	0	0
94	37	29	3026	0	0	0	0
2	1	0	3009	0	0	0	0
7	2	0	3013	0	0	0	0
15	5	4	3017	0	0	0	0
127	25	43	3041	0	0	0	0
257	148	106	3070	0	0	0	0
38	12	11	3018	0	0	0	0
327	172	154	3077	0	0	0	0
26	6	7	3014	0	0	0	0
322	126	98	3075	0	0	0	0
170	84	95	3035	0	0	0	0
8	3	0	3017	0	0	0	0
269	111	74	3069	0	0	0	0
28	7	16	3014	0	0	0	0
56	37	31	3017	0	0	0	0
365	135	143	3121	0	0	0	0
94	37	33	3045	0	0	0	0
42	13	16	3019	0	0	0	0
36	14	14	3018	0	0	0	0
91	63	41	3029	0	0	0	0
50	24	30	3026	0	0	0	0
77	56	26	3023	0	0	0	0
107	31	40	3044	0	0	0	0
154	58	55	3044	0	0	0	0
38	17	8	3013	0	0	0	0
227	116	84	3049	0	0	0	0
39	20	21	3029	0	0	0	0
343	133	107	3058	0	0	0	0
210	93	76	3047	0	0	0	0
29	9	7	3021	0	0	0	0
15	3	13	3010	0	0	0	0
29	16	16	3019	0	0	0	0
204	87	89	3036	0	0	0	0
69	21	34	3019	0	0	0	0
432	202	154	3105	0	0	0	0
19	3	4	3015	0	0	0	0
223	100	101	3067	0	0	0	0
283	93	98	3061	0	0	0	0
281	131	109	3087	0	0	0	0
21	6	7	3015	0	0	0	0
408	148	148	3099	0	0	0	0
145	61	37	3027	0	0	0	0
54	24	16	3017	0	0	0	0
36	19	12	3019	0	0	0	0
265	103	110	3066	0	0	0	0
165	92	72	3039	0	0	0	0
27	6	8	3014	0	0	0	0
240	95	102	3071	0	0	0	0
23	10	11	3018	0	0	0	0
283	104	59	3069	0	0	0	0
14	7	8	3018	0	0	0	0
42	18	23	3017	0	0	0	0
31	13	6	3015	0	0	0	0
192	94	67	3037	0	0	0	0
23	9	8	3020	0	0	0	0
147	66	46	3041	0	0	0	0
15	5	4	3013	0	0	0	0
3	0	5	3009	0	0	0	0
239	78	94	3046	0	0	0	0
215	111	102	3068	0	0	0	0
66	32	27	3025	0	0	0	0
65	24	25	3023	0	0	0	0
108	47	43	3035	0	0	0	0
295	135	103	3061	0	0	0	0
185	69	76	3049	0	0	0	0
220	105	79	3070	0	0	0	0
48	19	26	3025	0	0	0	0
198	122	91	3041	0	0	0	0
160	79	60	3042	0	0	0	0
97	41	25	3036	0	0	0	0
105	30	42	3025	0	0	0	0
200	80	75	3050	0	0	0	0
20	4	5	3019	0	0	0	0
15	15	5	3016	0	0	0	0
23	11	12	3010	0	0	0	0
100	34	31	3032	0	0	0	0
228	94	101	3061	0	0	0	0
107	51	52	3050	0	0	0	0
51	18	15	3025	0	0	0	0
155	79	70	3045	0	0	0	0
213	94	73	3055	0	0	0	0
221	123	126	3073	0	0	0	0
33	18	18	3026	0	0	0	0
39	20	21	3022	0	0	0	0
150	61	68	3029	0	0	0	0
47	15	32	3031	0	0	0	0
19	1	7	3012	0	0	0	0
110	56	36	3024	0	0	0	0
37	13	20	3024	0	0	0	0
35	24	13	3028	0	0	0	0
23	9	14	3014	0	0	0	0
43	16	14	3019	0	0	0	0
20	30	17	3011	0	0	0	0
17	10	6	3021	0	0	0	0
28	7	13	3018	0	0	0	0
57	18	21	3021	0	0	0	0
40	15	15	3019	0	0	0	0
95	26	29	3034	0	0	0	0
133	64	47	3044	0	0	0	0
351	174	144	3068	0	0	0	0
9	3	4	3009	0	0	0	0
41	11	16	3022	0	0	0	0
61	28	21	3017	0	0	0	0
56	37	22	3027	0	0	0	0
22	16	18	3021	0	0	0	0
3	1	3	3010	0	0	0	0
223	152	81	3070	0	0	0	0
21	6	13	3017	0	0	0	0
57	20	23	3016	0	0	0	0
146	46	55	3038	0	0	0	0
305	147	119	3065	0	0	0	0
223	83	73	3062	0	0	0	0
34	10	11	3014	0	0	0	0
166	66	54	3061	0	0	0	0
95	25	25	3036	0	0	0	0
29	16	5	3021	0	0	0	0
32	4	9	3020	0	0	0	0
97	33	35	3051	0	0	0	0
52	31	23	3027	0	0	0	0
92	46	40	3027	0	0	0	0
45	25	15	3020	0	0	0	0
115	55	45	3045	0	0	0	0
255	109	114	3060	0	0	0	0
364	177	139	3097	0	0	0	0
47	10	23	3024	0	0	0	0
13	3	2	3010	0	0	0	0
128	58	52	3029	0	0	0	0
212	88	64	3092	0	0	0	0
37	6	10	3024	0	0	0	0
32	16	11	3010	0	0	0	0
319	166	125	3062	0	0	0	0
38	16	8	3012	0	0	0	0
61	26	23	3023	0	0	0	0
10	6	3	3010	0	0	0	0
26	5	11	3015	0	0	0	0
179	80	78	3042	0	0	0	0
220	94	103	3061	0	0	0	0
76	24	37	3022	0	0	0	0
31	10	10	3016	0	0	0	0
109	55	47	3025	0	0	0	0
244	102	92	3037	0	0	0	0
244	119	115	3045	0	0	0	0
33	13	15	3022	0	0	0	0
125	46	29	3043	0	0	0	0
35	14	10	3014	0	0	0	0
77	22	31	3024	0	0	0	0
15	1	14	3009	0	0	0	0
77	30	29	3026	0	0	0	0
221	99	79	3070	0	0	0	0
141	57	54	3035	0	0	0	0
9	4	9	3015	0	0	0	0
245	82	92	3060	0	0	0	0
295	136	110	3075	0	0	0	0
70	48	20	3025	0	0	0	0
35	12	14	3020	0	0	0	0
301	115	108	3092	0	0	0	0
37	21	13	3018	0	0	0	0
252	98	100	3071	0	0	0	0
258	100	113	3035	0	0	0	0
64	34	29	3024	0	0	0	0
63	32	37	3025	0	0	0	0
182	76	67	3042	0	0	0	0
38	20	16	3018	0	0	0	0
218	107	93	3068	0	0	0	0
37	7	13	3022	0	0	0	0
109	51	56	3024	0	0	0	0
12	2	9	3010	0	0	0	0
164	77	60	3041	0	0	0	0
69	23	33	3029	0	0	0	0
136	51	29	3043	0	0	0	0
91	51	47	3022	0	0	0	0
119	72	60	3041	0	0	0	0
37	24	20	3025	0	0	0	0
24	6	13	3012	0	0	0	0
30	7	8	3012	0	0	0	0
13	2	3	3017	0	0	0	0
279	137	126	3080	0	0	0	0
309	131	109	3052	0	0	0	0
23	5	12	3013	0	0	0	0
469	175	150	3115	0	0	0	0
67	33	25	3034	0	0	0	0
111	56	29	3042	0	0	0	0
202	96	74	3042	0	0	0	0
71	23	20	3020	0	0	0	0
68	22	27	3017	0	0	0	0
116	82	52	3039	0	0	0	0
112	52	52	3035	0	0	0	0
162	65	51	3042	0	0	0	0
32	11	12	3016	0	0	0	0
35	9	13	3013	0	0	0	0
41	23	12	3018	0	0	0	0
120	49	41	3045	0	0	0	0
275	114	122	3061	0	0	0	0
100	51	41	3023	0	0	0	0
232	109	102	3054	0	0	0	0
225	67	69	3039	0	0	0	0
22	7	5	3013	0	0	0	0
401	187	175	3123	0	0	0	0
404	192	148	3081	0	0	0	0
222	134	80	3065	0	0	0	0
145	68	51	3033	0	0	0	0
97	59	32	3040	0	0	0	0
275	84	105	3072	0	0	0	0
128	58	56	3035	0	0	0	0
67	23	29	3020	0	0	0	0
12	3	3	3012	0	0	0	0
167	74	65	3033	0	0	0	0
190	79	94	3056	0	0	0	0
284	177	133	3079	0	0	0	0
45	25	29	3020	0	0	0	0
109	69	38	3041	0	0	0	0
417	175	138	3096	0	0	0	0
235	113	87	3055	0	0	0	0
25	14	4	3027	0	0	0	0
165	91	68	3049	0	0	0	0
271	135	92	3065	0	0	0	0
403	147	167	3069	0	0	0	0
23	16	10	3018	0	0	0	0
292	124	119	3065	0	0	0	0
514	180	211	3105	0	0	0	0
20	14	8	3010	0	0	0	0
56	34	30	3018	0	0	0	0
199	100	81	3053	0	0	0	0
197	92	61	3070	0	0	0	0
11	4	6	3010	0	0	0	0
191	93	89	3046	0	0	0	0
15	9	13	3016	0	0	0	0
151	73	49	3040	0	0	0	0
157	75	65	3036	0	0	0	0
64	35	26	3017	0	0	0	0
123	53	41	3038	0	0	0	0
15	7	5	3010	0	0	0	0
83	30	34	3029	0	0	0	0
162	84	64	3035	0	0	0	0
82	24	30	3025	0	0	0	0
255	116	124	3047	0	0	0	0
26	9	3	3014	0	0	0	0
197	126	86	3056	0	0	0	0
224	136	79	3058	0	0	0	0
49	21	20	3025	0	0	0	0
66	25	36	3022	0	0	0	0
33	12	19	3023	0	0	0	0
79	44	32	3021	0	0	0	0
359	141	134	3105	0	0	0	0
259	93	86	3068	0	0	0	0
40	25	17	3018	0	0	0	0
67	21	19	3025	0	0	0	0
276	133	97	3066	0	0	0	0
142	50	53	3028	0	0	0	0
117	62	52	3043	0	0	0	0
94	26	40	3032	0	0	0	0
48	14	19	3029	0	0	0	0
82	35	30	3029	0	0	0	0
202	76	63	3041	0	0	0	0
32	18	20	3013	0	0	0	0
295	116	108	3063	0	0	0	0
265	118	107	3063	0	0	0	0
20	5	13	3014	0	0	0	0
57	28	16	3021	0	0	0	0
470	202	154	3122	0	0	0	0
157	74	49	3042	0	0	0	0
208	86	73	3055	0	0	0	0
254	131	96	3069	0	0	0	0
5	3	2	3010	0	0	0	0
356	155	144	3075	0	0	0	0
44	22	17	3019	0	0	0	0
105	56	46	3025	0	0	0	0
82	47	49	3020	0	0	0	0
78	43	48	3045	0	0	0	0
179	83	76	3044	0	0	0	0
428	210	209	3093	0	0	0	0
132	34	48	3042	0	0	0	0
3	1	4	3010	0	0	0	0
5	2	7	3016	0	0	0	0
155	100	62	3039	0	0	0	0
7	2	3	3011	0	0	0	0
89	45	39	3027	0	0	0	0
178	90	80	3050	0	0	0	0
118	48	44	3039	0	0	0	0
75	42	36	3030	0	0	0	0
177	94	75	3052	0	0	0	0
20	3	7	3013	0	0	0	0
148	51	69	3037	0	0	0	0
5	1	4	3013	0	0	0	0
174	74	82	3037	0	0	0	0
157	64	81	3068	0	0	0	0
220	124	81	3072	0	0	0	0
130	57	55	3029	0	0	0	0
258	107	110	3055	0	0	0	0
185	94	74	3056	0	0	0	0
8	4	4	3010	0	0	0	0
97	29	40	3027	0	0	0	0
48	16	19	3017	0	0	0	0
41	12	11	3020	0	0	0	0
9	2	2	3016	0	0	0	0
238	78	95	3047	0	0	0	0
229	119	117	3055	0	0	0	0
95	42	38	3029	0	0	0	0
80	38	22	3020	0	0	0	0
15	8	3	3016	0	0	0	0
198	82	74	3054	0	0	0	0
77	35	26	3025	0	0	0	0
286	129	101	3059	0	0	0	0
154	118	74	3037	0	0	0	0
29	11	10	3025	0	0	0	0
114	34	41	3023	0	0	0	0
51	11	12	3028	0	0	0	0
7	1	3	3013	0	0	0	0
261	121	104	3078	0	0	0	0
313	122	127	3078	0	0	0	0
193	98	70	3057	0	0	0	0
21	11	7	3015	0	0	0	0
22	10	5	3019	0	0	0	0
50	7	22	3023	0	0	0	0
57	20	18	3023	0	0	0	0
129	77	46	3039	0	0	0	0
144	55	60	3046	0	0	0	0
344	135	136	3064	0	0	0	0
85	43	51	3032	0	0	0	0
28	24	14	3022	0	0	0	0
8	1	4	3012	0	0	0	0
337	146	126	3066	0	0	0	0
47	15	19	3011	0	0	0	0
35	19	16	3013	0	0	0	0
125	54	32	3038	0	0	0	0
50	16	15	3019	0	0	0	0
15	0	2	3014	0	0	0	0
186	68	65	3033	0	0	0	0
25	13	13	3017	0	0	0	0
295	125	144	3069	0	0	0	0
23	9	9	3013	0	0	0	0
264	112	81	3071	0	0	0	0
31	13	13	3013	0	0	0	0
240	114	110	3054	0	0	0	0
228	104	112	3075	0	0	0	0
12	4	4	3010	0	0	0	0
264	113	105	3066	0	0	0	0
251	88	102	3036	0	0	0	0
98	44	37	3035	0	0	0	0
185	77	46	3044	0	0	0	0
54	33	34	3029	0	0	0	0
61	21	26	3024	0	0	0	0
76	46	44	3018	0	0	0	0
215	112	93	3044	0	0	0	0
264	115	100	3058	0	0	0	0
4	1	2	3012	0	0	0	0
112	67	52	3024	0	0	0	0
66	32	30	3029	0	0	0	0
95	28	35	3027	0	0	0	0
196	103	89	3049	0	0	0	0
213	101	74	3056	0	0	0	0
38	19	13	3013	0	0	0	0
14	1	5	3017	0	0	0	0
205	113	90	3051	0	0	0	0
30	8	9	3015	0	0	0	0
69	23	32	3035	0	0	0	0
7	6	0	3012	0	0	0	0
321	110	125	3068	0	0	0	0
274	136	115	3069	0	0	0	0
198	81	80	3071	0	0	0	0
152	87	56	3038	0	0	0	0
77	47	30	3033	0	0	0	0
395	154	166	3065	0	0	0	0
130	77	51	3039	0	0	0	0
268	102	122	3058	0	0	0	0
276	110	124	3055	0	0	0	0
72	40	43	3020	0	0	0	0
25	11	8	3022	0	0	0	0
4	0	1	3010	0	0	0	0
40	20	10	3024	0	0	0	0
15	3	4	3015	0	0	0	0
205	118	99	3072	0	0	0	0
185	71	76	3071	0	0	0	0
38	9	13	3015	0	0	0	0
90	30	42	3028	0	0	0	0
174	85	72	3051	0	0	0	0
4	1	1	3011	0	0	0	0
6	5	3	3014	0	0	0	0
438	193	158	3119	0	0	0	0
120	50	50	3041	0	0	0	0
201	92	75	3067	0	0	0	0
14	9	5	3017	0	0	0	0
295	120	155	3079	0	0	0	0
34	21	8	3016	0	0	0	0
18	5	6	3012	0	0	0	0
379	182	123	3092	0	0	0	0
296	113	103	3056	0	0	0	0
6	2	4	3014	0	0	0	0
79	33	33	3034	0	0	0	0
189	101	76	3044	0	0	0	0
146	63	45	3040	0	0	0	0
102	44	44	3035	0	0	0	0
38	28	13	3014	0	0	0	0
33	15	10	3017	0	0	0	0
7	1	3	3012	0	0	0	0
141	62	53	3047	0	0	0	0
74	37	27	3023	0	0	0	0
73	34	24	3023	0	0	0	0
254	120	94	3054	0	0	0	0
11	3	1	3013	0	0	0	0
93	61	35	3035	0	0	0	0
50	14	11	3014	0	0	0	0
82	27	29	3021	0	0	0	0
160	66	69	3058	0	0	0	0
71	24	26	3042	0	0	0	0
269	105	120	3059	0	0	0	0
109	33	56	3024	0	0	0	0
52	18	5	3024	0	0	0	0
365	139	146	3086	0	0	0	0
97	42	54	3034	0	0	0	0
177	73	70	3040	0	0	0	0
56	18	26	3021	0	0	0	0
104	85	49	3029	0	0	0	0
120	46	41	3040	0	0	0	0
25	21	5	3021	0	0	0	0
28	9	9	3015	0	0	0	0
13	6	2	3013	0	0	0	0
44	22	14	3026	0	0	0	0
181	75	87	3043	0	0	0	0
76	31	34	3022	0	0	0	0
68	38	25	3031	0	0	0	0
16	10	9	3014	0	0	0	0
140	55	58	3040	0	0	0	0
117	58	55	3060	0	0	0	0
205	114	76	3058	0	0	0	0
227	122	93	3050	0	0	0	0
352	135	157	3057	0	0	0	0
79	29	24	3024	0	0	0	0
347	123	133	3073	0	0	0	0
55	41	36	3032	0	0	0	0
172	88	78	3033	0	0	0	0
332	130	126	3058	0	0	0	0
82	32	27	3045	0	0	0	0
7	1	4	3012	0	0	0	0
136	88	56	3043	0	0	0	0
292	127	102	3070	0	0	0	0
71	17	18	3022	0	0	0	0
78	38	28	3032	0	0	0	0
5	1	4	3010	0	0	0	0
22	5	6	3012	0	0	0	0
149	57	48	3037	0	0	0	0
187	69	78	3046	0	0	0	0
62	38	20	3026	0	0	0	0
130	47	43	3042	0	0	0	0
54	9	23	3016	0	0	0	0
229	101	71	3048	0	0	0	0
129	49	55	3028	0	0	0	0
148	69	57	3036	0	0	0	0
173	96	74	3050	0	0	0	0
77	34	39	3027	0	0	0	0
93	47	29	3023	0	0	0	0
170	74	72	3035	0	0	0	0
132	48	57	3033	0	0	0	0
95	40	35	3026	0	0	0	0
73	22	22	3018	0	0	0	0
48	8	16	3023	0	0	0	0
74	33	20	3037	0	0	0	0
3	0	2	3011	0	0	0	0
170	63	67	3045	0	0	0	0
424	138	160	3103	0	0	0	0
19	7	7	3012	0	0	0	0
7	1	4	3011	0	0	0	0
235	100	92	3053	0	0	0	0
28	5	14	3011	0	0	0	0
28	22	14	3014	0	0	0	0
185	80	91	3042	0	0	0	0
51	28	20	3024	0	0	0	0
62	22	35	3021	0	0	0	0
222	132	90	3054	0	0	0	0
196	75	94	3037	0	0	0	0
151	69	54	3048	0	0	0	0
33	5	9	3016	0	0	0	0
136	60	69	3049	0	0	0	0
53	19	17	3016	0	0	0	0
136	48	46	3028	0	0	0	0
73	28	30	3028	0	0	0	0
131	42	47	3032	0	0	0	0
80	18	28	3018	0	0	0	0
127	78	51	3049	0	0	0	0
97	33	29	3026	0	0	0	0
59	24	39	3027	0	0	0	0
74	38	35	3026	0	0	0	0
165	70	68	3045	0	0	0	0
63	26	15	3024	0	0	0	0
155	73	57	3037	0	0	0	0
99	44	39	3031	0	0	0	0
186	121	96	3036	0	0	0	0
52	28	18	3013	0	0	0	0
276	121	116	3070	0	0	0	0
242	135	109	3054	0	0	0	0
282	117	121	3090	0	0	0	0
95	45	31	3031	0	0	0	0
198	68	95	3044	0	0	0	0
159	78	83	3038	0	0	0	0
35	11	9	3018	0	0	0	0
229	101	93	3074	0	0	0	0
103	58	59	3025	0	0	0	0
121	78	52	3046	0	0	0	0
35	9	6	3015	0	0	0	0
265	131	100	3083	0	0	0	0
93	34	37	3039	0	0	0	0
215	80	78	3078	0	0	0	0
17	1	6	3010	0	0	0	0
69	29	26	3044	0	0	0	0
123	52	53	3039	0	0	0	0
7	4	2	3013	0	0	0	0
161	75	57	3044	0	0	0	0
32	9	10	3013	0	0	0	0
324	161	126	3080	0	0	0	0
61	21	16	3038	0	0	0	0
12	3	8	3017	0	0	0	0
12	9	8	3015	0	0	0	0
147	54	58	3040	0	0	0	0
240	98	93	3058	0	0	0	0
68	28	33	3029	0	0	0	0
88	39	33	3026	0	0	0	0
271	104	100	3061	0	0	0	0
264	117	111	3045	0	0	0	0
31	12	12	3023	0	0	0	0
204	91	81	3057	0	0	0	0
70	46	37	3040	0	0	0	0
33	15	17	3020	0	0	0	0
98	43	48	3030	0	0	0	0
321	143	141	3062	0	0	0	0
130	74	57	3041	0	0	0	0
33	17	14	3022	0	0	0	0
90	38	34	3021	0	0	0	0
94	34	36	3038	0	0	0	0
249	78	101	3067	0	0	0	0
101	44	51	3037	0	0	0	0
107	36	50	3035	0	0	0	0
6	2	0	3014	0	0	0	0
177	62	61	3046	0	0	0	0
28	5	10	3016	0	0	0	0
72	28	27	3019	0	0	0	0
27	8	6	3019	0	0	0	0
14	6	7	3016	0	0	0	0
170	73	86	3039	0	0	0	0
152	60	56	3041	0	0	0	0
140	55	49	3038	0	0	0	0
20	8	7	3016	0	0	0	0
66	46	31	3025	0	0	0	0
131	73	55	3027	0	0	0	0
421	192	162	3094	0	0	0	0
116	64	43	3030	0	0	0	0
18	10	13	3019	0	0	0	0
184	50	76	3038	0	0	0	0
148	74	72	3047	0	0	0	0
153	57	54	3038	0	0	0	0
60	16	15	3027	0	0	0	0
21	5	6	3017	0	0	0	0
101	62	36	3029	0	0	0	0
68	34	31	3034	0	0	0	0
207	110	97	3038	0	0	0	0
19	4	4	3009	0	0	0	0
46	9	19	3018	0	0	0	0
162	88	66	3057	0	0	0	0
94	45	28	3036	0	0	0	0
226	99	83	3050	0	0	0	0
46	21	15	3017	0	0	0	0
