87	58	39	3035	0	0	0	0
14	7	13	3013	0	0	0	0
331	124	128	3046	0	0	0	0
187	99	77	3059	0	0	0	0
18	8	10	3016	0	0	0	0
49	21	26	3018	0	0	0	0
15	1	10	3010	0	0	0	0
408	179	145	3068	0	0	0	0
25	16	8	3016	0	0	0	0
257	88	91	3071	0	0	0	0
147	52	41	3062	0	0	0	0
113	36	56	3038	0	0	0	0
91	31	36	3037	0	0	0	0
167	73	82	3036	0	0	0	0
201	71	65	3038	0	0	0	0
180	72	92	3036	0	0	0	0
4	1	1	3010	0	0	0	0
169	82	83	3051	0	0	0	0
59	34	35	3035	0	0	0	0
47	23	20	3019	0	0	0	0
33	12	14	3015	0	0	0	0
80	22	22	3034	0	0	0	0
250	120	117	3063	0	0	0	0
266	96	88	3062	0	0	0	0
152	68	75	3044	0	0	0	0
11	5	4	3013	0	0	0	0
4	0	0	3009	0	0	0	0
60	30	19	3024	0	0	0	0
197	75	71	3053	0	0	0	0
120	67	35	3034	0	0	0	0
24	4	5	3019	0	0	0	0
239	102	75	3058	0	0	0	0
354	137	137	3091	0	0	0	0
9	1	4	3014	0	0	0	0
240	87	112	3062	0	0	0	0
131	44	47	3043	0	0	0	0
88	20	29	3039	0	0	0	0
164	80	74	3049	0	0	0	0
74	18	10	3026	0	0	0	0
125	45	60	3031	0	0	0	0
69	27	27	3034	0	0	0	0
137	63	67	3047	0	0	0	0
262	101	99	3060	0	0	0	0
99	38	32	3024	0	0	0	0
30	11	22	3015	0	0	0	0
162	69	73	3049	0	0	0	0
564	227	215	3141	0	0	0	0
5	0	2	3010	0	0	0	0
130	67	54	3038	0	0	0	0
15	3	8	3009	0	0	0	0
110	52	37	3046	0	0	0	0
68	29	22	3022	0	0	0	0
13	13	7	3016	0	0	0	0
324	110	101	3062	0	0	0	0
344	140	144	3089	0	0	0	0
158	79	61	3049	0	0	0	0
176	71	66	3066	0	0	0	0
115	39	47	3029	0	0	0	0
155	62	64	3044	0	0	0	0
383	150	143	3073	0	0	0	0
42	26	19	3021	0	0	0	0
140	55	51	3042	0	0	0	0
194	62	74	3057	0	0	0	0
335	150	122	3086	0	0	0	0
181	52	79	3042	0	0	0	0
76	21	28	3023	0	0	0	0
3	3	2	3011	0	0	0	0
181	104	70	3026	0	0	0	0
55	30	21	3027	0	0	0	0
67	22	28	3026	0	0	0	0
166	90	56	3037	0	0	0	0
87	44	32	3026	0	0	0	0
1	0	1	3010	0	0	0	0
50	13	16	3026	0	0	0	0
8	10	3	3015	0	0	0	0
134	61	72	3035	0	0	0	0
30	2	7	3018	0	0	0	0
342	127	127	3069	0	0	0	0
341	156	145	3071	0	0	0	0
10	6	7	3017	0	0	0	0
157	70	60	3044	0	0	0	0
2	3	1	3010	0	0	0	0
4	1	3	3010	0	0	0	0
258	112	87	3060	0	0	0	0
247	93	92	3063	0	0	0	0
133	70	60	3041	0	0	0	0
37	8	15	3021	0	0	0	0
43	20	13	3020	0	0	0	0
305	137	98	3071	0	0	0	0
304	129	122	3092	0	0	0	0
138	59	39	3045	0	0	0	0
12	7	10	3011	0	0	0	0
129	54	58	3035	0	0	0	0
20	0	11	3018	0	0	0	0
17	7	9	3017	0	0	0	0
50	18	22	3018	0	0	0	0
47	18	19	3022	0	0	0	0
18	5	4	3015	0	0	0	0
312	135	122	3064	0	0	0	0
4	4	2	3009	0	0	0	0
302	103	123	3066	0	0	0	0
21	7	15	3013	0	0	0	0
86	40	32	3032	0	0	0	0
240	101	98	3082	0	0	0	0
240	106	89	3050	0	0	0	0
301	141	117	3083	0	0	0	0
43	18	21	3018	0	0	0	0
17	6	6	3010	0	0	0	0
11	2	5	3013	0	0	0	0
181	76	84	3048	0	0	0	0
141	57	59	3042	0	0	0	0
44	17	26	3022	0	0	0	0
188	76	105	3048	0	0	0	0
376	166	132	3102	0	0	0	0
189	82	62	3060	0	0	0	0
161	83	60	3040	0	0	0	0
14	6	4	3015	0	0	0	0
104	34	41	3026	0	0	0	0
88	49	51	3021	0	0	0	0
24	10	4	3014	0	0	0	0
189	75	64	3045	0	0	0	0
252	128	95	3055	0	0	0	0
29	12	11	3027	0	0	0	0
67	25	33	3026	0	0	0	0
71	30	22	3030	0	0	0	0
159	50	45	3037	0	0	0	0
40	17	17	3022	0	0	0	0
457	170	193	3104	0	0	0	0
132	65	54	3033	0	0	0	0
50	17	25	3031	0	0	0	0
12	2	5	3011	0	0	0	0
43	15	19	3023	0	0	0	0
224	112	87	3053	0	0	0	0
77	22	28	3033	0	0	0	0
93	46	42	3046	0	0	0	0
14	10	9	3013	0	0	0	0
312	110	115	3086	0	0	0	0
53	20	20	3016	0	0	0	0
54	18	18	3018	0	0	0	0
74	29	26	3038	0	0	0	0
221	104	106	3049	0	0	0	0
231	88	93	3054	0	0	0	0
89	47	35	3039	0	0	0	0
246	94	92	3064	0	0	0	0
129	58	53	3039	0	0	0	0
143	63	50	3046	0	0	0	0
209	108	97	3059	0	0	0	0
82	23	28	3027	0	0	0	0
22	7	5	3010	0	0	0	0
49	14	23	3015	0	0	0	0
255	94	96	3047	0	0	0	0
14	5	5	3009	0	0	0	0
136	70	53	3043	0	0	0	0
70	32	28	3018	0	0	0	0
243	82	90	3068	0	0	0	0
335	159	117	3064	0	0	0	0
163	61	71	3037	0	0	0	0
170	88	66	3071	0	0	0	0
141	37	48	3047	0	0	0	0
174	70	87	3039	0	0	0	0
34	10	14	3020	0	0	0	0
79	27	32	3023	0	0	0	0
156	60	68	3044	0	0	0	0
339	99	128	3080	0	0	0	0
104	81	55	3031	0	0	0	0
84	29	25	3027	0	0	0	0
9	1	2	3009	0	0	0	0
285	137	110	3067	0	0	0	0
5	2	2	3015	0	0	0	0
63	28	20	3018	0	0	0	0
93	18	25	3026	0	0	0	0
43	5	16	3019	0	0	0	0
352	118	105	3076	0	0	0	0
157	69	75	3040	0	0	0	0
7	3	3	3014	0	0	0	0
25	11	17	3018	0	0	0	0
58	15	20	3017	0	0	0	0
37	14	9	3019	0	0	0	0
82	40	29	3029	0	0	0	0
23	13	9	3018	0	0	0	0
55	22	11	3014	0	0	0	0
241	125	80	3050	0	0	0	0
40	16	14	3030	0	0	0	0
255	92	126	3065	0	0	0	0
43	10	14	3018	0	0	0	0
66	22	34	3021	0	0	0	0
151	58	68	3047	0	0	0	0
225	88	89	3064	0	0	0	0
101	27	44	3032	0	0	0	0
51	15	11	3016	0	0	0	0
195	75	96	3051	0	0	0	0
7	0	2	3010	0	0	0	0
220	75	80	3051	0	0	0	0
194	83	78	3046	0	0	0	0
241	149	106	3063	0	0	0	0
86	34	17	3027	0	0	0	0
24	6	7	3013	0	0	0	0
135	80	66	3059	0	0	0	0
281	87	117	3053	0	0	0	0
14	4	2	3010	0	0	0	0
74	39	29	3020	0	0	0	0
150	60	53	3043	0	0	0	0
74	16	33	3019	0	0	0	0
53	18	18	3019	0	0	0	0
93	52	36	3035	0	0	0	0
18	0	4	3017	0	0	0	0
56	18	12	3028	0	0	0	0
43	24	13	3021	0	0	0	0
15	1	8	3012	0	0	0	0
381	169	160	3099	0	0	0	0
115	59	62	3042	0	0	0	0
204	61	87	3047	0	0	0	0
53	34	24	3029	0	0	0	0
359	139	128	3092	0	0	0	0
26	17	6	3015	0	0	0	0
6	4	1	3010	0	0	0	0
176	75	58	3056	0	0	0	0
31	22	13	3018	0	0	0	0
200	120	73	3052	0	0	0	0
95	36	29	3018	0	0	0	0
149	49	54	3035	0	0	0	0
26	8	10	3014	0	0	0	0
67	24	29	3032	0	0	0	0
24	15	9	3014	0	0	0	0
62	22	31	3014	0	0	0	0
268	110	98	3059	0	0	0	0
106	46	34	3028	0	0	0	0
205	111	88	3033	0	0	0	0
142	55	65	3045	0	0	0	0
319	145	125	3068	0	0	0	0
183	82	70	3052	0	0	0	0
417	159	152	3094	0	0	0	0
257	107	111	3058	0	0	0	0
212	99	71	3056	0	0	0	0
78	46	42	3049	0	0	0	0
181	64	63	3040	0	0	0	0
199	76	84	3056	0	0	0	0
121	41	46	3045	0	0	0	0
174	109	91	3042	0	0	0	0
131	57	64	3040	0	0	0	0
241	98	115	3068	0	0	0	0
203	104	89	3040	0	0	0	0
402	157	149	3099	0	0	0	0
5	0	0	3012	0	0	0	0
271	87	92	3077	0	0	0	0
119	43	52	3033	0	0	0	0
143	60	40	3029	0	0	0	0
240	89	87	3063	0	0	0	0
293	108	101	3065	0	0	0	0
241	115	92	3050	0	0	0	0
31	8	20	3015	0	0	0	0
388	163	143	3109	0	0	0	0
3	1	3	3012	0	0	0	0
207	74	91	3046	0	0	0	0
211	100	84	3054	0	0	0	0
274	97	97	3054	0	0	0	0
112	42	41	3021	0	0	0	0
185	55	79	3043	0	0	0	0
107	59	51	3033	0	0	0	0
172	83	55	3050	0	0	0	0
23	9	2	3016	0	0	0	0
136	72	43	3031	0	0	0	0
25	12	15	3014	0	0	0	0
45	14	30	3015	0	0	0	0
19	7	4	3014	0	0	0	0
274	111	103	3054	0	0	0	0
46	9	14	3020	0	0	0	0
238	124	89	3080	0	0	0	0
136	40	54	3042	0	0	0	0
395	151	144	3100	0	0	0	0
276	118	109	3070	0	0	0	0
321	130	137	3092	0	0	0	0
57	30	11	3025	0	0	0	0
236	117	92	3052	0	0	0	0
50	17	16	3016	0	0	0	0
115	42	27	3021	0	0	0	0
121	40	46	3043	0	0	0	0
223	119	87	3064	0	0	0	0
84	29	31	3034	0	0	0	0
191	85	67	3054	0	0	0	0
17	5	1	3015	0	0	0	0
164	70	65	3046	0	0	0	0
163	58	66	3032	0	0	0	0
177	70	57	3041	0	0	0	0
12	2	4	3009	0	0	0	0
235	82	84	3055	0	0	0	0
17	5	5	3014	0	0	0	0
7	1	2	3009	0	0	0	0
36	10	15	3016	0	0	0	0
35	10	16	3017	0	0	0	0
23	5	11	3018	0	0	0	0
59	34	23	3033	0	0	0	0
21	14	9	3025	0	0	0	0
153	56	77	3034	0	0	0	0
63	25	31	3023	0	0	0	0
245	107	93	3060	0	0	0	0
158	64	55	3038	0	0	0	0
77	31	23	3032	0	0	0	0
224	81	85	3046	0	0	0	0
205	57	74	3055	0	0	0	0
269	109	122	3056	0	0	0	0
158	81	56	3044	0	0	0	0
8	2	8	3015	0	0	0	0
98	59	34	3032	0	0	0	0
201	87	77	3062	0	0	0	0
294	118	122	3060	0	0	0	0
4	4	1	3013	0	0	0	0
100	45	52	3037	0	0	0	0
166	79	87	3052	0	0	0	0
23	12	16	3018	0	0	0	0
9	3	11	3014	0	0	0	0
156	75	56	3034	0	0	0	0
99	44	30	3048	0	0	0	0
269	109	94	3066	0	0	0	0
240	103	92	3067	0	0	0	0
89	45	34	3039	0	0	0	0
91	38	33	3030	0	0	0	0
1	0	0	3012	0	0	0	0
31	19	21	3021	0	0	0	0
59	12	18	3023	0	0	0	0
24	11	12	3019	0	0	0	0
86	32	25	3030	0	0	0	0
198	53	79	3055	0	0	0	0
81	39	23	3031	0	0	0	0
142	66	39	3056	0	0	0	0
241	111	102	3064	0	0	0	0
19	7	7	3012	0	0	0	0
196	90	53	3044	0	0	0	0
64	16	30	3031	0	0	0	0
91	27	28	3024	0	0	0	0
162	57	55	3039	0	0	0	0
15	5	3	3015	0	0	0	0
95	38	38	3027	0	0	0	0
375	182	151	3088	0	0	0	0
231	129	81	3066	0	0	0	0
296	113	135	3065	0	0	0	0
84	8	22	3024	0	0	0	0
227	113	99	3045	0	0	0	0
140	84	63	3044	0	0	0	0
67	19	20	3035	0	0	0	0
62	32	22	3029	0	0	0	0
106	37	36	3052	0	0	0	0
288	148	133	3082	0	0	0	0
117	41	55	3040	0	0	0	0
300	108	114	3058	0	0	0	0
426	204	173	3097	0	0	0	0
54	23	23	3021	0	0	0	0
262	92	93	3052	0	0	0	0
52	29	23	3022	0	0	0	0
96	33	47	3023	0	0	0	0
158	83	66	3037	0	0	0	0
2	2	3	3011	0	0	0	0
17	4	8	3015	0	0	0	0
34	13	12	3022	0	0	0	0
51	35	28	3031	0	0	0	0
25	5	7	3016	0	0	0	0
177	71	67	3055	0	0	0	0
324	117	98	3121	0	0	0	0
215	85	103	3060	0	0	0	0
208	85	83	3050	0	0	0	0
130	58	54	3041	0	0	0	0
270	103	98	3072	0	0	0	0
445	192	182	3098	0	0	0	0
22	6	5	3012	0	0	0	0
2	0	0	3009	0	0	0	0
52	27	36	3024	0	0	0	0
249	122	111	3065	0	0	0	0
185	75	76	3051	0	0	0	0
89	44	44	3028	0	0	0	0
253	121	104	3056	0	0	0	0
172	89	73	3041	0	0	0	0
227	90	80	3061	0	0	0	0
314	128	108	3061	0	0	0	0
6	0	1	3014	0	0	0	0
62	25	26	3022	0	0	0	0
51	31	22	3019	0	0	0	0
13	2	6	3013	0	0	0	0
264	139	109	3073	0	0	0	0
57	16	23	3039	0	0	0	0
421	143	208	3104	0	0	0	0
76	22	22	3036	0	0	0	0
14	5	7	3016	0	0	0	0
82	28	36	3029	0	0	0	0
263	94	114	3054	0	0	0	0
320	147	126	3069	0	0	0	0
353	131	128	3049	0	0	0	0
163	51	49	3049	0	0	0	0
87	36	42	3028	0	0	0	0
289	123	128	3062	0	0	0	0
18	13	7	3013	0	0	0	0
148	60	50	3040	0	0	0	0
32	10	11	3023	0	0	0	0
276	112	121	3067	0	0	0	0
7	2	2	3018	0	0	0	0
38	7	11	3015	0	0	0	0
96	32	33	3022	0	0	0	0
104	53	31	3023	0	0	0	0
101	49	44	3032	0	0	0	0
10	2	1	3009	0	0	0	0
101	61	46	3025	0	0	0	0
266	130	115	3081	0	0	0	0
293	118	105	3068	0	0	0	0
15	15	7	3011	0	0	0	0
15	10	8	3020	0	0	0	0
57	39	22	3025	0	0	0	0
134	49	57	3044	0	0	0	0
32	9	12	3020	0	0	0	0
17	1	6	3018	0	0	0	0
209	109	113	3057	0	0	0	0
143	61	53	3040	0	0	0	0
126	44	50	3044	0	0	0	0
372	176	137	3081	0	0	0	0
42	13	22	3015	0	0	0	0
169	59	53	3047	0	0	0	0
11	2	4	3009	0	0	0	0
50	23	14	3017	0	0	0	0
50	27	30	3012	0	0	0	0
64	34	28	3026	0	0	0	0
76	35	29	3030	0	0	0	0
17	8	5	3016	0	0	0	0
3	1	5	3010	0	0	0	0
51	10	18	3023	0	0	0	0
43	18	20	3027	0	0	0	0
50	23	19	3029	0	0	0	0
196	73	80	3042	0	0	0	0
6	1	3	3011	0	0	0	0
108	60	58	3026	0	0	0	0
374	161	111	3077	0	0	0	0
118	44	61	3039	0	0	0	0
153	55	63	3044	0	0	0	0
2	3	2	3009	0	0	0	0
84	23	34	3025	0	0	0	0
45	25	21	3021	0	0	0	0
303	125	107	3076	0	0	0	0
125	70	62	3042	0	0	0	0
16	5	13	3015	0	0	0	0
215	75	79	3056	0	0	0	0
169	81	68	3034	0	0	0	0
158	79	54	3047	0	0	0	0
215	112	114	3046	0	0	0	0
112	58	46	3049	0	0	0	0
2	1	0	3009	0	0	0	0
7	2	0	3013	0	0	0	0
15	5	4	3017	0	0	0	0
68	16	20	3034	0	0	0	0
315	115	112	3089	0	0	0	0
38	15	13	3018	0	0	0	0
336	134	131	3114	0	0	0	0
29	13	6	3016	0	0	0	0
393	148	128	3097	0	0	0	0
397	147	169	3088	0	0	0	0
8	3	0	3017	0	0	0	0
187	71	58	3053	0	0	0	0
20	6	12	3012	0	0	0	0
163	75	41	3028	0	0	0	0
153	54	62	3048	0	0	0	0
59	13	27	3034	0	0	0	0
42	13	16	3021	0	0	0	0
103	36	40	3023	0	0	0	0
161	69	57	3036	0	0	0	0
299	115	130	3092	0	0	0	0
155	89	64	3060	0	0	0	0
85	24	46	3029	0	0	0	0
259	108	102	3067	0	0	0	0
43	20	9	3013	0	0	0	0
52	21	28	3026	0	0	0	0
265	113	101	3071	0	0	0	0
253	77	99	3044	0	0	0	0
156	50	50	3046	0	0	0	0
29	9	7	3021	0	0	0	0
22	2	14	3011	0	0	0	0
32	19	16	3022	0	0	0	0
99	58	55	3025	0	0	0	0
163	64	63	3048	0	0	0	0
489	198	185	3099	0	0	0	0
19	3	4	3015	0	0	0	0
136	57	65	3058	0	0	0	0
22	7	12	3016	0	0	0	0
441	201	167	3113	0	0	0	0
22	9	5	3013	0	0	0	0
229	95	94	3058	0	0	0	0
239	107	94	3064	0	0	0	0
64	28	20	3023	0	0	0	0
42	18	15	3019	0	0	0	0
215	105	93	3050	0	0	0	0
115	54	46	3027	0	0	0	0
27	6	8	3014	0	0	0	0
324	130	142	3069	0	0	0	0
40	10	22	3024	0	0	0	0
237	89	64	3060	0	0	0	0
14	7	8	3018	0	0	0	0
82	40	36	3024	0	0	0	0
21	9	6	3015	0	0	0	0
347	150	126	3064	0	0	0	0
18	6	7	3019	0	0	0	0
118	42	34	3044	0	0	0	0
15	5	4	3013	0	0	0	0
3	0	5	3009	0	0	0	0
283	106	118	3068	0	0	0	0
79	45	38	3032	0	0	0	0
109	47	49	3029	0	0	0	0
149	63	46	3038	0	0	0	0
175	80	91	3048	0	0	0	0
149	60	61	3050	0	0	0	0
317	113	108	3095	0	0	0	0
219	102	94	3058	0	0	0	0
189	52	65	3062	0	0	0	0
190	86	78	3052	0	0	0	0
268	126	117	3066	0	0	0	0
73	22	25	3029	0	0	0	0
37	8	15	3015	0	0	0	0
227	80	93	3051	0	0	0	0
20	4	5	3019	0	0	0	0
15	15	5	3016	0	0	0	0
23	11	11	3010	0	0	0	0
92	41	33	3030	0	0	0	0
200	117	86	3049	0	0	0	0
41	20	10	3029	0	0	0	0
92	24	37	3036	0	0	0	0
84	36	45	3027	0	0	0	0
276	106	80	3087	0	0	0	0
142	57	60	3032	0	0	0	0
36	21	18	3030	0	0	0	0
42	25	23	3022	0	0	0	0
49	15	17	3015	0	0	0	0
36	5	21	3023	0	0	0	0
36	12	9	3013	0	0	0	0
156	69	76	3031	0	0	0	0
310	120	153	3090	0	0	0	0
62	35	18	3033	0	0	0	0
22	9	13	3014	0	0	0	0
50	20	20	3021	0	0	0	0
22	9	15	3011	0	0	0	0
24	15	6	3022	0	0	0	0
42	15	8	3018	0	0	0	0
45	12	17	3023	0	0	0	0
56	13	13	3024	0	0	0	0
180	59	71	3050	0	0	0	0
203	75	54	3070	0	0	0	0
170	69	64	3043	0	0	0	0
9	3	4	3009	0	0	0	0
41	11	16	3022	0	0	0	0
54	26	18	3019	0	0	0	0
96	44	22	3034	0	0	0	0
23	12	13	3022	0	0	0	0
3	1	3	3010	0	0	0	0
147	87	56	3041	0	0	0	0
22	6	13	3017	0	0	0	0
129	62	57	3030	0	0	0	0
194	61	60	3055	0	0	0	0
318	132	133	3068	0	0	0	0
192	97	69	3062	0	0	0	0
76	36	30	3021	0	0	0	0
210	84	76	3071	0	0	0	0
44	8	10	3023	0	0	0	0
53	12	19	3023	0	0	0	0
175	65	57	3039	0	0	0	0
86	21	27	3045	0	0	0	0
54	42	27	3026	0	0	0	0
176	73	78	3051	0	0	0	0
79	32	32	3022	0	0	0	0
184	98	63	3057	0	0	0	0
81	29	30	3036	0	0	0	0
287	125	105	3091	0	0	0	0
57	8	24	3021	0	0	0	0
13	3	2	3010	0	0	0	0
76	22	24	3028	0	0	0	0
275	104	97	3074	0	0	0	0
37	6	13	3024	0	0	0	0
136	60	72	3027	0	0	0	0
325	128	116	3067	0	0	0	0
38	16	8	3012	0	0	0	0
329	140	152	3070	0	0	0	0
10	6	3	3010	0	0	0	0
25	4	10	3015	0	0	0	0
70	14	25	3028	0	0	0	0
353	139	132	3064	0	0	0	0
52	26	27	3018	0	0	0	0
232	87	98	3047	0	0	0	0
116	61	51	3025	0	0	0	0
176	83	76	3038	0	0	0	0
34	19	18	3022	0	0	0	0
43	15	16	3034	0	0	0	0
250	105	90	3051	0	0	0	0
112	44	27	3027	0	0	0	0
186	80	87	3051	0	0	0	0
63	29	51	3011	0	0	0	0
54	32	16	3026	0	0	0	0
236	100	114	3083	0	0	0	0
267	94	82	3056	0	0	0	0
9	4	9	3015	0	0	0	0
251	105	98	3059	0	0	0	0
210	80	66	3059	0	0	0	0
54	24	25	3020	0	0	0	0
42	11	15	3022	0	0	0	0
406	187	163	3071	0	0	0	0
37	21	13	3018	0	0	0	0
262	95	104	3081	0	0	0	0
147	65	44	3032	0	0	0	0
88	34	32	3020	0	0	0	0
140	55	68	3044	0	0	0	0
185	81	58	3045	0	0	0	0
45	21	19	3019	0	0	0	0
204	90	65	3045	0	0	0	0
33	7	10	3020	0	0	0	0
253	97	104	3070	0	0	0	0
12	2	9	3010	0	0	0	0
122	58	36	3037	0	0	0	0
119	50	67	3025	0	0	0	0
73	27	28	3028	0	0	0	0
85	42	53	3024	0	0	0	0
80	34	32	3035	0	0	0	0
179	97	93	3036	0	0	0	0
85	29	49	3030	0	0	0	0
29	6	8	3012	0	0	0	0
13	2	3	3017	0	0	0	0
444	194	150	3096	0	0	0	0
418	170	144	3063	0	0	0	0
23	5	12	3013	0	0	0	0
183	79	67	3055	0	0	0	0
108	40	45	3040	0	0	0	0
295	118	93	3067	0	0	0	0
166	64	64	3037	0	0	0	0
47	13	16	3015	0	0	0	0
71	28	31	3017	0	0	0	0
106	47	40	3043	0	0	0	0
221	108	82	3050	0	0	0	0
74	30	30	3023	0	0	0	0
32	11	12	3016	0	0	0	0
291	135	99	3055	0	0	0	0
81	49	28	3021	0	0	0	0
479	167	190	3104	0	0	0	0
231	80	78	3057	0	0	0	0
32	15	20	3012	0	0	0	0
224	119	99	3060	0	0	0	0
349	128	136	3066	0	0	0	0
22	7	5	3013	0	0	0	0
375	132	160	3117	0	0	0	0
253	101	88	3082	0	0	0	0
139	68	46	3041	0	0	0	0
263	90	107	3064	0	0	0	0
84	41	32	3042	0	0	0	0
266	87	115	3075	0	0	0	0
142	50	56	3039	0	0	0	0
156	89	66	3036	0	0	0	0
12	3	3	3012	0	0	0	0
255	113	106	3052	0	0	0	0
138	80	65	3045	0	0	0	0
177	90	68	3050	0	0	0	0
112	63	39	3037	0	0	0	0
278	127	96	3075	0	0	0	0
273	113	104	3077	0	0	0	0
91	54	26	3037	0	0	0	0
29	14	5	3028	0	0	0	0
136	55	49	3027	0	0	0	0
151	77	58	3041	0	0	0	0
353	136	143	3102	0	0	0	0
103	66	45	3031	0	0	0	0
124	41	41	3035	0	0	0	0
419	136	131	3092	0	0	0	0
15	14	7	3010	0	0	0	0
182	91	84	3041	0	0	0	0
317	143	114	3067	0	0	0	0
136	61	52	3054	0	0	0	0
11	4	6	3010	0	0	0	0
301	109	136	3072	0	0	0	0
8	6	6	3015	0	0	0	0
200	84	83	3049	0	0	0	0
155	104	78	3040	0	0	0	0
29	7	13	3009	0	0	0	0
46	20	15	3034	0	0	0	0
15	7	5	3010	0	0	0	0
275	101	118	3079	0	0	0	0
56	19	22	3021	0	0	0	0
320	126	153	3092	0	0	0	0
265	129	98	3065	0	0	0	0
26	9	3	3014	0	0	0	0
301	158	141	3078	0	0	0	0
216	76	63	3052	0	0	0	0
47	23	19	3024	0	0	0	0
163	71	70	3047	0	0	0	0
257	105	84	3062	0	0	0	0
94	47	38	3023	0	0	0	0
209	94	81	3049	0	0	0	0
196	92	67	3058	0	0	0	0
85	45	37	3022	0	0	0	0
210	78	86	3039	0	0	0	0
361	140	146	3088	0	0	0	0
72	32	29	3039	0	0	0	0
156	95	71	3052	0	0	0	0
78	36	31	3023	0	0	0	0
58	23	24	3029	0	0	0	0
66	27	23	3027	0	0	0	0
137	37	41	3024	0	0	0	0
41	27	21	3014	0	0	0	0
189	82	68	3046	0	0	0	0
111	37	44	3034	0	0	0	0
20	7	12	3015	0	0	0	0
76	50	29	3028	0	0	0	0
421	161	163	3121	0	0	0	0
224	87	100	3061	0	0	0	0
177	76	95	3036	0	0	0	0
173	60	44	3036	0	0	0	0
5	3	2	3010	0	0	0	0
179	130	104	3068	0	0	0	0
37	14	17	3018	0	0	0	0
66	44	35	3026	0	0	0	0
47	21	20	3014	0	0	0	0
68	29	41	3029	0	0	0	0
146	59	49	3042	0	0	0	0
367	172	132	3094	0	0	0	0
131	38	39	3033	0	0	0	0
3	1	4	3010	0	0	0	0
5	2	6	3016	0	0	0	0
17	13	4	3016	0	0	0	0
7	2	3	3011	0	0	0	0
50	16	10	3026	0	0	0	0
247	103	101	3062	0	0	0	0
163	77	56	3051	0	0	0	0
187	92	82	3052	0	0	0	0
145	61	57	3036	0	0	0	0
25	9	9	3014	0	0	0	0
87	46	46	3026	0	0	0	0
5	1	4	3013	0	0	0	0
220	76	81	3048	0	0	0	0
142	68	69	3057	0	0	0	0
251	134	113	3070	0	0	0	0
178	71	63	3024	0	0	0	0
284	106	92	3067	0	0	0	0
269	120	86	3074	0	0	0	0
8	4	4	3010	0	0	0	0
165	49	76	3026	0	0	0	0
27	9	10	3015	0	0	0	0
81	40	25	3023	0	0	0	0
9	2	2	3016	0	0	0	0
205	43	85	3055	0	0	0	0
201	104	87	3055	0	0	0	0
120	31	52	3042	0	0	0	0
115	39	44	3040	0	0	0	0
15	8	3	3016	0	0	0	0
239	87	106	3045	0	0	0	0
110	50	41	3039	0	0	0	0
285	122	98	3049	0	0	0	0
124	72	57	3036	0	0	0	0
32	18	9	3021	0	0	0	0
168	72	67	3039	0	0	0	0
52	12	12	3026	0	0	0	0
7	1	3	3013	0	0	0	0
269	156	99	3080	0	0	0	0
141	49	48	3066	0	0	0	0
305	129	103	3068	0	0	0	0
22	13	8	3015	0	0	0	0
21	10	5	3022	0	0	0	0
91	33	36	3039	0	0	0	0
68	34	23	3026	0	0	0	0
60	24	22	3018	0	0	0	0
141	65	51	3055	0	0	0	0
384	163	137	3080	0	0	0	0
70	29	38	3029	0	0	0	0
45	31	27	3025	0	0	0	0
8	1	4	3012	0	0	0	0
445	184	165	3097	0	0	0	0
109	43	50	3030	0	0	0	0
32	19	14	3012	0	0	0	0
61	35	19	3029	0	0	0	0
182	58	73	3030	0	0	0	0
15	0	2	3014	0	0	0	0
117	34	47	3034	0	0	0	0
23	10	12	3017	0	0	0	0
182	88	73	3044	0	0	0	0
23	9	9	3013	0	0	0	0
150	56	52	3050	0	0	0	0
39	18	14	3015	0	0	0	0
134	68	49	3036	0	0	0	0
276	121	114	3085	0	0	0	0
12	4	4	3010	0	0	0	0
177	67	60	3054	0	0	0	0
183	66	75	3051	0	0	0	0
266	116	85	3062	0	0	0	0
59	41	21	3038	0	0	0	0
250	111	102	3059	0	0	0	0
189	69	103	3060	0	0	0	0
107	48	41	3026	0	0	0	0
243	99	103	3072	0	0	0	0
392	203	166	3099	0	0	0	0
4	1	2	3012	0	0	0	0
188	83	55	3065	0	0	0	0
185	88	81	3043	0	0	0	0
61	13	20	3023	0	0	0	0
34	12	8	3020	0	0	0	0
227	94	73	3058	0	0	0	0
38	19	13	3013	0	0	0	0
14	1	5	3017	0	0	0	0
77	43	26	3026	0	0	0	0
44	17	10	3015	0	0	0	0
152	50	52	3040	0	0	0	0
7	6	0	3012	0	0	0	0
326	134	133	3083	0	0	0	0
279	131	115	3082	0	0	0	0
160	56	54	3052	0	0	0	0
126	63	69	3034	0	0	0	0
160	81	54	3056	0	0	0	0
201	105	109	3053	0	0	0	0
64	36	25	3022	0	0	0	0
225	76	93	3068	0	0	0	0
132	49	59	3035	0	0	0	0
26	18	15	3013	0	0	0	0
83	46	33	3031	0	0	0	0
4	0	1	3010	0	0	0	0
107	63	55	3044	0	0	0	0
15	4	6	3015	0	0	0	0
201	128	83	3074	0	0	0	0
286	121	105	3067	0	0	0	0
58	13	26	3018	0	0	0	0
88	18	19	3020	0	0	0	0
77	36	25	3021	0	0	0	0
4	1	1	3011	0	0	0	0
6	5	3	3014	0	0	0	0
317	169	124	3101	0	0	0	0
242	118	103	3059	0	0	0	0
173	59	69	3043	0	0	0	0
14	9	5	3017	0	0	0	0
123	47	53	3033	0	0	0	0
161	72	90	3026	0	0	0	0
19	8	6	3013	0	0	0	0
305	128	128	3076	0	0	0	0
102	45	33	3033	0	0	0	0
6	2	4	3014	0	0	0	0
64	21	25	3027	0	0	0	0
231	90	87	3051	0	0	0	0
99	34	44	3039	0	0	0	0
169	75	91	3064	0	0	0	0
42	30	15	3019	0	0	0	0
31	14	11	3016	0	0	0	0
7	1	3	3012	0	0	0	0
176	72	64	3059	0	0	0	0
163	42	43	3044	0	0	0	0
238	100	84	3049	0	0	0	0
244	101	93	3064	0	0	0	0
11	3	6	3013	0	0	0	0
111	57	38	3036	0	0	0	0
50	14	12	3014	0	0	0	0
86	52	43	3029	0	0	0	0
151	74	56	3056	0	0	0	0
60	20	28	3038	0	0	0	0
195	81	93	3055	0	0	0	0
42	13	27	3013	0	0	0	0
207	91	71	3054	0	0	0	0
356	159	152	3070	0	0	0	0
23	16	20	3016	0	0	0	0
138	59	45	3033	0	0	0	0
42	8	16	3022	0	0	0	0
122	63	46	3032	0	0	0	0
99	47	45	3031	0	0	0	0
24	21	5	3021	0	0	0	0
28	7	8	3015	0	0	0	0
13	6	2	3013	0	0	0	0
32	18	10	3022	0	0	0	0
130	76	60	3045	0	0	0	0
31	12	22	3014	0	0	0	0
39	14	14	3017	0	0	0	0
17	9	9	3014	0	0	0	0
75	28	28	3021	0	0	0	0
319	131	108	3112	0	0	0	0
234	98	106	3050	0	0	0	0
244	126	90	3049	0	0	0	0
270	85	101	3069	0	0	0	0
29	7	8	3020	0	0	0	0
375	162	138	3081	0	0	0	0
133	66	67	3046	0	0	0	0
69	27	26	3019	0	0	0	0
363	118	140	3085	0	0	0	0
140	72	48	3055	0	0	0	0
7	1	4	3012	0	0	0	0
122	57	40	3063	0	0	0	0
310	118	90	3075	0	0	0	0
77	25	30	3023	0	0	0	0
160	66	64	3043	0	0	0	0
5	1	4	3010	0	0	0	0
22	5	6	3012	0	0	0	0
148	66	59	3034	0	0	0	0
192	57	78	3043	0	0	0	0
39	16	10	3021	0	0	0	0
128	67	52	3049	0	0	0	0
32	5	14	3016	0	0	0	0
167	78	62	3035	0	0	0	0
181	76	76	3053	0	0	0	0
75	31	39	3019	0	0	0	0
354	146	135	3076	0	0	0	0
174	89	81	3054	0	0	0	0
60	22	20	3017	0	0	0	0
65	33	22	3024	0	0	0	0
142	53	73	3031	0	0	0	0
192	87	94	3033	0	0	0	0
74	13	25	3022	0	0	0	0
114	51	53	3035	0	0	0	0
69	38	26	3029	0	0	0	0
3	0	2	3011	0	0	0	0
58	21	23	3032	0	0	0	0
301	135	131	3055	0	0	0	0
15	5	6	3012	0	0	0	0
7	1	4	3011	0	0	0	0
139	38	44	3030	0	0	0	0
35	8	15	3016	0	0	0	0
15	10	6	3012	0	0	0	0
70	24	42	3028	0	0	0	0
27	13	11	3018	0	0	0	0
267	108	106	3041	0	0	0	0
231	89	101	3045	0	0	0	0
128	41	55	3027	0	0	0	0
193	63	79	3050	0	0	0	0
34	5	9	3017	0	0	0	0
346	156	137	3076	0	0	0	0
89	34	39	3021	0	0	0	0
308	110	126	3047	0	0	0	0
122	70	63	3050	0	0	0	0
210	73	89	3054	0	0	0	0
34	16	26	3018	0	0	0	0
102	57	35	3034	0	0	0	0
207	90	81	3042	0	0	0	0
196	77	93	3047	0	0	0	0
227	78	89	3055	0	0	0	0
128	55	55	3034	0	0	0	0
54	15	18	3022	0	0	0	0
47	18	17	3016	0	0	0	0
106	60	51	3019	0	0	0	0
247	105	96	3049	0	0	0	0
47	21	16	3012	0	0	0	0
391	144	152	3086	0	0	0	0
113	28	34	3041	0	0	0	0
286	103	121	3069	0	0	0	0
187	81	63	3040	0	0	0	0
329	118	141	3075	0	0	0	0
8	13	4	3010	0	0	0	0
35	11	10	3018	0	0	0	0
199	105	71	3069	0	0	0	0
144	57	68	3033	0	0	0	0
49	25	14	3022	0	0	0	0
35	9	6	3015	0	0	0	0
123	57	36	3054	0	0	0	0
253	132	108	3044	0	0	0	0
272	122	114	3084	0	0	0	0
17	1	6	3010	0	0	0	0
187	80	78	3064	0	0	0	0
100	52	35	3045	0	0	0	0
7	4	2	3013	0	0	0	0
85	47	25	3046	0	0	0	0
68	32	30	3018	0	0	0	0
337	135	106	3089	0	0	0	0
45	8	8	3031	0	0	0	0
41	11	12	3016	0	0	0	0
51	26	26	3020	0	0	0	0
197	63	67	3042	0	0	0	0
205	78	105	3055	0	0	0	0
37	10	23	3022	0	0	0	0
135	46	50	3034	0	0	0	0
263	122	97	3054	0	0	0	0
234	116	110	3059	0	0	0	0
20	9	11	3017	0	0	0	0
225	93	93	3059	0	0	0	0
134	52	48	3046	0	0	0	0
203	87	75	3039	0	0	0	0
85	22	34	3024	0	0	0	0
253	106	107	3056	0	0	0	0
84	82	65	3040	0	0	0	0
74	39	24	3032	0	0	0	0
64	39	23	3020	0	0	0	0
241	107	84	3078	0	0	0	0
308	102	109	3106	0	0	0	0
276	113	108	3075	0	0	0	0
214	95	84	3049	0	0	0	0
6	2	0	3014	0	0	0	0
179	68	91	3055	0	0	0	0
49	9	19	3019	0	0	0	0
53	16	28	3018	0	0	0	0
41	13	8	3021	0	0	0	0
14	6	7	3016	0	0	0	0
310	126	118	3077	0	0	0	0
164	40	54	3048	0	0	0	0
70	24	19	3026	0	0	0	0
20	8	7	3016	0	0	0	0
118	65	52	3039	0	0	0	0
171	74	58	3056	0	0	0	0
163	94	81	3062	0	0	0	0
95	47	53	3033	0	0	0	0
18	10	13	3019	0	0	0	0
117	41	66	3025	0	0	0	0
314	137	119	3088	0	0	0	0
145	57	47	3046	0	0	0	0
64	35	26	3035	0	0	0	0
21	5	6	3017	0	0	0	0
30	9	12	3020	0	0	0	0
145	81	66	3038	0	0	0	0
266	98	116	3085	0	0	0	0
19	4	4	3009	0	0	0	0
45	9	17	3017	0	0	0	0
157	89	71	3056	0	0	0	0
34	2	15	3018	0	0	0	0
240	94	90	3072	0	0	0	0
53	21	16	3019	0	0	0	0
