14	3	2	1006	0	0	0	0
48	22	28	1022	0	0	0	0
0	0	1	1004	0	0	0	0
55	19	19	1016	0	0	0	0
2	4	4	1004	0	0	0	0
86	27	21	1012	0	0	0	0
73	44	27	1030	0	0	0	0
126	51	51	1031	0	0	0	0
21	8	13	1006	0	0	0	0
69	19	26	1021	0	0	0	0
11	5	6	1005	0	0	0	0
16	13	15	1008	0	0	0	0
1	1	3	1005	0	0	0	0
37	10	17	1012	0	0	0	0
32	19	14	1014	0	0	0	0
11	1	5	1006	0	0	0	0
10	8	4	1010	0	0	0	0
12	11	9	1011	0	0	0	0
9	0	2	1005	0	0	0	0
395	159	151	1070	0	0	0	0
1	0	0	1007	0	0	0	0
40	23	24	1014	0	0	0	0
17	4	3	1009	0	0	0	0
12	3	1	1007	0	0	0	0
6	1	3	1006	0	0	0	0
133	59	53	1024	0	0	0	0
1	0	0	1004	0	0	0	0
310	159	139	1046	0	0	0	0
171	63	80	1042	0	0	0	0
15	6	4	1009	0	0	0	0
86	37	30	1025	0	0	0	0
13	1	7	1005	0	0	0	0
33	17	5	1006	0	0	0	0
337	135	142	1065	0	0	0	0
426	188	202	1088	0	0	0	0
90	44	21	1032	0	0	0	0
2	0	1	1004	0	0	0	0
1	2	1	1004	0	0	0	0
200	105	99	1040	0	0	0	0
350	147	135	1065	0	0	0	0
39	16	29	1010	0	0	0	0
46	20	24	1019	0	0	0	0
16	5	4	1005	0	0	0	0
95	40	51	1022	0	0	0	0
1	2	3	1014	0	0	0	0
7	1	2	1012	0	0	0	0
223	92	90	1045	0	0	0	0
32	15	18	1009	0	0	0	0
117	43	42	1022	0	0	0	0
165	66	52	1029	0	0	0	0
29	17	12	1010	0	0	0	0
1	0	0	1004	0	0	0	0
115	38	40	1033	0	0	0	0
28	3	6	1008	0	0	0	0
22	2	10	1004	0	0	0	0
138	56	51	1036	0	0	0	0
467	214	180	1071	0	0	0	0
280	86	103	1057	0	0	0	0
9	9	5	1009	0	0	0	0
435	201	163	1057	0	0	0	0
62	18	17	1007	0	0	0	0
1	0	2	1004	0	0	0	0
163	77	67	1048	0	0	0	0
5	8	0	1008	0	0	0	0
424	195	186	1060	0	0	0	0
234	102	107	1027	0	0	0	0
456	174	213	1076	0	0	0	0
68	41	34	1021	0	0	0	0
0	0	0	1004	0	0	0	0
4	2	2	1005	0	0	0	0
10	3	2	1007	0	0	0	0
41	15	6	1017	0	0	0	0
11	2	4	1007	0	0	0	0
22	10	15	1006	0	0	0	0
278	173	153	1048	0	0	0	0
2	0	0	1004	0	0	0	0
103	52	47	1022	0	0	0	0
175	83	48	1038	0	0	0	0
17	5	7	1004	0	0	0	0
22	12	8	1010	0	0	0	0
112	45	46	1020	0	0	0	0
96	39	40	1016	0	0	0	0
1	0	0	1004	0	0	0	0
285	101	135	1054	0	0	0	0
14	6	7	1010	0	0	0	0
345	150	156	1071	0	0	0	0
24	8	11	1009	0	0	0	0
14	6	3	1011	0	0	0	0
216	103	102	1044	0	0	0	0
91	41	38	1023	0	0	0	0
4	1	6	1007	0	0	0	0
315	153	118	1058	0	0	0	0
167	78	73	1027	0	0	0	0
462	162	180	1094	0	0	0	0
337	157	124	1055	0	0	0	0
84	27	25	1015	0	0	0	0
207	94	81	1043	0	0	0	0
0	0	0	1004	0	0	0	0
15	7	5	1010	0	0	0	0
7	0	5	1006	0	0	0	0
6	2	1	1005	0	0	0	0
2	0	0	1005	0	0	0	0
42	9	15	1012	0	0	0	0
77	33	30	1022	0	0	0	0
15	9	9	1008	0	0	0	0
176	62	94	1042	0	0	0	0
2	3	2	1005	0	0	0	0
14	1	2	1007	0	0	0	0
69	19	27	1026	0	0	0	0
1	0	0	1004	0	0	0	0
47	39	28	1016	0	0	0	0
196	78	87	1046	0	0	0	0
8	1	3	1005	0	0	0	0
349	198	146	1046	0	0	0	0
109	48	64	1026	0	0	0	0
112	57	56	1027	0	0	0	0
273	125	127	1060	0	0	0	0
3	2	1	1006	0	0	0	0
6	4	2	1006	0	0	0	0
0	0	0	1005	0	0	0	0
90	35	33	1011	0	0	0	0
294	158	109	1041	0	0	0	0
5	1	0	1004	0	0	0	0
3	1	0	1006	0	0	0	0
99	26	55	1027	0	0	0	0
339	170	120	1062	0	0	0	0
157	71	75	1033	0	0	0	0
10	2	2	1005	0	0	0	0
6	0	0	1006	0	0	0	0
372	174	171	1080	0	0	0	0
11	6	5	1009	0	0	0	0
245	133	138	1051	0	0	0	0
0	0	1	1004	0	0	0	0
96	55	32	1025	0	0	0	0
453	221	218	1072	0	0	0	0
43	27	17	1013	0	0	0	0
1	0	0	1004	0	0	0	0
34	18	15	1014	0	0	0	0
158	77	61	1030	0	0	0	0
329	148	114	1053	0	0	0	0
32	20	9	1009	0	0	0	0
251	125	101	1040	0	0	0	0
239	94	65	1049	0	0	0	0
14	6	6	1007	0	0	0	0
113	65	58	1031	0	0	0	0
429	175	176	1080	0	0	0	0
175	95	74	1028	0	0	0	0
62	39	18	1015	0	0	0	0
38	24	19	1013	0	0	0	0
242	111	103	1062	0	0	0	0
14	17	12	1007	0	0	0	0
6	5	2	1005	0	0	0	0
0	0	1	1004	0	0	0	0
7	3	3	1012	0	0	0	0
315	140	109	1058	0	0	0	0
171	69	73	1032	0	0	0	0
82	31	25	1016	0	0	0	0
25	10	13	1013	0	0	0	0
307	99	115	1046	0	0	0	0
16	4	8	1005	0	0	0	0
319	147	133	1046	0	0	0	0
9	2	4	1004	0	0	0	0
1	0	0	1006	0	0	0	0
3	1	1	1004	0	0	0	0
6	3	3	1009	0	0	0	0
121	60	54	1031	0	0	0	0
164	99	84	1032	0	0	0	0
2	0	0	1004	0	0	0	0
200	95	75	1043	0	0	0	0
174	86	59	1021	0	0	0	0
8	4	0	1010	0	0	0	0
1	4	3	1007	0	0	0	0
154	55	55	1036	0	0	0	0
196	75	73	1030	0	0	0	0
271	148	120	1045	0	0	0	0
9	6	3	1006	0	0	0	0
136	60	50	1041	0	0	0	0
56	22	24	1018	0	0	0	0
315	164	127	1052	0	0	0	0
68	38	28	1018	0	0	0	0
1	0	1	1009	0	0	0	0
101	63	39	1028	0	0	0	0
19	9	13	1015	0	0	0	0
23	14	13	1011	0	0	0	0
240	98	84	1050	0	0	0	0
14	7	7	1008	0	0	0	0
27	5	9	1012	0	0	0	0
9	9	8	1010	0	0	0	0
1	2	0	1005	0	0	0	0
8	2	3	1004	0	0	0	0
153	63	68	1049	0	0	0	0
160	57	69	1022	0	0	0	0
328	176	138	1067	0	0	0	0
155	60	60	1031	0	0	0	0
206	129	86	1037	0	0	0	0
205	98	94	1041	0	0	0	0
7	1	1	1006	0	0	0	0
94	57	31	1022	0	0	0	0
389	160	147	1084	0	0	0	0
4	0	0	1005	0	0	0	0
195	87	92	1035	0	0	0	0
211	91	82	1036	0	0	0	0
216	86	84	1030	0	0	0	0
6	1	5	1004	0	0	0	0
10	2	0	1007	0	0	0	0
209	101	86	1053	0	0	0	0
41	15	23	1024	0	0	0	0
157	57	70	1025	0	0	0	0
10	1	5	1005	0	0	0	0
465	205	162	1071	0	0	0	0
195	75	71	1041	0	0	0	0
304	155	140	1081	0	0	0	0
45	11	17	1014	0	0	0	0
40	38	30	1014	0	0	0	0
2	1	1	1005	0	0	0	0
293	112	115	1054	0	0	0	0
223	98	98	1033	0	0	0	0
192	67	73	1035	0	0	0	0
8	3	1	1010	0	0	0	0
111	40	37	1021	0	0	0	0
2	0	0	1004	0	0	0	0
5	10	0	1005	0	0	0	0
432	181	165	1074	0	0	0	0
25	16	14	1013	0	0	0	0
278	125	152	1061	0	0	0	0
2	0	1	1004	0	0	0	0
5	2	1	1008	0	0	0	0
1	0	0	1004	0	0	0	0
104	47	42	1024	0	0	0	0
275	136	101	1065	0	0	0	0
320	158	109	1063	0	0	0	0
307	121	126	1042	0	0	0	0
25	10	7	1008	0	0	0	0
61	30	17	1014	0	0	0	0
194	58	76	1021	0	0	0	0
10	4	4	1004	0	0	0	0
9	10	4	1005	0	0	0	0
46	26	18	1024	0	0	0	0
15	16	5	1013	0	0	0	0
324	135	153	1067	0	0	0	0
140	47	57	1058	0	0	0	0
0	0	0	1004	0	0	0	0
406	192	163	1086	0	0	0	0
112	49	47	1015	0	0	0	0
23	12	12	1007	0	0	0	0
177	93	75	1032	0	0	0	0
8	2	2	1004	0	0	0	0
44	22	13	1011	0	0	0	0
19	2	10	1009	0	0	0	0
292	140	97	1052	0	0	0	0
3	1	1	1004	0	0	0	0
94	27	43	1014	0	0	0	0
14	3	10	1010	0	0	0	0
157	46	56	1025	0	0	0	0
17	9	3	1013	0	0	0	0
44	23	26	1013	0	0	0	0
135	73	55	1026	0	0	0	0
1	0	0	1004	0	0	0	0
0	0	1	1004	0	0	0	0
389	166	170	1046	0	0	0	0
1	0	2	1006	0	0	0	0
18	5	4	1011	0	0	0	0
7	4	6	1006	0	0	0	0
216	105	116	1036	0	0	0	0
28	5	7	1009	0	0	0	0
2	1	2	1007	0	0	0	0
263	140	116	1062	0	0	0	0
2	3	3	1004	0	0	0	0
94	41	28	1025	0	0	0	0
24	13	4	1008	0	0	0	0
156	66	47	1033	0	0	0	0
134	66	63	1031	0	0	0	0
176	93	81	1038	0	0	0	0
1	0	0	1004	0	0	0	0
425	180	183	1048	0	0	0	0
189	111	99	1039	0	0	0	0
114	59	63	1026	0	0	0	0
130	68	55	1025	0	0	0	0
0	0	3	1006	0	0	0	0
8	0	2	1005	0	0	0	0
4	0	2	1005	0	0	0	0
95	47	34	1035	0	0	0	0
23	24	22	1011	0	0	0	0
13	1	3	1008	0	0	0	0
124	72	56	1032	0	0	0	0
2	0	1	1004	0	0	0	0
178	82	61	1041	0	0	0	0
10	11	6	1007	0	0	0	0
238	107	120	1045	0	0	0	0
3	0	1	1006	0	0	0	0
69	27	32	1019	0	0	0	0
68	35	23	1015	0	0	0	0
58	16	22	1032	0	0	0	0
25	5	6	1010	0	0	0	0
2	2	0	1007	0	0	0	0
143	68	83	1026	0	0	0	0
23	15	12	1006	0	0	0	0
153	108	52	1042	0	0	0	0
13	6	9	1007	0	0	0	0
69	37	28	1005	0	0	0	0
68	25	48	1014	0	0	0	0
4	0	4	1004	0	0	0	0
151	77	69	1025	0	0	0	0
164	74	68	1023	0	0	0	0
307	121	120	1062	0	0	0	0
506	255	184	1080	0	0	0	0
188	118	56	1046	0	0	0	0
8	0	3	1005	0	0	0	0
0	0	0	1005	0	0	0	0
283	144	121	1048	0	0	0	0
207	95	69	1050	0	0	0	0
12	1	8	1005	0	0	0	0
87	31	44	1031	0	0	0	0
1	0	1	1004	0	0	0	0
179	75	72	1027	0	0	0	0
0	0	0	1004	0	0	0	0
39	26	15	1009	0	0	0	0
22	19	14	1012	0	0	0	0
11	7	11	1010	0	0	0	0
117	46	56	1019	0	0	0	0
2	1	0	1007	0	0	0	0
95	42	39	1028	0	0	0	0
344	119	150	1059	0	0	0	0
0	0	0	1005	0	0	0	0
414	186	168	1063	0	0	0	0
7	1	2	1007	0	0	0	0
34	8	8	1009	0	0	0	0
89	30	38	1015	0	0	0	0
19	2	9	1004	0	0	0	0
341	151	153	1051	0	0	0	0
247	135	121	1050	0	0	0	0
80	53	31	1028	0	0	0	0
222	103	81	1057	0	0	0	0
0	1	0	1006	0	0	0	0
271	109	102	1055	0	0	0	0
214	80	89	1050	0	0	0	0
262	134	103	1055	0	0	0	0
12	5	5	1011	0	0	0	0
143	61	49	1035	0	0	0	0
33	20	12	1008	0	0	0	0
48	16	21	1019	0	0	0	0
102	54	27	1032	0	0	0	0
81	48	34	1022	0	0	0	0
46	31	13	1014	0	0	0	0
103	37	45	1032	0	0	0	0
395	162	142	1086	0	0	0	0
2	2	2	1005	0	0	0	0
2	2	2	1005	0	0	0	0
363	160	152	1066	0	0	0	0
9	3	3	1007	0	0	0	0
93	35	30	1015	0	0	0	0
4	0	1	1006	0	0	0	0
4	0	0	1004	0	0	0	0
5	0	1	1005	0	0	0	0
140	71	59	1017	0	0	0	0
216	88	92	1045	0	0	0	0
83	43	41	1011	0	0	0	0
16	7	1	1009	0	0	0	0
53	23	21	1022	0	0	0	0
1	0	2	1004	0	0	0	0
156	90	70	1036	0	0	0	0
19	5	11	1004	0	0	0	0
129	67	56	1025	0	0	0	0
10	1	2	1006	0	0	0	0
89	32	42	1014	0	0	0	0
31	16	17	1016	0	0	0	0
4	0	0	1006	0	0	0	0
14	5	13	1007	0	0	0	0
53	25	34	1015	0	0	0	0
230	120	109	1060	0	0	0	0
4	0	0	1004	0	0	0	0
440	192	158	1070	0	0	0	0
7	0	1	1006	0	0	0	0
0	0	0	1005	0	0	0	0
169	63	55	1032	0	0	0	0
112	50	49	1032	0	0	0	0
400	173	177	1085	0	0	0	0
373	177	161	1071	0	0	0	0
263	95	98	1043	0	0	0	0
4	1	0	1006	0	0	0	0
332	144	131	1067	0	0	0	0
29	6	8	1019	0	0	0	0
219	84	69	1035	0	0	0	0
2	0	0	1004	0	0	0	0
22	9	7	1009	0	0	0	0
373	158	134	1055	0	0	0	0
3	1	0	1006	0	0	0	0
75	32	39	1034	0	0	0	0
404	175	146	1082	0	0	0	0
6	1	2	1007	0	0	0	0
297	106	125	1051	0	0	0	0
147	73	65	1025	0	0	0	0
37	23	19	1015	0	0	0	0
3	1	0	1007	0	0	0	0
4	3	1	1009	0	0	0	0
97	50	38	1021	0	0	0	0
8	3	3	1007	0	0	0	0
1	0	0	1005	0	0	0	0
64	41	28	1019	0	0	0	0
347	126	145	1055	0	0	0	0
4	6	3	1010	0	0	0	0
96	39	34	1022	0	0	0	0
171	84	79	1029	0	0	0	0
226	104	79	1037	0	0	0	0
187	81	85	1053	0	0	0	0
153	65	78	1030	0	0	0	0
3	4	1	1006	0	0	0	0
9	1	2	1004	0	0	0	0
139	70	54	1032	0	0	0	0
81	40	30	1023	0	0	0	0
277	106	121	1061	0	0	0	0
46	12	14	1011	0	0	0	0
619	247	237	1101	0	0	0	0
157	64	45	1025	0	0	0	0
14	8	4	1008	0	0	0	0
2	0	2	1005	0	0	0	0
279	114	118	1054	0	0	0	0
104	30	54	1023	0	0	0	0
38	15	8	1010	0	0	0	0
427	209	199	1087	0	0	0	0
3	1	4	1005	0	0	0	0
10	7	6	1006	0	0	0	0
101	55	32	1020	0	0	0	0
1	0	0	1004	0	0	0	0
48	37	25	1017	0	0	0	0
5	3	3	1004	0	0	0	0
251	132	97	1050	0	0	0	0
37	20	15	1011	0	0	0	0
82	30	30	1026	0	0	0	0
228	97	94	1045	0	0	0	0
306	136	135	1055	0	0	0	0
1	0	2	1004	0	0	0	0
331	207	136	1051	0	0	0	0
105	71	48	1028	0	0	0	0
131	50	62	1019	0	0	0	0
14	6	4	1006	0	0	0	0
505	193	174	1099	0	0	0	0
22	1	14	1009	0	0	0	0
228	104	103	1051	0	0	0	0
279	92	110	1041	0	0	0	0
159	54	46	1023	0	0	0	0
5	2	2	1007	0	0	0	0
6	2	1	1005	0	0	0	0
2	0	0	1004	0	0	0	0
405	175	162	1064	0	0	0	0
9	0	1	1007	0	0	0	0
360	158	142	1065	0	0	0	0
262	120	77	1046	0	0	0	0
380	189	141	1075	0	0	0	0
79	38	27	1018	0	0	0	0
4	2	0	1005	0	0	0	0
9	5	5	1005	0	0	0	0
20	11	6	1010	0	0	0	0
0	0	0	1004	0	0	0	0
23	14	11	1012	0	0	0	0
3	0	1	1006	0	0	0	0
2	0	0	1005	0	0	0	0
21	7	9	1012	0	0	0	0
4	1	1	1008	0	0	0	0
130	41	64	1028	0	0	0	0
25	9	15	1007	0	0	0	0
429	203	188	1077	0	0	0	0
14	5	1	1009	0	0	0	0
17	8	3	1007	0	0	0	0
7	1	2	1004	0	0	0	0
11	6	7	1009	0	0	0	0
123	51	62	1023	0	0	0	0
65	33	26	1016	0	0	0	0
5	1	3	1004	0	0	0	0
26	6	8	1008	0	0	0	0
384	143	161	1047	0	0	0	0
16	13	5	1006	0	0	0	0
9	10	4	1005	0	0	0	0
130	49	48	1022	0	0	0	0
151	89	58	1030	0	0	0	0
414	181	145	1071	0	0	0	0
226	122	115	1057	0	0	0	0
4	1	0	1004	0	0	0	0
436	177	159	1099	0	0	0	0
2	0	4	1004	0	0	0	0
308	138	130	1072	0	0	0	0
216	94	89	1054	0	0	0	0
89	51	54	1018	0	0	0	0
119	80	42	1020	0	0	0	0
100	69	46	1022	0	0	0	0
37	9	20	1018	0	0	0	0
23	13	14	1006	0	0	0	0
351	176	132	1080	0	0	0	0
18	4	6	1012	0	0	0	0
0	0	0	1004	0	0	0	0
415	186	157	1056	0	0	0	0
203	103	93	1044	0	0	0	0
7	6	7	1006	0	0	0	0
10	5	5	1008	0	0	0	0
22	12	7	1017	0	0	0	0
10	16	4	1006	0	0	0	0
31	12	11	1006	0	0	0	0
4	1	1	1004	0	0	0	0
8	3	0	1006	0	0	0	0
2	1	2	1004	0	0	0	0
7	1	1	1005	0	0	0	0
3	0	1	1004	0	0	0	0
3	0	2	1004	0	0	0	0
191	85	99	1029	0	0	0	0
5	1	0	1005	0	0	0	0
2	1	3	1006	0	0	0	0
34	4	9	1016	0	0	0	0
104	51	33	1019	0	0	0	0
119	59	52	1027	0	0	0	0
3	0	1	1004	0	0	0	0
4	0	1	1005	0	0	0	0
2	3	0	1009	0	0	0	0
1	0	1	1004	0	0	0	0
258	132	102	1052	0	0	0	0
1	0	0	1004	0	0	0	0
4	0	1	1005	0	0	0	0
60	27	27	1009	0	0	0	0
2	0	0	1004	0	0	0	0
4	0	4	1006	0	0	0	0
21	8	6	1009	0	0	0	0
3	5	2	1005	0	0	0	0
464	238	166	1100	0	0	0	0
10	1	4	1008	0	0	0	0
236	114	78	1050	0	0	0	0
9	2	1	1006	0	0	0	0
139	89	76	1018	0	0	0	0
27	7	4	1007	0	0	0	0
104	26	52	1018	0	0	0	0
10	1	5	1006	0	0	0	0
113	62	71	1017	0	0	0	0
29	11	11	1005	0	0	0	0
26	14	18	1011	0	0	0	0
2	1	3	1005	0	0	0	0
26	12	8	1013	0	0	0	0
14	15	9	1005	0	0	0	0
290	104	126	1042	0	0	0	0
177	66	63	1026	0	0	0	0
79	37	38	1020	0	0	0	0
398	190	176	1073	0	0	0	0
8	0	5	1004	0	0	0	0
43	19	19	1005	0	0	0	0
75	24	20	1021	0	0	0	0
101	58	43	1015	0	0	0	0
194	92	84	1057	0	0	0	0
142	81	64	1029	0	0	0	0
94	22	37	1018	0	0	0	0
7	2	2	1008	0	0	0	0
1	2	0	1004	0	0	0	0
351	172	139	1058	0	0	0	0
65	23	47	1021	0	0	0	0
220	120	89	1048	0	0	0	0
5	2	0	1006	0	0	0	0
7	4	2	1007	0	0	0	0
67	36	22	1024	0	0	0	0
3	0	0	1009	0	0	0	0
81	39	19	1017	0	0	0	0
325	150	138	1045	0	0	0	0
352	143	128	1037	0	0	0	0
0	0	0	1004	0	0	0	0
35	13	8	1007	0	0	0	0
27	12	9	1006	0	0	0	0
30	27	8	1011	0	0	0	0
150	64	52	1034	0	0	0	0
353	152	138	1068	0	0	0	0
224	121	89	1045	0	0	0	0
113	40	51	1022	0	0	0	0
89	37	33	1019	0	0	0	0
269	113	96	1041	0	0	0	0
30	4	9	1005	0	0	0	0
1	0	0	1005	0	0	0	0
5	4	2	1006	0	0	0	0
40	21	18	1015	0	0	0	0
93	44	49	1015	0	0	0	0
462	173	194	1065	0	0	0	0
69	33	32	1038	0	0	0	0
122	61	46	1033	0	0	0	0
81	43	46	1022	0	0	0	0
2	0	1	1004	0	0	0	0
93	53	35	1015	0	0	0	0
2	0	0	1005	0	0	0	0
5	1	0	1004	0	0	0	0
73	18	27	1021	0	0	0	0
0	0	0	1004	0	0	0	0
187	70	68	1022	0	0	0	0
250	111	95	1061	0	0	0	0
8	5	3	1007	0	0	0	0
2	0	0	1005	0	0	0	0
324	127	111	1045	0	0	0	0
527	244	225	1109	0	0	0	0
16	1	9	1014	0	0	0	0
147	48	57	1038	0	0	0	0
4	4	3	1008	0	0	0	0
12	3	5	1010	0	0	0	0
6	0	4	1005	0	0	0	0
59	36	26	1019	0	0	0	0
250	75	94	1030	0	0	0	0
14	1	2	1006	0	0	0	0
10	2	1	1007	0	0	0	0
121	44	64	1021	0	0	0	0
8	3	4	1007	0	0	0	0
12	4	4	1004	0	0	0	0
130	49	55	1034	0	0	0	0
72	23	34	1015	0	0	0	0
189	86	96	1028	0	0	0	0
279	148	103	1033	0	0	0	0
4	0	0	1005	0	0	0	0
281	98	94	1061	0	0	0	0
172	77	55	1029	0	0	0	0
89	40	33	1018	0	0	0	0
117	47	56	1019	0	0	0	0
24	7	6	1011	0	0	0	0
23	12	11	1010	0	0	0	0
4	0	5	1005	0	0	0	0
1	1	1	1004	0	0	0	0
6	0	1	1007	0	0	0	0
177	126	89	1036	0	0	0	0
37	24	12	1018	0	0	0	0
18	4	9	1011	0	0	0	0
44	21	11	1004	0	0	0	0
8	4	10	1008	0	0	0	0
474	222	213	1086	0	0	0	0
24	11	7	1008	0	0	0	0
100	47	58	1016	0	0	0	0
12	3	7	1007	0	0	0	0
61	40	17	1015	0	0	0	0
317	152	107	1061	0	0	0	0
468	167	180	1077	0	0	0	0
1	1	0	1005	0	0	0	0
168	74	64	1023	0	0	0	0
219	90	96	1030	0	0	0	0
22	15	8	1013	0	0	0	0
159	91	66	1030	0	0	0	0
36	17	16	1019	0	0	0	0
7	2	3	1006	0	0	0	0
84	42	48	1017	0	0	0	0
8	2	2	1005	0	0	0	0
17	6	3	1005	0	0	0	0
57	24	23	1010	0	0	0	0
13	7	6	1008	0	0	0	0
441	157	175	1044	0	0	0	0
2	2	1	1004	0	0	0	0
33	20	16	1020	0	0	0	0
455	212	184	1108	0	0	0	0
2	1	0	1006	0	0	0	0
304	171	127	1036	0	0	0	0
93	47	32	1020	0	0	0	0
149	48	51	1024	0	0	0	0
67	28	30	1019	0	0	0	0
16	5	3	1007	0	0	0	0
3	4	2	1005	0	0	0	0
178	81	66	1045	0	0	0	0
274	102	110	1045	0	0	0	0
135	66	47	1032	0	0	0	0
98	83	42	1019	0	0	0	0
554	231	226	1113	0	0	0	0
1	0	0	1005	0	0	0	0
7	2	2	1008	0	0	0	0
26	11	7	1014	0	0	0	0
278	128	124	1043	0	0	0	0
14	16	10	1010	0	0	0	0
77	54	29	1035	0	0	0	0
1	1	1	1004	0	0	0	0
69	15	21	1010	0	0	0	0
23	10	12	1006	0	0	0	0
217	110	88	1041	0	0	0	0
133	51	50	1029	0	0	0	0
384	174	166	1051	0	0	0	0
55	25	22	1021	0	0	0	0
314	157	126	1041	0	0	0	0
184	91	76	1037	0	0	0	0
79	34	32	1022	0	0	0	0
346	150	147	1058	0	0	0	0
7	8	3	1005	0	0	0	0
78	34	28	1011	0	0	0	0
281	121	117	1053	0	0	0	0
6	0	0	1005	0	0	0	0
6	4	5	1007	0	0	0	0
9	2	4	1004	0	0	0	0
156	70	70	1027	0	0	0	0
12	6	7	1011	0	0	0	0
17	7	11	1012	0	0	0	0
209	85	89	1032	0	0	0	0
18	7	7	1010	0	0	0	0
134	57	65	1026	0	0	0	0
178	60	72	1038	0	0	0	0
139	60	90	1027	0	0	0	0
159	57	67	1030	0	0	0	0
1	3	3	1004	0	0	0	0
82	39	39	1026	0	0	0	0
1	2	4	1011	0	0	0	0
276	150	132	1048	0	0	0	0
29	14	16	1007	0	0	0	0
387	133	152	1069	0	0	0	0
215	109	101	1036	0	0	0	0
52	22	21	1018	0	0	0	0
20	16	12	1020	0	0	0	0
1	1	1	1005	0	0	0	0
126	69	57	1042	0	0	0	0
9	2	4	1008	0	0	0	0
6	0	2	1004	0	0	0	0
315	147	114	1044	0	0	0	0
52	26	10	1016	0	0	0	0
9	5	6	1009	0	0	0	0
1	0	1	1004	0	0	0	0
19	5	4	1007	0	0	0	0
2	0	0	1005	0	0	0	0
57	26	30	1021	0	0	0	0
45	29	21	1019	0	0	0	0
3	1	2	1008	0	0	0	0
154	59	52	1016	0	0	0	0
3	1	0	1004	0	0	0	0
121	51	49	1047	0	0	0	0
342	161	122	1068	0	0	0	0
43	23	18	1011	0	0	0	0
123	49	46	1024	0	0	0	0
3	2	0	1005	0	0	0	0
3	1	0	1005	0	0	0	0
110	86	63	1030	0	0	0	0
225	104	95	1028	0	0	0	0
57	22	28	1014	0	0	0	0
2	0	1	1005	0	0	0	0
246	120	101	1041	0	0	0	0
273	127	122	1072	0	0	0	0
7	3	1	1004	0	0	0	0
3	0	0	1006	0	0	0	0
3	0	0	1004	0	0	0	0
14	5	8	1009	0	0	0	0
2	0	4	1005	0	0	0	0
1	1	1	1004	0	0	0	0
2	0	0	1004	0	0	0	0
376	164	164	1050	0	0	0	0
160	55	55	1034	0	0	0	0
12	4	2	1007	0	0	0	0
116	36	43	1027	0	0	0	0
1	0	0	1005	0	0	0	0
84	29	29	1014	0	0	0	0
7	5	2	1006	0	0	0	0
3	1	3	1004	0	0	0	0
133	84	72	1037	0	0	0	0
444	211	190	1055	0	0	0	0
89	62	26	1025	0	0	0	0
16	3	4	1010	0	0	0	0
131	73	59	1032	0	0	0	0
1	0	0	1007	0	0	0	0
297	130	129	1041	0	0	0	0
0	0	2	1004	0	0	0	0
20	8	8	1005	0	0	0	0
270	128	125	1060	0	0	0	0
7	1	0	1004	0	0	0	0
50	25	19	1012	0	0	0	0
5	2	2	1005	0	0	0	0
139	98	64	1033	0	0	0	0
276	121	140	1039	0	0	0	0
2	1	1	1005	0	0	0	0
255	95	130	1043	0	0	0	0
210	122	82	1046	0	0	0	0
1	0	1	1004	0	0	0	0
0	0	0	1004	0	0	0	0
138	79	74	1044	0	0	0	0
143	77	66	1034	0	0	0	0
0	0	0	1004	0	0	0	0
213	111	94	1028	0	0	0	0
236	139	108	1034	0	0	0	0
5	3	1	1007	0	0	0	0
2	4	0	1004	0	0	0	0
68	31	34	1013	0	0	0	0
262	169	158	1059	0	0	0	0
143	66	74	1041	0	0	0	0
1	1	1	1007	0	0	0	0
502	201	198	1094	0	0	0	0
8	0	1	1007	0	0	0	0
58	15	14	1019	0	0	0	0
27	8	10	1007	0	0	0	0
17	6	3	1004	0	0	0	0
6	0	0	1005	0	0	0	0
237	101	91	1042	0	0	0	0
224	111	105	1043	0	0	0	0
111	48	38	1022	0	0	0	0
91	41	38	1017	0	0	0	0
4	0	0	1004	0	0	0	0
12	8	3	1007	0	0	0	0
96	38	65	1020	0	0	0	0
97	50	47	1021	0	0	0	0
92	37	31	1028	0	0	0	0
92	36	29	1016	0	0	0	0
331	169	121	1068	0	0	0	0
147	58	54	1031	0	0	0	0
411	169	143	1072	0	0	0	0
331	147	149	1053	0	0	0	0
4	2	2	1006	0	0	0	0
225	108	95	1054	0	0	0	0
58	24	23	1014	0	0	0	0
377	169	151	1101	0	0	0	0
9	3	8	1005	0	0	0	0
315	143	121	1058	0	0	0	0
108	39	35	1035	0	0	0	0
3	0	4	1005	0	0	0	0
2	1	0	1005	0	0	0	0
237	99	116	1048	0	0	0	0
271	101	91	1054	0	0	0	0
10	1	2	1005	0	0	0	0
8	3	4	1007	0	0	0	0
29	18	6	1008	0	0	0	0
177	61	70	1040	0	0	0	0
85	57	29	1020	0	0	0	0
328	181	136	1053	0	0	0	0
483	245	196	1082	0	0	0	0
32	8	15	1005	0	0	0	0
2	4	2	1011	0	0	0	0
33	20	21	1014	0	0	0	0
163	61	65	1012	0	0	0	0
179	107	97	1026	0	0	0	0
161	76	59	1034	0	0	0	0
264	123	119	1054	0	0	0	0
80	34	36	1017	0	0	0	0
216	72	68	1051	0	0	0	0
72	30	26	1012	0	0	0	0
7	3	6	1006	0	0	0	0
14	2	10	1008	0	0	0	0
622	251	233	1101	0	0	0	0
266	95	87	1041	0	0	0	0
5	3	2	1004	0	0	0	0
517	214	173	1106	0	0	0	0
8	0	3	1006	0	0	0	0
2	0	1	1007	0	0	0	0
13	6	6	1007	0	0	0	0
17	3	7	1009	0	0	0	0
5	4	3	1005	0	0	0	0
277	151	143	1065	0	0	0	0
4	1	0	1005	0	0	0	0
208	71	90	1035	0	0	0	0
38	7	12	1008	0	0	0	0
95	52	40	1015	0	0	0	0
9	3	4	1006	0	0	0	0
258	126	97	1048	0	0	0	0
11	21	6	1009	0	0	0	0
280	112	125	1039	0	0	0	0
47	41	22	1013	0	0	0	0
0	0	1	1005	0	0	0	0
376	178	159	1089	0	0	0	0
19	9	12	1006	0	0	0	0
317	153	134	1045	0	0	0	0
9	6	5	1011	0	0	0	0
488	182	189	1070	0	0	0	0
10	3	3	1009	0	0	0	0
1	0	0	1006	0	0	0	0
166	69	78	1036	0	0	0	0
67	31	29	1021	0	0	0	0
0	0	1	1005	0	0	0	0
26	8	10	1010	0	0	0	0
0	0	0	1004	0	0	0	0
1	1	2	1006	0	0	0	0
4	0	1	1004	0	0	0	0
57	17	18	1012	0	0	0	0
7	1	4	1008	0	0	0	0
13	11	7	1011	0	0	0	0
136	60	45	1017	0	0	0	0
70	32	29	1017	0	0	0	0
12	12	4	1011	0	0	0	0
3	0	5	1004	0	0	0	0
82	28	35	1022	0	0	0	0
33	14	11	1008	0	0	0	0
107	68	38	1016	0	0	0	0
180	79	56	1032	0	0	0	0
338	161	139	1053	0	0	0	0
74	49	37	1017	0	0	0	0
16	2	4	1006	0	0	0	0
134	51	51	1032	0	0	0	0
257	96	110	1041	0	0	0	0
41	32	15	1022	0	0	0	0
67	22	28	1023	0	0	0	0
8	8	2	1004	0	0	0	0
4	5	6	1006	0	0	0	0
0	0	1	1005	0	0	0	0
134	78	72	1031	0	0	0	0
0	0	1	1010	0	0	0	0
11	3	10	1005	0	0	0	0
17	7	2	1009	0	0	0	0
9	5	14	1010	0	0	0	0
24	4	7	1015	0	0	0	0
461	217	181	1107	0	0	0	0
1	0	0	1004	0	0	0	0
34	8	10	1012	0	0	0	0
67	26	18	1016	0	0	0	0
2	1	0	1004	0	0	0	0
22	12	18	1006	0	0	0	0
196	86	73	1036	0	0	0	0
156	77	61	1036	0	0	0	0
132	52	39	1028	0	0	0	0
6	2	4	1004	0	0	0	0
3	3	3	1004	0	0	0	0
68	20	34	1010	0	0	0	0
429	183	178	1074	0	0	0	0
3	1	2	1004	0	0	0	0
173	89	93	1030	0	0	0	0
14	4	1	1008	0	0	0	0
4	1	1	1012	0	0	0	0
106	62	49	1026	0	0	0	0
1	0	0	1004	0	0	0	0
90	52	41	1018	0	0	0	0
5	1	2	1009	0	0	0	0
443	197	189	1091	0	0	0	0
3	0	4	1004	0	0	0	0
291	140	122	1037	0	0	0	0
306	127	137	1052	0	0	0	0
6	1	2	1006	0	0	0	0
3	0	1	1004	0	0	0	0
204	69	80	1035	0	0	0	0
18	15	4	1015	0	0	0	0
59	33	19	1011	0	0	0	0
24	3	2	1009	0	0	0	0
125	59	58	1033	0	0	0	0
381	186	136	1065	0	0	0	0
66	30	29	1016	0	0	0	0
173	77	77	1013	0	0	0	0
272	129	116	1065	0	0	0	0
179	46	77	1023	0	0	0	0
11	2	2	1005	0	0	0	0
437	187	198	1086	0	0	0	0
120	61	47	1027	0	0	0	0
78	39	32	1021	0	0	0	0
65	33	29	1012	0	0	0	0
1	0	0	1006	0	0	0	0
16	0	2	1009	0	0	0	0
167	81	64	1019	0	0	0	0
3	2	0	1004	0	0	0	0
0	0	0	1005	0	0	0	0
1	0	0	1005	0	0	0	0
9	3	2	1005	0	0	0	0
4	1	3	1005	0	0	0	0
14	5	10	1008	0	0	0	0
240	121	80	1047	0	0	0	0
37	28	12	1011	0	0	0	0
54	27	16	1013	0	0	0	0
46	21	22	1009	0	0	0	0
336	142	114	1081	0	0	0	0
112	59	58	1028	0	0	0	0
401	180	160	1066	0	0	0	0
314	157	163	1048	0	0	0	0
23	12	15	1010	0	0	0	0
132	70	61	1027	0	0	0	0
11	4	6	1007	0	0	0	0
288	118	117	1032	0	0	0	0
145	64	45	1055	0	0	0	0
4	4	2	1006	0	0	0	0
4	0	1	1004	0	0	0	0
24	17	9	1016	0	0	0	0
12	10	4	1009	0	0	0	0
5	3	1	1007	0	0	0	0
51	12	24	1013	0	0	0	0
176	108	81	1029	0	0	0	0
0	0	2	1004	0	0	0	0
4	3	0	1007	0	0	0	0
68	21	32	1011	0	0	0	0
1	1	0	1004	0	0	0	0
103	47	40	1027	0	0	0	0
12	7	4	1010	0	0	0	0
98	72	30	1023	0	0	0	0
13	1	6	1009	0	0	0	0
14	6	9	1006	0	0	0	0
269	151	135	1056	0	0	0	0
34	16	19	1012	0	0	0	0
2	0	0	1004	0	0	0	0
399	200	167	1085	0	0	0	0
451	193	166	1074	0	0	0	0
198	102	75	1032	0	0	0	0
157	58	64	1034	0	0	0	0
7	3	2	1008	0	0	0	0
140	64	55	1035	0	0	0	0
72	44	27	1023	0	0	0	0
48	25	20	1015	0	0	0	0
4	5	1	1006	0	0	0	0
2	0	1	1004	0	0	0	0
25	20	18	1010	0	0	0	0
255	111	135	1037	0	0	0	0
4	0	0	1006	0	0	0	0
304	106	106	1049	0	0	0	0
211	85	66	1034	0	0	0	0
38	13	15	1013	0	0	0	0
7	2	3	1006	0	0	0	0
20	5	7	1009	0	0	0	0
21	22	20	1015	0	0	0	0
53	26	12	1016	0	0	0	0
188	64	62	1033	0	0	0	0
5	0	1	1006	0	0	0	0
1	0	0	1004	0	0	0	0
198	78	66	1035	0	0	0	0
2	0	0	1004	0	0	0	0
34	7	12	1007	0	0	0	0
295	110	115	1041	0	0	0	0
40	19	15	1008	0	0	0	0
73	33	23	1018	0	0	0	0
5	1	2	1004	0	0	0	0
160	67	51	1021	0	0	0	0
69	50	25	1019	0	0	0	0
114	68	46	1029	0	0	0	0
32	15	15	1008	0	0	0	0
3	0	1	1004	0	0	0	0
165	59	71	1029	0	0	0	0
7	4	1	1009	0	0	0	0
