1.5	0.0	0.0	0.0
2.25	0.375	0.5	0.0
0.25	0.0	0.0	0.0
2.75	0.8333333333333334	0.0	0.0
0.5	0.0	0.0	0.0
0.5	0.0	0.0	0.0
1.5	0.16666666666666666	0.0	0.0
1.0	0.7142857142857143	0.0	0.0
1.25	1.0	1.0	0.0
0.5	1.6666666666666667	0.0	0.0
0.75	0.0	0.0	0.0
1.75	0.0	0.0	0.0
0.75	0.0	0.0	0.0
0.5	0.4444444444444444	0.0	0.0
1.25	1.3846153846153846	0.0	0.0
1.75	0.0	0.0	0.0
1.75	0.0	0.0	0.0
0.75	0.0	0.0	0.0
0.25	0.0	0.0	0.0
2.25	1.5	0.6666666666666666	0.0
1.0	0.0	0.0	0.0
1.0	0.0	0.0	0.0
2.5	1.0	0.5	0.0
1.0	0.0	0.0	0.0
1.75	0.0	0.0	0.0
1.0	2.0	0.0	0.0
0.25	0.0	0.0	0.0
1.5	0.75	0.0	0.0
0.75	1.3333333333333333	0.0	0.0
1.75	2.0	0.0	0.0
1.25	2.0	0.0	0.0
1.25	0.0	0.0	0.0
1.5	1.0	0.0	0.0
1.0	0.5	0.0	0.0
1.5	1.25	0.0	0.0
1.25	2.5	0.0	0.0
0.5	0.0	0.0	0.0
0.5	0.0	0.0	0.0
1.5	1.0	0.0	0.0
1.25	0.0	0.0	0.0
1.25	0.0	0.0	0.0
2.25	0.0	0.0	0.0
2.5	0.0	0.0	0.0
0.75	0.0	1.0	0.0
1.5	0.0	0.0	0.0
0.75	0.0	0.0	0.0
0.75	1.6	0.5	0.0
1.0	0.0	0.0	0.0
1.5	0.0	0.0	0.0
1.0	0.0	0.0	0.0
0.5	0.7272727272727273	1.0	0.0
0.25	0.0	0.0	0.0
1.5	0.0	0.0	0.0
0.75	0.0	1.0	0.0
1.0	0.0	0.0	0.0
1.25	1.4444444444444444	0.0	0.0
1.5	1.25	0.0	0.0
2.25	0.0	0.0	0.0
2.0	0.0	0.0	0.0
0.5	1.25	0.0	0.0
1.75	0.0	0.0	0.0
0.75	0.0	0.0	0.0
1.75	1.6666666666666667	1.3333333333333333	0.0
1.0	0.0	0.0	0.0
1.25	1.2	0.0	0.0
0.75	2.0	1.0	0.0
1.25	1.0	0.0	0.0
1.75	0.6666666666666666	0.0	0.0
0.0	0.0	0.0	0.0
0.5	0.0	0.0	0.0
1.25	0.0	0.5	0.0
1.0	1.5	0.0	0.0
1.0	0.0	0.0	0.0
1.0	0.0	0.0	0.0
0.75	0.6	1.0	0.0
0.5	0.0	0.0	0.0
1.75	5.5	0.4	0.0
1.75	1.375	1.25	0.0
1.0	0.0	0.0	0.0
0.75	2.0	1.0	0.0
0.5	0.0	0.0	0.0
2.0	1.0	0.0	0.0
0.5	0.0	0.0	0.0
2.75	0.5555555555555556	0.0	0.0
1.5	0.5	0.0	0.0
2.0	0.0	0.0	0.0
1.25	0.0	0.0	0.0
1.25	0.0	0.0	0.0
1.5	1.3333333333333333	0.0	0.0
2.5	0.25	0.0	0.0
1.0	0.0	0.0	0.0
1.25	1.0	0.0	0.0
1.0	2.0	0.0	0.0
2.75	0.4444444444444444	0.0	0.0
2.0	0.3	0.0	0.0
1.0	0.0	0.0	0.0
0.5	0.0	0.0	0.0
0.0	0.0	0.0	0.0
0.5	0.0	0.0	0.0
0.75	0.0	0.0	0.0
0.5	0.0	0.0	0.0
0.5	0.0	0.0	0.0
1.25	1.6	0.0	0.0
0.5	0.0	0.0	0.0
3.0	0.0	0.0	0.0
2.0	0.25	0.0	0.0
0.75	0.0	0.0	0.0
1.75	0.0	0.0	0.0
0.5	1.0	0.0	0.0
0.25	0.0	0.0	0.0
1.25	1.5	1.0	0.0
2.5	0.0	0.0	0.0
1.25	0.0	0.0	0.0
2.0	0.0	0.0	0.0
1.5	0.5	0.0	0.0
0.75	1.0	0.0	0.0
1.25	0.6666666666666666	1.0	0.0
1.0	0.0	0.0	0.0
1.0	0.0	0.0	0.0
0.25	0.0	0.0	0.0
0.5	0.0	0.0	0.0
1.75	0.7692307692307693	0.0	0.0
0.5	0.0	0.0	0.0
1.25	0.0	0.0	0.0
1.75	1.0	0.0	0.0
1.25	1.6	0.0	0.0
0.5	1.0	0.0	0.0
0.75	0.0	0.0	0.0
1.0	0.0	0.0	0.0
1.25	2.5	0.0	0.0
1.0	0.0	0.0	0.0
2.5	0.0	0.0	0.0
0.25	0.0	0.0	0.0
0.75	1.0	0.0	0.0
1.75	0.6666666666666666	0.0	0.0
2.0	0.46153846153846156	0.0	0.0
0.25	0.0	0.0	0.0
2.0	0.0	0.0	0.0
1.5	0.0	0.0	0.0
0.75	0.8333333333333334	0.0	0.0
0.25	0.6666666666666666	0.0	0.0
1.0	1.5	0.0	0.0
1.25	2.0	0.0	0.0
0.75	0.0	0.0	0.0
1.5	1.5	0.0	0.0
1.0	1.5	0.0	0.0
1.5	0.2222222222222222	0.5	0.0
1.25	1.0	0.0	0.0
2.75	0.0	0.0	0.0
1.0	0.0	0.0	0.0
1.75	0.8	1.0	0.0
0.75	0.0	0.0	0.0
0.25	0.0	0.0	0.0
1.0	0.0	0.0	0.0
1.5	0.6363636363636364	1.0	0.0
0.75	0.0	0.0	0.0
1.5	0.0	0.0	0.0
1.75	0.0	0.0	0.0
1.5	0.6666666666666666	1.0	0.0
1.25	0.0	0.0	0.0
1.5	0.5	0.0	0.0
0.75	0.0	0.0	0.0
0.25	0.0	0.0	0.0
0.5	0.0	0.0	0.0
1.0	0.0	0.0	0.0
0.25	2.0	0.0	0.0
1.25	2.0	0.0	0.0
0.5	0.0	0.0	0.0
1.5	3.0	0.0	0.0
0.75	0.5	0.0	0.0
1.0	0.0	0.0	0.0
1.25	0.0	0.0	0.0
1.75	1.3	2.0	0.0
0.75	0.2	0.0	0.0
1.25	0.0	1.0	0.0
1.0	0.0	0.0	0.0
2.0	0.0	0.0	0.0
1.0	0.4	0.3333333333333333	0.0
2.0	0.0	0.0	0.0
1.5	0.6666666666666666	4.0	0.0
1.25	0.0	0.0	0.0
2.0	1.3333333333333333	0.4444444444444444	0.0
2.75	0.5	0.0	0.0
1.0	0.0	0.0	0.0
2.25	0.0	0.0	0.0
1.75	1.0	1.0	0.0
2.0	0.5	1.0	0.0
0.75	0.0	0.0	0.0
0.5	0.0	0.0	0.0
0.75	0.0	0.0	0.0
1.5	0.0	0.0	0.0
1.5	0.0	0.0	0.0
2.25	0.3333333333333333	0.0	0.0
1.0	1.375	1.0	0.0
1.25	0.0	0.0	0.0
0.25	0.0	0.0	0.0
0.75	0.0	0.0	0.0
1.5	0.0	0.0	0.0
1.75	0.0	0.0	0.0
0.75	0.0	0.0	0.0
1.25	1.3333333333333333	0.0	0.0
0.75	0.6666666666666666	0.0	0.0
1.5	1.25	0.0	0.0
1.0	0.0	0.0	0.0
1.0	0.0	0.0	0.0
1.75	0.0	0.0	0.0
2.75	1.1111111111111112	0.0	0.0
0.25	1.5	0.0	0.0
2.0	0.0	0.0	0.0
1.25	1.0	0.0	0.0
2.0	0.0	0.0	0.0
1.25	0.0	0.0	0.0
1.5	0.0	0.0	0.0
0.5	0.0	0.0	0.0
1.0	0.0	0.0	0.0
1.5	0.5	0.0	0.0
0.75	0.0	0.0	0.0
1.25	1.0	0.0	0.0
0.5	0.0	0.0	0.0
2.0	2.0	0.0	0.0
0.5	0.0	0.0	0.0
0.25	0.0	0.0	0.0
1.5	1.5	0.0	0.0
1.25	0.0	0.0	0.0
2.5	0.0	0.0	0.0
0.5	0.0	0.0	0.0
0.5	0.0	0.0	0.0
0.25	0.0	0.0	0.0
1.5	1.6666666666666667	0.0	0.0
2.75	0.0	0.0	0.0
1.0	0.0	0.5	0.0
1.25	1.0	0.0	0.0
1.0	0.0	0.0	0.0
2.25	0.375	0.0	0.0
1.25	0.0	0.0	0.0
1.0	0.0	0.0	0.0
1.0	0.0	0.0	0.0
1.25	0.0	0.0	0.0
2.0	0.6666666666666666	0.0	0.0
1.25	0.0	0.0	0.0
1.75	0.3333333333333333	1.0	0.0
0.0	0.0	0.0	0.0
1.25	1.6666666666666667	0.0	0.0
1.0	0.5	0.0	0.0
1.25	0.0	0.0	0.0
1.5	0.0	0.0	0.0
1.5	0.0	0.0	0.0
0.5	0.0	0.0	0.0
0.75	0.0	0.0	0.0
2.5	1.5	0.0	0.0
0.75	0.0	0.0	0.0
0.75	1.0	0.0	0.0
1.5	0.0	0.0	0.0
1.0	1.0	1.0	0.0
1.25	2.0	0.0	0.0
1.25	0.0	0.0	0.0
1.25	0.2	0.0	0.0
0.25	0.0	0.0	0.0
0.25	0.0	0.0	0.0
0.75	1.0	0.0	0.0
0.75	0.0	0.0	0.0
0.75	0.0	0.0	0.0
0.75	0.0	0.0	0.0
0.25	0.75	0.0	0.0
0.75	0.0	0.0	0.0
1.5	0.0	0.0	0.0
2.25	1.5	0.0	0.0
0.5	0.0	0.0	0.0
1.75	0.0	0.0	0.0
1.0	0.0	0.0	0.0
0.5	1.0	0.0	0.0
0.75	0.7692307692307693	1.0	0.0
2.75	1.25	0.0	0.0
0.25	0.0	0.0	0.0
1.25	0.5	1.0	0.0
2.25	1.5714285714285714	0.0	0.0
1.25	1.0	0.0	0.0
0.75	0.6666666666666666	0.0	0.0
0.75	0.0	0.0	0.0
1.0	0.0	0.0	0.0
0.25	0.0	0.0	0.0
2.25	0.0	0.0	0.0
1.75	0.0	0.0	0.0
1.25	0.8181818181818182	0.3333333333333333	0.0
1.5	2.0	0.0	0.0
0.25	0.0	0.0	0.0
1.5	0.0	0.0	0.0
1.75	0.0	0.0	0.0
2.0	0.0	0.0	0.0
0.75	0.0	0.0	0.0
1.0	0.0	0.0	0.0
1.5	0.0	0.0	0.0
1.5	0.75	0.0	0.0
1.0	0.5	0.0	0.0
0.75	0.0	0.0	0.0
1.25	0.2222222222222222	0.0	0.0
2.0	1.0	1.3333333333333333	0.0
2.5	0.5714285714285714	0.0	0.0
0.75	0.0	0.0	0.0
1.25	1.0	0.0	0.0
0.75	0.0	0.0	0.0
0.5	0.0	0.0	0.0
1.75	0.0	0.0	0.0
1.5	0.0	0.0	0.0
1.0	0.0	0.0	0.0
1.0	0.25	0.0	0.0
1.0	1.5	1.0	0.0
0.75	0.0	0.0	0.0
0.25	0.0	0.0	0.0
1.0	2.0	0.0	0.0
1.25	1.0	2.0	0.0
1.25	0.0	0.0	0.0
2.0	0.0	0.0	0.0
0.5	0.0	0.0	0.0
1.0	5.0	0.0	0.0
0.0	0.0	0.0	0.0
1.0	0.5	1.0	0.0
1.25	0.0	0.0	0.0
1.0	0.0	0.0	0.0
1.75	1.0	1.1818181818181819	0.0
1.25	0.0	0.0	0.0
1.5	1.5714285714285714	0.0	0.0
2.25	1.5	0.3333333333333333	0.0
0.25	0.0	0.0	0.0
0.5	3.0	0.0	0.0
1.0	0.0	0.0	0.0
0.5	0.0	0.0	0.0
0.75	0.5555555555555556	1.0	0.0
1.5	0.0	0.0	0.0
1.0	0.0	0.0	0.0
1.25	0.0	0.0	0.0
1.0	1.2	0.0	0.0
1.75	0.5	0.0	0.0
0.5	0.0	0.0	0.0
2.25	0.8571428571428571	0.0	0.0
1.0	1.0	0.6666666666666666	0.0
2.75	2.25	0.0	0.0
2.0	0.0	0.0	0.0
1.25	0.0	0.0	0.0
0.5	0.6666666666666666	0.0	0.0
1.75	2.0	1.25	0.0
0.5	0.0	0.5	0.0
0.75	0.0	0.0	0.0
1.25	0.0	0.0	0.0
1.0	0.0	0.0	0.0
1.5	0.6666666666666666	0.4	0.0
1.0	0.0	0.0	0.0
0.5	0.0	0.0	0.0
1.25	1.1111111111111112	0.0	0.0
1.5	0.0	0.0	0.0
1.25	0.0	0.0	0.0
1.5	0.0	0.0	0.0
0.5	0.0	0.0	0.0
1.25	0.0	0.0	0.0
0.5	0.0	0.0	0.0
2.25	0.0	0.0	0.0
0.5	0.0	0.0	0.0
0.5	0.0	0.0	0.0
1.75	1.5	1.0	0.0
0.5	0.0	0.0	0.0
2.0	0.0	0.0	0.0
1.0	0.0	0.0	0.0
0.75	0.0	0.0	0.0
0.5	1.5	2.0	0.0
0.75	1.0	0.0	0.0
0.75	1.0	0.0	0.0
0.75	0.0	0.0	0.0
1.0	0.0	0.0	0.0
1.0	0.5	0.0	0.0
2.5	0.0	0.0	0.0
0.75	0.0	0.0	0.0
0.75	1.3636363636363635	0.0	0.0
1.0	0.0	0.0	0.0
0.5	0.0	0.0	0.0
0.5	1.0	0.0	0.0
1.5	0.9	0.0	0.0
0.75	0.5	0.0	0.0
2.0	0.8	2.0	0.0
1.25	0.875	0.3333333333333333	0.0
1.25	0.0	0.0	0.0
1.5	0.625	0.0	0.0
2.25	0.3333333333333333	1.0	0.0
0.75	0.0	0.0	0.0
0.5	0.0	0.0	0.0
0.75	0.0	0.0	0.0
2.75	0.8181818181818182	0.0	0.0
0.75	0.0	0.0	0.0
1.75	0.46153846153846156	1.0	0.0
1.25	0.75	0.0	0.0
1.0	0.0	0.0	0.0
1.5	0.9	0.0	0.0
1.0	0.0	0.0	0.0
1.0	0.0	0.0	0.0
1.25	0.0	0.0	0.0
1.5	0.0	0.0	0.0
2.0	1.4285714285714286	0.3333333333333333	0.0
1.25	0.0	0.0	0.0
1.0	0.0	0.0	0.0
1.5	0.0	0.0	0.0
0.5	1.0	1.0	0.0
1.0	1.0	0.0	0.0
1.0	0.0	0.0	0.0
1.0	0.0	0.0	0.0
1.25	0.0	0.0	0.0
1.5	0.0	0.0	0.0
1.0	1.0	2.0	0.0
1.25	0.0	0.0	0.0
0.5	0.0	0.0	0.0
0.75	0.8	1.6666666666666667	0.0
0.75	0.5	0.0	0.0
1.5	0.6666666666666666	0.6	0.0
2.25	0.0	0.0	0.0
1.25	1.0	1.0	0.0
0.75	1.3333333333333333	0.0	0.0
0.5	0.0	0.0	0.0
0.75	0.0	0.0	0.0
0.75	0.0	0.0	0.0
1.75	0.42857142857142855	3.0	0.0
1.5	0.0	0.0	0.0
1.75	1.0	0.0	0.0
0.5	0.0	0.0	0.0
1.25	1.0	0.0	0.0
0.75	0.5	0.0	0.0
0.25	0.0	0.0	0.0
2.5	0.0	0.0	0.0
1.0	0.0	0.0	0.0
1.75	0.3333333333333333	0.6666666666666666	0.0
1.75	1.0	0.0	0.0
2.25	2.0	1.0	0.0
1.5	0.0	0.0	0.0
1.5	0.0	0.0	0.0
0.5	0.0	0.0	0.0
1.75	1.0	0.0	0.0
0.25	0.8	0.5	0.0
2.0	1.0	0.0	0.0
0.75	0.0	0.0	0.0
1.75	0.0	0.0	0.0
2.0	0.0	0.0	0.0
0.25	1.0	0.0	0.0
1.5	0.7142857142857143	0.0	0.0
2.0	0.0	0.0	0.0
1.0	0.0	0.0	0.0
0.5	0.0	0.0	0.0
0.5	0.0	0.0	0.0
1.0	1.0	0.0	0.0
1.75	0.0	0.0	0.0
3.0	1.25	0.0	0.0
1.5	2.5	1.0	0.0
0.75	1.75	0.0	0.0
0.75	0.0	0.0	0.0
0.75	0.0	0.0	0.0
1.0	0.0	0.0	0.0
0.5	0.0	0.0	0.0
0.0	0.0	0.0	0.0
0.75	0.0	0.0	0.0
1.25	0.0	0.0	0.0
0.75	0.0	0.0	0.0
1.75	0.0	0.0	0.0
1.75	0.0	0.0	0.0
1.25	0.0	0.0	0.0
1.75	0.0	0.0	0.0
1.5	1.0	0.0	0.0
0.5	0.0	0.0	0.0
0.5	0.0	0.0	0.0
0.75	0.0	0.0	0.0
1.5	0.0	0.0	0.0
1.75	0.0	0.0	0.0
1.5	0.0	0.0	0.0
0.5	0.0	0.0	0.0
1.25	0.0	0.0	0.0
2.5	1.0	2.0	0.0
1.25	2.0	2.0	0.0
1.0	0.0	0.0	0.0
1.0	0.0	0.0	0.0
1.75	0.0	0.0	0.0
1.0	0.6	0.0	0.0
1.0	0.0	0.0	0.0
0.75	0.0	0.0	0.0
1.0	1.0	1.0	0.0
1.25	0.0	0.0	0.0
1.0	1.25	0.6666666666666666	0.0
2.5	0.6666666666666666	0.0	0.0
0.25	0.0	0.0	0.0
0.75	0.0	0.0	0.0
1.5	1.0	0.0	0.0
1.5	0.0	0.0	0.0
1.25	0.0	0.0	0.0
1.25	0.3333333333333333	0.0	0.0
1.25	2.3333333333333335	0.0	0.0
0.0	0.0	0.0	0.0
2.75	2.0	0.0	0.0
0.75	0.0	0.0	0.0
0.75	0.0	0.0	0.0
1.0	0.0	0.0	0.0
0.75	0.0	0.0	0.0
1.0	0.0	0.0	0.0
0.25	0.5714285714285714	0.0	0.0
1.0	0.0	0.0	0.0
1.0	0.0	0.0	0.0
1.0	0.0	0.0	0.0
0.5	0.0	0.0	0.0
0.5	0.0	0.0	0.0
1.25	0.0	0.0	0.0
1.5	0.0	0.0	0.0
1.0	0.0	0.0	0.0
1.0	0.0	0.0	0.0
1.5	0.0	0.0	0.0
1.0	0.0	0.0	0.0
2.5	0.0	0.0	0.0
0.75	0.0	0.0	0.0
1.25	0.0	0.0	0.0
0.75	0.0	0.0	0.0
0.25	0.0	0.0	0.0
1.0	0.0	0.0	0.0
0.25	0.0	0.0	0.0
1.0	0.0	0.0	0.0
0.5	0.0	0.0	0.0
0.25	0.0	0.0	0.0
1.5	0.0	0.0	0.0
2.25	1.0	0.0	0.0
0.5	0.0	0.0	0.0
2.75	1.0	0.0	3.0
1.25	0.0	0.0	0.0
1.0	0.0	0.0	0.0
1.75	0.0	0.0	0.0
1.0	1.5	2.0	0.0
3.0	0.0	0.0	0.0
1.0	1.5	0.0	0.0
0.5	0.0	0.0	0.0
1.0	0.8571428571428571	0.0	0.0
0.5	0.0	0.0	0.0
0.75	0.0	0.0	0.0
1.0	0.0	0.0	0.0
1.5	0.0	0.0	0.0
1.75	0.0	0.0	0.0
1.25	0.0	0.0	0.0
1.0	1.0	0.0	0.0
2.5	1.25	0.0	0.0
1.5	0.0	0.0	0.0
1.25	0.0	1.2	0.0
1.75	0.0	0.0	0.0
3.5	0.0	0.0	0.0
1.75	0.0	0.0	0.0
1.75	2.4	2.0	0.0
1.5	0.0	0.0	0.0
1.0	1.0	0.0	0.0
0.75	0.0	0.0	0.0
0.25	0.0	0.0	0.0
0.5	0.2857142857142857	0.0	0.0
1.75	1.0	0.0	0.0
1.75	0.625	0.5	0.0
0.5	0.0	0.0	0.0
1.75	0.0	0.0	0.0
0.75	0.0	0.0	0.0
1.25	0.0	0.0	0.0
2.5	0.0	0.0	0.0
0.5	0.3333333333333333	0.0	0.0
2.0	0.0	0.0	0.0
0.0	0.0	0.0	0.0
1.75	0.0	2.5	0.0
2.0	0.0	0.0	0.0
1.0	0.0	0.0	0.0
0.75	0.0	0.0	0.0
1.25	1.0	0.0	4.0
1.5	0.25	0.0	0.0
1.25	0.0	0.0	0.0
1.5	0.0	0.0	0.0
2.25	0.0	0.0	0.0
1.0	0.0	0.0	0.0
0.5	0.0	0.0	0.0
0.5	0.0	0.0	0.0
1.0	0.0	0.0	0.0
0.75	0.0	0.0	0.0
1.5	1.3	0.0	0.0
1.5	0.0	0.0	0.0
3.25	1.1428571428571428	0.0	0.0
1.0	0.0	0.0	0.0
0.75	0.0	0.0	0.0
0.5	2.0	0.0	0.0
0.25	0.0	0.0	0.0
0.75	1.2857142857142858	0.0	0.0
1.75	0.0	0.0	0.0
0.0	0.0	0.0	0.0
0.5	0.0	0.0	0.0
0.75	0.0	0.0	0.0
2.25	0.0	0.0	0.0
0.75	0.0	0.0	0.0
1.5	1.3636363636363635	0.0	0.0
1.25	2.0	1.0	0.0
1.5	0.0	0.0	0.0
1.75	0.5	0.0	0.0
1.25	0.0	0.0	0.0
2.5	0.0	0.0	0.0
1.0	0.0	0.0	0.0
1.5	1.1875	0.0	0.0
1.5	0.0	0.0	0.0
0.75	0.0	0.0	0.0
2.0	0.0	0.0	0.0
1.5	0.0	0.0	0.0
1.0	0.0	0.0	0.0
0.75	0.0	0.0	0.0
2.5	0.0	0.0	0.0
2.0	0.0	0.0	0.0
1.5	0.6153846153846154	0.0	0.0
1.5	0.6666666666666666	0.0	0.0
0.75	0.0	0.0	0.0
1.5	1.5	0.0	0.0
1.5	2.0	0.0	0.0
1.25	0.0	0.0	0.0
0.75	0.0	0.0	0.0
1.25	0.0	1.0	0.0
1.5	0.0	0.0	0.0
1.0	0.0	0.0	0.0
0.5	0.0	0.0	0.0
1.75	0.0	0.0	0.0
1.0	0.4	0.0	0.0
1.25	1.3636363636363635	0.3333333333333333	0.0
1.5	0.0	0.0	0.0
0.25	1.5	0.0	0.0
1.25	0.0	0.0	0.0
0.75	0.8181818181818182	0.0	0.0
1.25	0.0	0.0	0.0
1.5	0.0	0.0	0.0
1.75	0.0	0.0	0.0
1.0	1.2222222222222223	0.0	0.0
1.5	0.4166666666666667	0.4	0.0
0.75	1.2	0.0	0.0
0.5	0.0	0.0	0.0
1.5	0.0	1.0	0.0
1.75	1.0	0.0	0.0
1.75	1.25	0.0	0.0
1.0	0.0	0.0	0.0
0.75	1.5	0.0	0.0
1.0	0.0	0.0	0.0
0.75	0.0	0.0	0.0
0.75	0.0	0.0	0.0
0.5	0.0	0.0	0.0
2.25	0.7272727272727273	1.0	0.0
1.0	0.0	0.0	0.0
1.25	0.6666666666666666	0.0	0.0
0.75	0.0	0.0	0.0
1.0	2.6666666666666665	0.0	0.0
1.75	1.4545454545454546	0.0	0.0
1.0	0.0	0.0	0.0
1.25	0.0	0.0	0.0
1.0	0.5	0.0	0.0
1.25	0.0	0.0	0.0
2.25	0.7647058823529411	0.0	0.0
1.25	0.0	0.0	0.0
0.75	0.0	0.0	0.0
0.5	0.0	0.0	0.0
2.0	1.2	0.5	0.0
1.25	0.8333333333333334	0.6666666666666666	0.0
0.75	0.5	0.0	0.0
2.75	1.0	0.0	0.0
0.5	0.0	0.0	0.0
0.5	0.0	0.0	0.0
1.0	0.0	0.0	0.0
2.0	0.0	0.0	0.0
1.25	0.0	0.0	0.0
0.5	0.0	0.0	0.0
0.5	0.0	0.0	0.0
1.0	1.0	0.0	0.0
0.75	0.9090909090909091	1.0	0.0
1.75	0.0	0.0	0.0
3.0	0.0	0.0	0.0
1.0	0.0	0.0	0.0
0.75	0.8333333333333334	0.0	0.0
1.75	0.42857142857142855	0.0	0.0
2.5	2.3333333333333335	0.0	0.0
0.75	0.0	1.3333333333333333	0.0
1.0	1.3333333333333333	0.0	0.0
0.75	0.0	0.0	0.0
1.25	0.0	0.0	0.0
1.0	1.125	0.0	0.0
1.25	0.0	0.0	0.0
2.25	0.0	0.0	0.0
1.0	0.0	0.0	0.0
1.5	0.0	0.0	0.0
1.5	1.5	0.0	0.0
0.75	0.0	0.0	0.0
0.75	2.125	0.6	0.0
1.25	0.75	1.3333333333333333	0.0
0.5	0.0	0.0	0.0
1.5	1.0	0.42857142857142855	0.0
2.25	0.8333333333333334	3.0	0.0
1.0	1.0	0.0	0.0
0.75	0.0	0.0	0.0
0.25	0.0	0.0	0.0
0.75	0.0	0.0	0.0
1.75	0.0	0.0	0.0
1.25	1.0	0.0	0.0
1.75	1.0	0.0	0.0
1.25	2.0	2.0	0.0
1.0	2.6666666666666665	0.3333333333333333	0.0
1.5	0.0	0.0	0.0
0.75	0.0	0.0	0.0
0.5	1.1818181818181819	0.0	0.0
1.25	0.0	0.0	0.0
0.75	0.0	0.0	0.0
0.75	0.5	0.0	0.0
0.5	0.0	0.0	0.0
1.5	0.0	0.0	0.0
0.5	0.0	0.0	0.0
2.25	0.0	0.0	0.0
0.5	0.0	0.0	0.0
0.75	0.0	0.0	0.0
1.75	0.5	1.3333333333333333	0.0
1.0	0.0	0.0	0.0
1.75	0.0	0.0	0.0
0.75	0.0	0.0	0.0
2.0	1.0	0.5	0.0
1.25	0.0	0.0	0.0
0.75	0.0	0.0	0.0
2.0	1.1666666666666667	0.0	0.0
0.75	0.0	0.0	0.0
0.5	0.0	0.0	0.0
0.5	0.5	0.0	0.0
1.5	0.0	0.0	0.0
0.5	0.0	0.0	0.0
1.0	0.0	0.0	0.0
1.25	6.0	0.0	0.0
1.5	0.0	0.0	0.0
0.75	0.0	0.0	0.0
0.75	0.0	0.0	0.0
0.5	0.0	0.0	0.0
1.0	0.0	0.0	0.0
1.0	0.0	0.0	0.0
0.25	0.0	0.0	0.0
0.5	0.0	0.0	0.0
1.0	1.0	2.0	0.0
1.75	0.5	1.5	0.0
1.75	0.0	0.0	0.0
1.5	1.0	0.0	0.0
0.5	0.0	0.0	0.0
2.0	0.5	0.0	0.0
0.75	0.0	0.0	0.0
1.0	0.0	0.0	0.0
2.25	1.4	0.0	1.0
0.75	1.3333333333333333	0.0	0.0
1.25	0.0	1.0	0.0
2.25	0.0	0.0	0.0
1.25	1.0	1.0	0.0
0.75	0.0	0.0	0.0
1.0	0.0	0.0	0.0
0.25	0.0	0.0	0.0
0.5	0.0	0.0	0.0
1.75	1.3076923076923077	0.0	0.0
1.0	0.0	0.0	0.0
1.5	2.5	0.0	0.0
1.0	0.0	0.0	0.0
1.5	1.0	0.0	0.0
0.25	0.5714285714285714	0.0	0.0
0.25	0.0	0.0	0.0
0.75	1.0	0.0	0.0
0.25	0.0	0.0	0.0
0.5	0.0	0.0	0.0
0.0	0.0	0.0	0.0
2.25	0.45454545454545453	0.0	0.0
1.75	0.0	0.0	0.0
0.0	0.0	0.0	0.0
1.5	0.0	0.0	0.0
1.25	0.75	0.0	0.0
0.75	0.0	0.0	0.0
0.25	0.0	0.0	0.0
0.75	1.5	0.0	0.0
1.75	1.25	0.0	0.0
1.75	0.5	0.2	0.0
1.0	0.0	0.0	0.0
1.75	1.0526315789473684	0.0	0.0
1.0	0.0	0.0	0.0
2.5	0.8333333333333334	0.0	0.0
1.5	0.0	0.0	0.0
1.25	3.0	0.0	0.0
1.0	0.0	0.0	0.0
2.75	0.0	0.0	0.0
1.75	0.5	0.0	0.0
0.25	0.0	0.0	0.0
1.75	2.25	0.0	0.0
0.75	0.0	0.0	0.0
0.75	0.0	0.0	0.0
1.0	0.0	0.0	0.0
0.75	0.0	0.0	1.0
1.25	0.5	0.0	0.0
1.5	0.0	0.0	0.0
1.5	0.6	0.0	0.0
0.75	0.0	0.0	0.0
2.25	1.0	1.0	0.0
1.25	1.25	0.0	0.0
0.75	0.0	0.0	0.0
1.5	1.3333333333333333	0.6666666666666666	0.0
1.75	0.8125	0.0	0.0
2.5	0.5	0.0	0.0
1.0	0.0	0.0	0.0
0.75	0.0	0.0	0.0
1.0	1.5	0.0	0.0
0.75	0.0	0.0	0.0
0.75	0.0	0.0	0.0
0.5	0.6875	1.0	0.0
1.75	0.0	0.0	0.0
1.25	0.0	0.0	0.0
1.0	0.0	0.0	0.0
1.0	1.0	0.0	0.0
2.0	2.0	0.0	0.0
0.75	0.0	0.0	0.0
2.25	0.0	0.0	0.0
2.5	0.8571428571428571	0.0	0.0
1.25	0.0	0.0	0.0
1.25	0.0	0.0	0.0
2.0	0.0	0.0	0.0
1.0	3.0	0.0	0.0
1.0	0.0	0.0	0.0
1.25	0.0	0.0	0.0
1.75	0.0	0.0	0.0
1.5	1.5	0.0	0.0
1.25	1.0	0.0	0.0
1.5	0.0	0.0	0.0
1.5	0.0	0.0	0.0
1.25	0.0	0.0	0.0
1.0	0.875	0.0	0.0
1.75	0.0	0.0	0.0
0.75	0.0	0.0	0.0
1.75	0.0	0.0	0.0
1.75	0.0	0.0	0.0
1.25	0.0	0.0	0.0
1.0	0.0	0.0	0.0
1.5	0.0	0.0	0.0
1.0	0.0	0.0	0.0
1.75	1.5714285714285714	0.0	0.0
0.5	0.0	0.0	0.0
1.5	0.0	0.0	0.0
1.75	0.0	0.0	0.0
0.75	2.0	0.0	0.0
0.75	0.0	0.0	0.0
1.75	2.0	0.0	0.0
0.75	0.0	1.6	0.0
1.0	0.8	0.0	0.0
0.5	0.8	0.0	0.0
0.5	0.0	0.0	0.0
2.0	1.2857142857142858	0.0	0.0
0.75	0.0	0.0	0.0
1.25	0.3333333333333333	0.0	0.0
0.5	0.0	0.0	0.0
2.25	0.8333333333333334	0.0	0.0
0.5	0.0	0.0	0.0
0.25	0.0	0.0	0.0
1.25	2.6666666666666665	0.0	0.0
2.0	0.6363636363636364	0.0	0.0
0.5	0.0	0.0	0.0
1.0	0.0	0.0	0.0
0.0	0.0	0.0	0.0
1.0	0.0	0.0	0.0
0.75	0.0	0.0	0.0
1.75	0.5	0.0	0.0
1.25	0.0	0.0	0.0
1.75	0.0	0.0	0.0
2.0	1.0	0.0	0.0
1.0	2.0	0.0	0.0
1.25	2.0	0.0	0.0
0.5	0.0	0.0	0.0
2.0	1.1	2.0	0.0
0.75	0.0	0.0	0.0
1.5	0.0	0.0	0.0
1.75	0.0	0.0	0.0
1.25	0.0	0.0	0.0
1.75	1.0	0.5	0.0
1.25	0.6666666666666666	0.0	0.0
1.25	0.0	0.0	0.0
0.25	0.5	0.0	0.0
1.0	1.0	0.0	0.0
1.0	1.0	0.0	0.0
1.0	0.0	0.0	0.0
1.25	0.0	0.0	0.0
0.5	0.0	0.0	0.0
1.0	1.0	0.0	0.0
1.5	0.0	0.0	0.0
0.75	0.0	0.0	0.0
1.25	0.0	0.0	0.0
1.0	1.25	1.0	0.0
0.75	1.0	0.0	0.0
2.25	0.6666666666666666	0.0	0.0
0.25	0.0	0.0	0.0
1.5	0.7	0.2	0.0
0.5	0.0	0.0	0.0
0.5	0.0	0.0	0.0
0.5	1.0	0.0	0.0
1.5	1.5	0.0	0.0
1.25	1.25	0.0	0.0
1.5	0.0	0.0	0.0
1.0	0.0	0.0	0.0
0.75	0.0	0.0	0.0
0.75	0.0	0.0	0.0
1.75	0.0	0.0	0.0
0.25	0.0	0.0	0.0
1.25	1.0	0.0	0.0
1.5	0.0	0.0	0.0
1.5	1.0	0.0	0.0
1.5	0.0	0.0	0.0
0.25	0.0	0.0	0.0
2.0	1.0	0.0	0.0
1.5	0.0	0.0	0.0
3.25	0.0	0.0	0.0
1.5	0.0	0.0	0.0
1.75	1.0	0.0	0.0
0.25	0.25	1.0	0.0
2.0	0.0	0.0	0.0
0.5	0.0	0.0	0.0
1.0	0.6	0.0	0.0
1.75	0.0	0.0	0.0
1.0	0.0	0.0	0.0
1.5	0.0	0.0	0.0
1.5	0.0	0.0	0.0
0.75	1.0	0.0	0.0
2.5	0.0	0.0	0.0
1.25	1.0	0.0	0.0
1.0	0.0	0.0	0.0
1.0	1.0	0.0	0.0
1.0	0.0	0.0	0.0
1.25	0.0	0.0	0.0
1.5	0.0	0.0	0.0
2.25	3.5	0.0	0.0
1.75	0.0	3.5	0.0
0.25	0.0	0.0	0.0
2.0	0.0	0.0	0.0
1.75	0.8	1.0	0.0
0.5	0.0	0.0	0.0
0.25	0.0	0.0	0.0
0.5	0.0	0.0	0.0
1.5	0.0	0.0	0.0
1.25	0.0	0.0	0.0
0.5	0.75	1.6666666666666667	0.0
1.75	1.5	0.5	0.0
2.0	0.5714285714285714	1.0	0.0
1.25	1.0	1.6	0.0
1.25	0.625	0.0	0.0
2.0	0.6666666666666666	0.0	0.0
1.25	2.0	0.0	0.0
1.5	1.0	0.0	0.0
1.0	1.8	0.0	0.0
0.75	0.0	0.0	0.0
1.25	1.0	0.0	0.0
2.25	1.0	0.0	0.0
0.75	0.0	0.0	0.0
2.25	0.0	0.5	0.0
1.5	0.0	0.0	0.0
0.75	0.0	0.0	0.0
0.75	0.0	0.0	0.0
1.25	1.0	0.0	0.0
0.75	0.0	0.0	0.0
1.5	0.3333333333333333	0.0	0.0
1.25	1.0	0.0	0.0
0.25	0.0	0.0	0.0
1.0	0.0	0.0	0.0
1.25	0.0	0.0	0.0
0.25	0.0	0.0	0.0
1.75	0.0	0.0	0.0
1.75	0.0	0.0	0.0
2.0	0.5	0.0	0.0
0.75	0.0	0.0	0.0
0.75	2.0	0.0	0.0
1.25	0.0	0.0	0.0
1.0	0.0	0.0	0.0
0.25	0.0	0.0	0.0
3.75	0.25	0.0	0.0
2.0	0.625	0.0	0.0
0.5	0.8333333333333334	0.0	0.0
0.25	0.0	0.0	0.0
1.25	0.0	0.0	0.0
1.75	0.0	0.0	0.0
2.0	0.0	0.0	0.0
0.5	0.0	0.0	0.0
0.5	0.0	0.0	0.0
0.75	0.0	0.0	0.0
1.25	0.0	0.0	0.0
1.5	1.0	0.0	0.0
1.25	0.0	0.0	0.0
2.0	1.0	0.0	0.0
2.25	1.0	0.0	0.0
1.25	0.0	0.0	0.0
1.0	0.0	0.0	0.0
2.0	1.0	0.0	0.0
0.5	0.3333333333333333	2.5	0.0
1.75	1.25	0.0	0.0
1.5	0.3333333333333333	0.0	0.0
1.25	0.0	0.0	0.0
0.25	0.0	0.0	0.0
0.5	1.0	1.0	0.0
0.5	0.0	0.0	0.0
1.75	2.0	0.0	0.0
2.0	0.3333333333333333	0.0	0.0
1.25	0.6	0.0	0.0
2.0	1.6	0.0	0.0
0.75	0.0	0.0	0.0
1.25	0.0	0.0	0.0
0.75	0.0	0.0	0.0
1.5	0.0	0.0	0.0
1.5	0.0	0.0	0.0
0.5	0.0	0.0	0.0
1.5	1.1666666666666667	0.5	0.0
1.75	2.0	1.0	0.0
