165	70	83	3048	0	0	0	0
14	7	13	3013	0	0	0	0
247	133	112	3069	0	0	0	0
59	29	20	3025	0	0	0	0
18	8	10	3016	0	0	0	0
174	94	91	3050	0	0	0	0
11	2	8	3010	0	0	0	0
170	104	72	3052	0	0	0	0
9	10	4	3014	0	0	0	0
252	112	99	3072	0	0	0	0
103	51	57	3054	0	0	0	0
194	76	72	3056	0	0	0	0
59	24	31	3031	0	0	0	0
17	2	9	3019	0	0	0	0
371	168	111	3071	0	0	0	0
93	45	47	3019	0	0	0	0
4	1	1	3010	0	0	0	0
187	77	66	3040	0	0	0	0
54	28	16	3026	0	0	0	0
46	22	21	3019	0	0	0	0
39	17	17	3015	0	0	0	0
128	48	44	3044	0	0	0	0
204	98	81	3052	0	0	0	0
176	107	77	3044	0	0	0	0
299	134	137	3051	0	0	0	0
11	5	4	3013	0	0	0	0
4	0	0	3009	0	0	0	0
79	58	42	3030	0	0	0	0
200	102	52	3060	0	0	0	0
40	32	25	3018	0	0	0	0
24	4	5	3019	0	0	0	0
220	115	96	3046	0	0	0	0
240	161	130	3069	0	0	0	0
9	1	4	3014	0	0	0	0
206	98	77	3041	0	0	0	0
287	141	116	3083	0	0	0	0
162	62	68	3060	0	0	0	0
182	90	57	3043	0	0	0	0
67	28	21	3024	0	0	0	0
161	78	79	3025	0	0	0	0
33	6	10	3021	0	0	0	0
134	75	61	3046	0	0	0	0
322	168	106	3092	0	0	0	0
137	46	47	3033	0	0	0	0
30	10	22	3015	0	0	0	0
184	81	81	3049	0	0	0	0
469	211	187	3101	0	0	0	0
5	0	2	3010	0	0	0	0
84	55	53	3029	0	0	0	0
15	3	8	3009	0	0	0	0
100	64	40	3049	0	0	0	0
134	59	57	3029	0	0	0	0
13	13	7	3016	0	0	0	0
345	148	141	3066	0	0	0	0
84	20	22	3030	0	0	0	0
117	71	44	3052	0	0	0	0
125	67	27	3046	0	0	0	0
123	41	48	3031	0	0	0	0
112	47	49	3033	0	0	0	0
165	72	67	3043	0	0	0	0
24	10	13	3016	0	0	0	0
175	71	60	3054	0	0	0	0
106	33	46	3026	0	0	0	0
208	100	89	3071	0	0	0	0
190	103	73	3043	0	0	0	0
185	74	73	3036	0	0	0	0
3	3	2	3011	0	0	0	0
272	116	94	3049	0	0	0	0
199	99	71	3055	0	0	0	0
71	48	36	3023	0	0	0	0
141	69	53	3035	0	0	0	0
189	116	89	3068	0	0	0	0
1	0	1	3010	0	0	0	0
43	7	16	3021	0	0	0	0
8	10	3	3015	0	0	0	0
124	49	44	3029	0	0	0	0
26	2	5	3018	0	0	0	0
301	110	97	3065	0	0	0	0
266	117	103	3078	0	0	0	0
10	6	7	3017	0	0	0	0
244	118	108	3057	0	0	0	0
2	3	1	3010	0	0	0	0
4	1	3	3010	0	0	0	0
237	96	95	3077	0	0	0	0
276	98	98	3052	0	0	0	0
65	28	21	3021	0	0	0	0
37	8	15	3022	0	0	0	0
33	21	11	3019	0	0	0	0
349	177	114	3061	0	0	0	0
418	194	146	3103	0	0	0	0
213	128	88	3052	0	0	0	0
109	51	57	3025	0	0	0	0
263	146	88	3053	0	0	0	0
20	0	11	3018	0	0	0	0
52	37	28	3021	0	0	0	0
21	10	10	3013	0	0	0	0
36	17	15	3019	0	0	0	0
16	4	4	3015	0	0	0	0
257	117	84	3067	0	0	0	0
4	4	2	3009	0	0	0	0
97	55	45	3032	0	0	0	0
21	8	15	3013	0	0	0	0
97	58	31	3030	0	0	0	0
66	19	22	3032	0	0	0	0
284	131	117	3048	0	0	0	0
278	118	117	3064	0	0	0	0
98	43	41	3023	0	0	0	0
16	6	4	3010	0	0	0	0
11	2	5	3013	0	0	0	0
234	98	83	3060	0	0	0	0
118	58	55	3040	0	0	0	0
25	6	16	3019	0	0	0	0
338	145	129	3090	0	0	0	0
294	169	114	3077	0	0	0	0
175	88	62	3042	0	0	0	0
170	71	77	3047	0	0	0	0
14	6	4	3015	0	0	0	0
52	15	22	3021	0	0	0	0
99	57	52	3024	0	0	0	0
115	55	43	3022	0	0	0	0
304	126	112	3049	0	0	0	0
348	184	133	3065	0	0	0	0
30	14	11	3027	0	0	0	0
111	51	42	3030	0	0	0	0
167	83	63	3040	0	0	0	0
256	122	100	3066	0	0	0	0
77	37	26	3033	0	0	0	0
353	115	169	3084	0	0	0	0
205	116	104	3045	0	0	0	0
83	27	30	3028	0	0	0	0
12	2	5	3011	0	0	0	0
111	45	45	3034	0	0	0	0
200	105	80	3052	0	0	0	0
119	47	48	3025	0	0	0	0
67	46	23	3025	0	0	0	0
87	34	40	3024	0	0	0	0
595	266	209	3134	0	0	0	0
68	20	22	3017	0	0	0	0
172	79	66	3051	0	0	0	0
120	60	35	3037	0	0	0	0
393	185	156	3086	0	0	0	0
71	32	33	3029	0	0	0	0
36	17	25	3029	0	0	0	0
213	98	95	3058	0	0	0	0
206	98	72	3040	0	0	0	0
281	168	101	3071	0	0	0	0
341	157	136	3070	0	0	0	0
108	33	37	3023	0	0	0	0
22	7	5	3010	0	0	0	0
173	66	90	3042	0	0	0	0
230	100	85	3043	0	0	0	0
14	5	5	3009	0	0	0	0
344	138	98	3064	0	0	0	0
190	77	57	3033	0	0	0	0
88	29	27	3023	0	0	0	0
237	88	76	3043	0	0	0	0
106	55	55	3042	0	0	0	0
132	71	67	3046	0	0	0	0
88	19	28	3034	0	0	0	0
23	6	5	3017	0	0	0	0
35	9	16	3020	0	0	0	0
47	18	23	3019	0	0	0	0
134	35	61	3053	0	0	0	0
348	148	99	3068	0	0	0	0
101	75	39	3027	0	0	0	0
192	111	76	3055	0	0	0	0
9	1	2	3009	0	0	0	0
338	133	119	3072	0	0	0	0
5	2	2	3015	0	0	0	0
71	37	17	3028	0	0	0	0
68	12	16	3025	0	0	0	0
63	22	22	3025	0	0	0	0
241	99	88	3062	0	0	0	0
178	79	72	3049	0	0	0	0
7	3	3	3014	0	0	0	0
119	62	62	3040	0	0	0	0
184	115	84	3045	0	0	0	0
301	155	119	3053	0	0	0	0
259	120	117	3043	0	0	0	0
23	13	9	3018	0	0	0	0
42	13	11	3021	0	0	0	0
92	46	41	3027	0	0	0	0
80	42	29	3029	0	0	0	0
286	156	104	3079	0	0	0	0
189	97	81	3051	0	0	0	0
45	14	17	3015	0	0	0	0
188	59	70	3041	0	0	0	0
138	51	52	3030	0	0	0	0
341	127	138	3077	0	0	0	0
45	9	13	3016	0	0	0	0
306	123	123	3045	0	0	0	0
7	0	2	3010	0	0	0	0
302	152	102	3064	0	0	0	0
168	86	62	3051	0	0	0	0
204	122	87	3061	0	0	0	0
92	45	38	3020	0	0	0	0
16	4	4	3014	0	0	0	0
113	57	47	3048	0	0	0	0
119	47	33	3031	0	0	0	0
14	4	2	3010	0	0	0	0
241	110	90	3048	0	0	0	0
178	86	75	3050	0	0	0	0
112	51	56	3029	0	0	0	0
195	79	75	3040	0	0	0	0
60	29	28	3025	0	0	0	0
18	0	4	3017	0	0	0	0
57	23	14	3030	0	0	0	0
77	41	25	3019	0	0	0	0
15	1	8	3012	0	0	0	0
173	85	89	3046	0	0	0	0
224	82	110	3049	0	0	0	0
134	34	46	3034	0	0	0	0
22	10	12	3012	0	0	0	0
384	175	167	3102	0	0	0	0
20	12	5	3015	0	0	0	0
6	4	1	3010	0	0	0	0
144	68	40	3052	0	0	0	0
68	41	30	3021	0	0	0	0
180	107	88	3044	0	0	0	0
106	36	44	3021	0	0	0	0
68	27	24	3027	0	0	0	0
26	8	10	3014	0	0	0	0
42	18	23	3024	0	0	0	0
23	12	8	3014	0	0	0	0
28	9	18	3012	0	0	0	0
69	25	25	3021	0	0	0	0
150	87	63	3035	0	0	0	0
61	11	26	3021	0	0	0	0
331	145	159	3071	0	0	0	0
163	79	57	3027	0	0	0	0
59	27	17	3026	0	0	0	0
329	170	127	3111	0	0	0	0
318	184	137	3067	0	0	0	0
89	36	32	3034	0	0	0	0
203	102	76	3059	0	0	0	0
88	30	39	3026	0	0	0	0
120	45	29	3045	0	0	0	0
52	19	17	3022	0	0	0	0
84	40	47	3030	0	0	0	0
61	31	25	3021	0	0	0	0
436	236	180	3111	0	0	0	0
416	194	145	3087	0	0	0	0
113	37	28	3032	0	0	0	0
5	0	0	3012	0	0	0	0
368	134	111	3082	0	0	0	0
57	16	18	3021	0	0	0	0
59	29	10	3022	0	0	0	0
190	99	63	3038	0	0	0	0
352	162	111	3090	0	0	0	0
257	122	92	3055	0	0	0	0
8	3	9	3014	0	0	0	0
239	127	111	3067	0	0	0	0
3	1	3	3012	0	0	0	0
322	149	117	3070	0	0	0	0
284	140	123	3074	0	0	0	0
154	60	60	3042	0	0	0	0
157	60	49	3024	0	0	0	0
94	39	45	3026	0	0	0	0
94	36	43	3029	0	0	0	0
250	104	94	3084	0	0	0	0
23	9	2	3016	0	0	0	0
43	38	15	3023	0	0	0	0
25	12	15	3014	0	0	0	0
33	13	23	3013	0	0	0	0
19	7	4	3014	0	0	0	0
323	161	129	3057	0	0	0	0
45	9	15	3020	0	0	0	0
273	159	117	3075	0	0	0	0
61	30	26	3029	0	0	0	0
123	60	47	3034	0	0	0	0
176	86	61	3041	0	0	0	0
278	154	117	3072	0	0	0	0
52	33	13	3029	0	0	0	0
312	140	137	3052	0	0	0	0
8	9	7	3012	0	0	0	0
42	24	18	3017	0	0	0	0
288	166	125	3072	0	0	0	0
256	125	110	3059	0	0	0	0
108	35	40	3038	0	0	0	0
233	106	98	3064	0	0	0	0
17	5	1	3015	0	0	0	0
181	93	47	3034	0	0	0	0
329	151	130	3060	0	0	0	0
221	67	62	3045	0	0	0	0
12	2	4	3009	0	0	0	0
295	126	86	3072	0	0	0	0
17	5	5	3014	0	0	0	0
7	1	2	3009	0	0	0	0
34	11	14	3016	0	0	0	0
51	27	38	3016	0	0	0	0
25	8	10	3018	0	0	0	0
129	61	40	3044	0	0	0	0
287	150	84	3053	0	0	0	0
52	18	20	3012	0	0	0	0
61	18	22	3021	0	0	0	0
88	57	34	3034	0	0	0	0
23	9	7	3014	0	0	0	0
49	19	11	3031	0	0	0	0
268	130	112	3061	0	0	0	0
393	175	159	3078	0	0	0	0
212	109	93	3061	0	0	0	0
267	160	110	3068	0	0	0	0
8	2	8	3015	0	0	0	0
212	127	90	3050	0	0	0	0
152	77	64	3059	0	0	0	0
333	157	126	3066	0	0	0	0
7	6	3	3015	0	0	0	0
42	10	22	3023	0	0	0	0
283	153	120	3050	0	0	0	0
38	28	24	3022	0	0	0	0
113	52	71	3038	0	0	0	0
95	55	45	3024	0	0	0	0
71	34	28	3041	0	0	0	0
344	172	144	3077	0	0	0	0
353	179	142	3105	0	0	0	0
127	52	66	3037	0	0	0	0
274	134	111	3070	0	0	0	0
1	0	0	3012	0	0	0	0
79	43	38	3040	0	0	0	0
221	73	77	3045	0	0	0	0
35	20	14	3023	0	0	0	0
170	56	59	3055	0	0	0	0
268	139	122	3066	0	0	0	0
272	126	106	3069	0	0	0	0
146	75	54	3040	0	0	0	0
156	78	60	3036	0	0	0	0
21	10	8	3012	0	0	0	0
101	52	43	3028	0	0	0	0
107	38	37	3042	0	0	0	0
54	25	19	3022	0	0	0	0
182	79	77	3050	0	0	0	0
13	9	3	3016	0	0	0	0
110	41	42	3027	0	0	0	0
106	61	46	3030	0	0	0	0
237	114	80	3047	0	0	0	0
198	92	75	3050	0	0	0	0
201	111	78	3039	0	0	0	0
420	217	156	3089	0	0	0	0
182	106	81	3044	0	0	0	0
79	32	25	3039	0	0	0	0
173	100	71	3038	0	0	0	0
60	30	22	3024	0	0	0	0
340	174	146	3101	0	0	0	0
199	70	78	3054	0	0	0	0
69	44	25	3015	0	0	0	0
477	168	190	3094	0	0	0	0
35	12	15	3018	0	0	0	0
315	153	153	3077	0	0	0	0
97	61	48	3034	0	0	0	0
190	84	68	3040	0	0	0	0
181	97	71	3035	0	0	0	0
2	2	3	3011	0	0	0	0
17	4	8	3015	0	0	0	0
57	36	24	3025	0	0	0	0
126	91	75	3036	0	0	0	0
25	5	7	3016	0	0	0	0
232	103	102	3050	0	0	0	0
89	35	38	3029	0	0	0	0
50	17	20	3025	0	0	0	0
227	96	82	3053	0	0	0	0
135	67	59	3043	0	0	0	0
429	184	151	3104	0	0	0	0
87	42	35	3052	0	0	0	0
22	6	5	3012	0	0	0	0
2	0	0	3009	0	0	0	0
224	78	102	3039	0	0	0	0
72	37	40	3024	0	0	0	0
250	115	107	3063	0	0	0	0
17	8	7	3020	0	0	0	0
178	91	62	3029	0	0	0	0
219	120	80	3037	0	0	0	0
271	132	133	3050	0	0	0	0
242	128	85	3038	0	0	0	0
6	0	1	3014	0	0	0	0
39	14	16	3019	0	0	0	0
53	32	27	3021	0	0	0	0
13	2	6	3013	0	0	0	0
243	114	98	3067	0	0	0	0
247	137	111	3071	0	0	0	0
232	95	102	3055	0	0	0	0
70	48	25	3039	0	0	0	0
139	58	59	3037	0	0	0	0
317	140	116	3073	0	0	0	0
269	128	111	3065	0	0	0	0
63	17	20	3020	0	0	0	0
50	25	21	3019	0	0	0	0
100	47	42	3034	0	0	0	0
98	47	45	3031	0	0	0	0
80	42	43	3024	0	0	0	0
18	13	7	3013	0	0	0	0
146	55	49	3048	0	0	0	0
37	26	15	3023	0	0	0	0
63	10	33	3024	0	0	0	0
7	2	2	3018	0	0	0	0
42	11	11	3020	0	0	0	0
280	143	118	3057	0	0	0	0
49	21	17	3025	0	0	0	0
182	101	85	3043	0	0	0	0
10	2	1	3009	0	0	0	0
195	104	78	3038	0	0	0	0
236	100	105	3054	0	0	0	0
353	203	162	3108	0	0	0	0
11	7	5	3010	0	0	0	0
15	10	8	3020	0	0	0	0
90	40	30	3030	0	0	0	0
206	104	82	3048	0	0	0	0
36	12	16	3020	0	0	0	0
17	1	6	3018	0	0	0	0
269	111	111	3050	0	0	0	0
174	79	63	3030	0	0	0	0
180	84	79	3042	0	0	0	0
358	131	145	3081	0	0	0	0
33	11	14	3013	0	0	0	0
286	122	94	3071	0	0	0	0
11	2	4	3009	0	0	0	0
332	174	130	3079	0	0	0	0
185	97	82	3038	0	0	0	0
42	32	15	3020	0	0	0	0
27	8	8	3014	0	0	0	0
17	8	5	3016	0	0	0	0
3	1	5	3010	0	0	0	0
79	42	41	3031	0	0	0	0
65	28	29	3038	0	0	0	0
177	85	53	3053	0	0	0	0
120	48	35	3040	0	0	0	0
6	1	3	3011	0	0	0	0
274	143	91	3056	0	0	0	0
517	233	186	3110	0	0	0	0
138	58	64	3055	0	0	0	0
213	100	98	3054	0	0	0	0
2	3	2	3009	0	0	0	0
276	146	125	3075	0	0	0	0
39	17	17	3019	0	0	0	0
183	113	68	3033	0	0	0	0
160	80	65	3057	0	0	0	0
17	10	17	3017	0	0	0	0
177	82	69	3042	0	0	0	0
176	65	70	3037	0	0	0	0
119	62	49	3038	0	0	0	0
115	57	48	3026	0	0	0	0
79	32	39	3024	0	0	0	0
2	1	0	3009	0	0	0	0
7	2	0	3013	0	0	0	0
15	5	4	3017	0	0	0	0
127	34	42	3040	0	0	0	0
94	41	31	3035	0	0	0	0
38	12	11	3018	0	0	0	0
51	18	21	3028	0	0	0	0
27	7	6	3015	0	0	0	0
356	149	151	3072	0	0	0	0
278	136	131	3075	0	0	0	0
8	3	0	3018	0	0	0	0
155	79	56	3058	0	0	0	0
38	16	21	3015	0	0	0	0
143	60	59	3028	0	0	0	0
368	179	136	3090	0	0	0	0
256	110	109	3076	0	0	0	0
150	79	53	3033	0	0	0	0
27	14	13	3017	0	0	0	0
231	138	98	3049	0	0	0	0
52	28	20	3029	0	0	0	0
273	155	92	3064	0	0	0	0
183	82	77	3053	0	0	0	0
342	127	120	3061	0	0	0	0
97	67	40	3014	0	0	0	0
194	102	74	3059	0	0	0	0
79	30	30	3040	0	0	0	0
384	214	182	3072	0	0	0	0
380	172	159	3063	0	0	0	0
29	9	7	3021	0	0	0	0
15	3	13	3010	0	0	0	0
119	73	53	3033	0	0	0	0
234	113	105	3049	0	0	0	0
81	35	34	3026	0	0	0	0
407	166	165	3065	0	0	0	0
19	3	4	3015	0	0	0	0
431	173	156	3112	0	0	0	0
133	46	53	3041	0	0	0	0
352	165	152	3070	0	0	0	0
21	6	7	3015	0	0	0	0
361	179	159	3069	0	0	0	0
165	76	59	3035	0	0	0	0
60	27	20	3017	0	0	0	0
44	21	12	3017	0	0	0	0
284	133	97	3050	0	0	0	0
73	38	23	3022	0	0	0	0
27	6	8	3014	0	0	0	0
160	81	73	3043	0	0	0	0
62	12	23	3022	0	0	0	0
310	123	111	3051	0	0	0	0
14	7	8	3018	0	0	0	0
217	93	81	3044	0	0	0	0
20	9	6	3014	0	0	0	0
115	61	33	3027	0	0	0	0
18	6	7	3019	0	0	0	0
236	102	107	3044	0	0	0	0
15	5	4	3013	0	0	0	0
3	0	5	3009	0	0	0	0
319	149	121	3077	0	0	0	0
142	107	64	3043	0	0	0	0
149	73	59	3047	0	0	0	0
72	24	27	3024	0	0	0	0
107	53	41	3036	0	0	0	0
134	67	75	3037	0	0	0	0
172	88	80	3060	0	0	0	0
253	109	103	3080	0	0	0	0
62	19	20	3029	0	0	0	0
317	139	117	3061	0	0	0	0
239	110	93	3069	0	0	0	0
191	114	69	3058	0	0	0	0
48	9	13	3018	0	0	0	0
426	238	159	3080	0	0	0	0
20	4	5	3019	0	0	0	0
92	73	38	3029	0	0	0	0
23	11	12	3010	0	0	0	0
41	20	13	3028	0	0	0	0
327	150	117	3083	0	0	0	0
192	117	82	3055	0	0	0	0
39	11	11	3028	0	0	0	0
119	57	53	3037	0	0	0	0
287	116	116	3077	0	0	0	0
98	63	50	3028	0	0	0	0
33	18	18	3026	0	0	0	0
221	105	98	3075	0	0	0	0
67	32	30	3020	0	0	0	0
49	23	29	3033	0	0	0	0
147	65	47	3028	0	0	0	0
125	72	63	3028	0	0	0	0
64	21	38	3032	0	0	0	0
39	25	18	3030	0	0	0	0
23	9	14	3014	0	0	0	0
199	81	92	3041	0	0	0	0
19	23	15	3011	0	0	0	0
17	10	6	3021	0	0	0	0
190	72	71	3042	0	0	0	0
249	97	94	3065	0	0	0	0
49	13	15	3024	0	0	0	0
103	32	27	3036	0	0	0	0
250	123	118	3071	0	0	0	0
481	234	183	3093	0	0	0	0
9	3	4	3009	0	0	0	0
41	11	16	3022	0	0	0	0
96	61	37	3027	0	0	0	0
81	46	32	3040	0	0	0	0
20	16	16	3024	0	0	0	0
3	1	3	3010	0	0	0	0
386	194	128	3091	0	0	0	0
54	20	30	3019	0	0	0	0
28	4	11	3016	0	0	0	0
208	77	69	3050	0	0	0	0
378	191	148	3084	0	0	0	0
291	121	110	3074	0	0	0	0
34	10	11	3014	0	0	0	0
165	85	61	3047	0	0	0	0
45	12	11	3025	0	0	0	0
27	8	5	3022	0	0	0	0
32	4	9	3020	0	0	0	0
148	83	68	3065	0	0	0	0
76	47	32	3036	0	0	0	0
256	107	103	3073	0	0	0	0
41	22	12	3020	0	0	0	0
263	135	102	3067	0	0	0	0
116	42	36	3037	0	0	0	0
130	49	42	3063	0	0	0	0
60	18	31	3026	0	0	0	0
13	3	2	3010	0	0	0	0
115	39	40	3030	0	0	0	0
192	74	66	3066	0	0	0	0
37	6	10	3024	0	0	0	0
31	14	15	3012	0	0	0	0
261	113	85	3061	0	0	0	0
38	16	8	3012	0	0	0	0
179	90	84	3048	0	0	0	0
10	6	3	3010	0	0	0	0
26	5	11	3015	0	0	0	0
48	11	18	3021	0	0	0	0
400	177	147	3070	0	0	0	0
42	11	25	3018	0	0	0	0
31	10	10	3016	0	0	0	0
96	37	43	3022	0	0	0	0
101	60	54	3025	0	0	0	0
22	14	16	3021	0	0	0	0
36	14	17	3023	0	0	0	0
200	107	68	3046	0	0	0	0
297	137	90	3069	0	0	0	0
84	32	31	3024	0	0	0	0
15	5	14	3010	0	0	0	0
64	31	22	3023	0	0	0	0
248	121	105	3074	0	0	0	0
172	84	51	3033	0	0	0	0
9	4	9	3015	0	0	0	0
397	170	141	3108	0	0	0	0
306	156	101	3072	0	0	0	0
93	59	35	3023	0	0	0	0
52	16	21	3022	0	0	0	0
408	164	178	3082	0	0	0	0
37	21	13	3018	0	0	0	0
237	87	84	3061	0	0	0	0
138	63	59	3031	0	0	0	0
102	58	36	3020	0	0	0	0
213	84	78	3059	0	0	0	0
122	49	35	3032	0	0	0	0
132	72	49	3030	0	0	0	0
83	40	32	3037	0	0	0	0
55	20	17	3021	0	0	0	0
213	104	72	3040	0	0	0	0
12	2	9	3010	0	0	0	0
308	164	156	3068	0	0	0	0
59	20	28	3023	0	0	0	0
116	40	36	3038	0	0	0	0
42	26	22	3016	0	0	0	0
137	73	66	3038	0	0	0	0
37	24	21	3023	0	0	0	0
24	6	13	3012	0	0	0	0
45	12	16	3016	0	0	0	0
13	2	3	3017	0	0	0	0
118	55	50	3043	0	0	0	0
336	143	126	3077	0	0	0	0
67	32	34	3025	0	0	0	0
209	84	74	3060	0	0	0	0
85	53	25	3031	0	0	0	0
186	119	61	3059	0	0	0	0
158	89	57	3031	0	0	0	0
165	71	52	3036	0	0	0	0
105	31	47	3022	0	0	0	0
59	31	29	3028	0	0	0	0
262	107	110	3067	0	0	0	0
120	51	35	3027	0	0	0	0
32	12	12	3016	0	0	0	0
129	57	41	3023	0	0	0	0
41	23	12	3018	0	0	0	0
369	159	140	3094	0	0	0	0
316	126	126	3076	0	0	0	0
101	56	37	3023	0	0	0	0
252	146	108	3066	0	0	0	0
321	146	117	3059	0	0	0	0
22	7	5	3013	0	0	0	0
223	108	117	3076	0	0	0	0
238	124	96	3066	0	0	0	0
202	81	93	3050	0	0	0	0
330	142	115	3063	0	0	0	0
59	29	31	3041	0	0	0	0
327	145	116	3068	0	0	0	0
233	117	100	3051	0	0	0	0
168	63	64	3042	0	0	0	0
12	3	3	3012	0	0	0	0
202	97	67	3059	0	0	0	0
124	63	53	3035	0	0	0	0
170	84	68	3054	0	0	0	0
40	18	16	3020	0	0	0	0
80	53	31	3033	0	0	0	0
334	150	120	3061	0	0	0	0
107	44	36	3033	0	0	0	0
25	16	6	3027	0	0	0	0
169	77	67	3043	0	0	0	0
227	137	100	3057	0	0	0	0
314	125	85	3055	0	0	0	0
51	41	26	3032	0	0	0	0
159	73	57	3028	0	0	0	0
366	147	136	3075	0	0	0	0
15	14	7	3010	0	0	0	0
105	61	46	3028	0	0	0	0
82	35	28	3030	0	0	0	0
119	78	63	3037	0	0	0	0
11	4	6	3010	0	0	0	0
261	124	90	3054	0	0	0	0
8	6	6	3015	0	0	0	0
218	100	74	3046	0	0	0	0
186	107	67	3045	0	0	0	0
30	4	12	3009	0	0	0	0
64	28	21	3031	0	0	0	0
15	7	5	3010	0	0	0	0
95	22	40	3035	0	0	0	0
60	29	35	3022	0	0	0	0
186	76	68	3052	0	0	0	0
204	99	85	3058	0	0	0	0
26	9	3	3014	0	0	0	0
293	169	110	3071	0	0	0	0
175	72	67	3040	0	0	0	0
49	21	20	3025	0	0	0	0
197	90	94	3052	0	0	0	0
33	12	19	3023	0	0	0	0
333	145	153	3086	0	0	0	0
186	103	84	3040	0	0	0	0
179	68	62	3056	0	0	0	0
156	82	76	3041	0	0	0	0
256	119	108	3062	0	0	0	0
307	140	110	3070	0	0	0	0
185	91	53	3046	0	0	0	0
187	106	76	3049	0	0	0	0
50	21	20	3024	0	0	0	0
34	15	11	3024	0	0	0	0
164	52	55	3032	0	0	0	0
143	53	43	3022	0	0	0	0
192	98	74	3030	0	0	0	0
196	98	72	3049	0	0	0	0
180	73	73	3053	0	0	0	0
31	12	22	3017	0	0	0	0
59	21	16	3017	0	0	0	0
300	146	134	3098	0	0	0	0
185	90	78	3047	0	0	0	0
280	85	96	3046	0	0	0	0
100	34	25	3032	0	0	0	0
5	3	2	3010	0	0	0	0
139	91	57	3065	0	0	0	0
50	19	18	3021	0	0	0	0
101	52	39	3027	0	0	0	0
150	88	54	3027	0	0	0	0
256	162	119	3077	0	0	0	0
56	18	15	3021	0	0	0	0
374	164	158	3088	0	0	0	0
308	138	114	3066	0	0	0	0
3	1	4	3010	0	0	0	0
7	4	7	3016	0	0	0	0
69	30	25	3023	0	0	0	0
7	2	3	3011	0	0	0	0
137	67	52	3028	0	0	0	0
394	197	145	3093	0	0	0	0
190	107	86	3073	0	0	0	0
73	18	24	3020	0	0	0	0
106	41	37	3026	0	0	0	0
19	3	5	3013	0	0	0	0
26	14	12	3013	0	0	0	0
5	1	4	3013	0	0	0	0
41	25	18	3024	0	0	0	0
260	143	102	3101	0	0	0	0
222	142	90	3068	0	0	0	0
257	125	108	3046	0	0	0	0
482	239	195	3116	0	0	0	0
212	96	74	3058	0	0	0	0
8	4	4	3010	0	0	0	0
72	23	34	3016	0	0	0	0
52	23	18	3024	0	0	0	0
57	18	18	3022	0	0	0	0
9	2	2	3016	0	0	0	0
345	132	120	3076	0	0	0	0
132	75	46	3040	0	0	0	0
94	45	37	3034	0	0	0	0
160	87	46	3040	0	0	0	0
15	8	3	3016	0	0	0	0
272	81	89	3047	0	0	0	0
167	72	53	3027	0	0	0	0
421	159	166	3082	0	0	0	0
278	157	123	3050	0	0	0	0
206	123	84	3044	0	0	0	0
95	27	41	3030	0	0	0	0
51	11	12	3028	0	0	0	0
7	1	3	3013	0	0	0	0
276	132	119	3065	0	0	0	0
134	63	56	3051	0	0	0	0
359	150	118	3073	0	0	0	0
21	11	7	3015	0	0	0	0
27	18	5	3022	0	0	0	0
119	53	56	3031	0	0	0	0
126	67	47	3042	0	0	0	0
115	58	45	3033	0	0	0	0
123	42	43	3048	0	0	0	0
320	157	103	3062	0	0	0	0
65	36	40	3032	0	0	0	0
47	40	27	3022	0	0	0	0
8	1	4	3012	0	0	0	0
257	107	109	3058	0	0	0	0
291	98	149	3049	0	0	0	0
57	33	25	3020	0	0	0	0
235	118	107	3057	0	0	0	0
391	199	165	3111	0	0	0	0
15	0	2	3014	0	0	0	0
217	82	84	3047	0	0	0	0
25	13	13	3017	0	0	0	0
249	85	104	3069	0	0	0	0
23	9	9	3013	0	0	0	0
159	73	69	3041	0	0	0	0
33	15	15	3014	0	0	0	0
74	42	31	3016	0	0	0	0
298	123	113	3076	0	0	0	0
12	4	4	3010	0	0	0	0
218	96	91	3053	0	0	0	0
288	134	129	3066	0	0	0	0
271	129	96	3070	0	0	0	0
276	174	114	3069	0	0	0	0
216	118	90	3064	0	0	0	0
220	107	84	3061	0	0	0	0
13	4	7	3011	0	0	0	0
169	66	58	3039	0	0	0	0
362	186	149	3079	0	0	0	0
4	1	2	3012	0	0	0	0
74	25	39	3026	0	0	0	0
217	101	99	3059	0	0	0	0
84	22	34	3026	0	0	0	0
64	27	14	3026	0	0	0	0
86	46	36	3035	0	0	0	0
38	19	13	3013	0	0	0	0
14	1	5	3017	0	0	0	0
110	55	37	3032	0	0	0	0
30	8	9	3015	0	0	0	0
106	44	32	3033	0	0	0	0
7	6	0	3012	0	0	0	0
268	126	129	3070	0	0	0	0
347	160	155	3090	0	0	0	0
322	115	125	3086	0	0	0	0
404	184	165	3099	0	0	0	0
107	40	42	3040	0	0	0	0
371	195	177	3067	0	0	0	0
165	93	57	3039	0	0	0	0
339	150	109	3077	0	0	0	0
344	162	138	3052	0	0	0	0
35	19	20	3015	0	0	0	0
25	11	8	3022	0	0	0	0
4	0	1	3010	0	0	0	0
40	20	10	3024	0	0	0	0
15	3	4	3015	0	0	0	0
252	144	108	3093	0	0	0	0
158	63	67	3049	0	0	0	0
46	14	19	3016	0	0	0	0
160	60	47	3032	0	0	0	0
141	67	50	3039	0	0	0	0
4	1	1	3011	0	0	0	0
6	5	3	3014	0	0	0	0
290	149	95	3072	0	0	0	0
78	43	30	3039	0	0	0	0
95	44	28	3042	0	0	0	0
14	9	5	3017	0	0	0	0
33	15	25	3020	0	0	0	0
39	22	17	3018	0	0	0	0
18	5	6	3012	0	0	0	0
381	198	144	3092	0	0	0	0
208	79	73	3069	0	0	0	0
6	2	4	3014	0	0	0	0
131	60	61	3031	0	0	0	0
209	117	74	3043	0	0	0	0
321	121	106	3069	0	0	0	0
194	86	83	3049	0	0	0	0
56	38	22	3026	0	0	0	0
33	15	10	3017	0	0	0	0
7	1	3	3012	0	0	0	0
44	17	10	3032	0	0	0	0
43	12	15	3017	0	0	0	0
317	143	133	3084	0	0	0	0
234	90	110	3067	0	0	0	0
11	3	1	3013	0	0	0	0
155	94	66	3044	0	0	0	0
59	26	11	3020	0	0	0	0
171	69	68	3047	0	0	0	0
197	79	64	3055	0	0	0	0
85	26	24	3040	0	0	0	0
268	124	118	3073	0	0	0	0
235	95	112	3052	0	0	0	0
39	10	5	3022	0	0	0	0
255	131	99	3049	0	0	0	0
95	59	52	3033	0	0	0	0
344	146	127	3067	0	0	0	0
238	122	88	3061	0	0	0	0
255	117	99	3055	0	0	0	0
100	50	54	3038	0	0	0	0
25	21	5	3021	0	0	0	0
28	9	9	3015	0	0	0	0
13	6	2	3013	0	0	0	0
45	22	19	3022	0	0	0	0
185	84	82	3049	0	0	0	0
147	83	72	3032	0	0	0	0
85	42	25	3037	0	0	0	0
24	24	12	3022	0	0	0	0
207	83	73	3041	0	0	0	0
197	111	86	3066	0	0	0	0
220	115	84	3055	0	0	0	0
138	65	43	3042	0	0	0	0
191	104	78	3032	0	0	0	0
56	25	24	3023	0	0	0	0
178	96	66	3062	0	0	0	0
184	107	99	3054	0	0	0	0
186	88	78	3034	0	0	0	0
254	113	108	3047	0	0	0	0
134	72	45	3053	0	0	0	0
7	1	4	3012	0	0	0	0
80	51	33	3036	0	0	0	0
495	229	179	3070	0	0	0	0
69	19	19	3021	0	0	0	0
75	39	33	3029	0	0	0	0
5	1	4	3010	0	0	0	0
22	5	6	3012	0	0	0	0
119	63	43	3026	0	0	0	0
142	53	57	3034	0	0	0	0
69	28	20	3026	0	0	0	0
63	19	23	3021	0	0	0	0
36	2	15	3016	0	0	0	0
246	93	111	3058	0	0	0	0
190	111	95	3056	0	0	0	0
227	134	97	3051	0	0	0	0
321	147	121	3069	0	0	0	0
129	63	58	3047	0	0	0	0
159	60	58	3030	0	0	0	0
62	26	17	3029	0	0	0	0
83	55	47	3028	0	0	0	0
246	112	110	3046	0	0	0	0
132	55	58	3021	0	0	0	0
99	44	45	3035	0	0	0	0
82	44	35	3032	0	0	0	0
3	0	2	3011	0	0	0	0
106	37	43	3040	0	0	0	0
146	60	53	3038	0	0	0	0
19	7	7	3012	0	0	0	0
7	1	4	3011	0	0	0	0
323	177	138	3066	0	0	0	0
28	5	14	3011	0	0	0	0
55	33	25	3018	0	0	0	0
139	73	70	3038	0	0	0	0
54	27	17	3021	0	0	0	0
62	26	40	3026	0	0	0	0
271	150	110	3056	0	0	0	0
164	80	77	3041	0	0	0	0
161	71	59	3056	0	0	0	0
33	5	7	3016	0	0	0	0
188	84	69	3056	0	0	0	0
103	56	51	3026	0	0	0	0
259	93	95	3041	0	0	0	0
61	32	29	3033	0	0	0	0
265	125	106	3075	0	0	0	0
71	50	27	3023	0	0	0	0
171	83	65	3048	0	0	0	0
145	59	64	3031	0	0	0	0
221	102	89	3068	0	0	0	0
110	57	53	3035	0	0	0	0
177	87	70	3048	0	0	0	0
94	51	28	3025	0	0	0	0
82	31	28	3026	0	0	0	0
47	26	16	3014	0	0	0	0
224	101	102	3058	0	0	0	0
49	24	20	3012	0	0	0	0
414	196	173	3107	0	0	0	0
182	69	72	3056	0	0	0	0
170	68	81	3039	0	0	0	0
86	24	34	3018	0	0	0	0
273	115	116	3072	0	0	0	0
137	62	68	3023	0	0	0	0
35	11	9	3018	0	0	0	0
221	96	89	3070	0	0	0	0
94	45	47	3024	0	0	0	0
52	37	23	3025	0	0	0	0
35	9	6	3015	0	0	0	0
137	82	46	3045	0	0	0	0
138	79	59	3044	0	0	0	0
226	80	95	3069	0	0	0	0
17	1	6	3010	0	0	0	0
273	140	142	3085	0	0	0	0
83	60	29	3034	0	0	0	0
7	4	2	3013	0	0	0	0
413	205	180	3095	0	0	0	0
162	57	73	3022	0	0	0	0
253	104	93	3049	0	0	0	0
62	16	18	3033	0	0	0	0
22	7	6	3014	0	0	0	0
12	9	8	3015	0	0	0	0
293	139	108	3067	0	0	0	0
455	184	185	3085	0	0	0	0
195	92	81	3047	0	0	0	0
107	35	43	3038	0	0	0	0
306	119	92	3064	0	0	0	0
382	158	168	3068	0	0	0	0
32	12	12	3024	0	0	0	0
273	106	100	3057	0	0	0	0
98	64	40	3059	0	0	0	0
291	133	91	3073	0	0	0	0
187	82	87	3042	0	0	0	0
319	183	128	3070	0	0	0	0
158	108	68	3035	0	0	0	0
49	38	24	3025	0	0	0	0
88	53	40	3028	0	0	0	0
116	45	43	3042	0	0	0	0
382	161	143	3095	0	0	0	0
65	52	37	3033	0	0	0	0
191	108	103	3051	0	0	0	0
6	2	0	3014	0	0	0	0
258	119	99	3044	0	0	0	0
31	7	15	3016	0	0	0	0
66	36	38	3018	0	0	0	0
106	59	43	3031	0	0	0	0
14	6	7	3016	0	0	0	0
247	94	118	3053	0	0	0	0
123	39	49	3039	0	0	0	0
239	132	87	3075	0	0	0	0
20	8	7	3016	0	0	0	0
106	83	50	3031	0	0	0	0
146	98	61	3049	0	0	0	0
203	113	61	3052	0	0	0	0
131	44	51	3034	0	0	0	0
18	10	13	3019	0	0	0	0
193	64	74	3042	0	0	0	0
279	135	105	3057	0	0	0	0
141	67	43	3053	0	0	0	0
108	48	32	3037	0	0	0	0
21	5	6	3017	0	0	0	0
335	140	127	3048	0	0	0	0
50	25	23	3027	0	0	0	0
34	5	9	3015	0	0	0	0
19	4	4	3009	0	0	0	0
48	10	20	3018	0	0	0	0
108	55	49	3048	0	0	0	0
50	14	15	3016	0	0	0	0
276	120	91	3057	0	0	0	0
70	34	21	3017	0	0	0	0
