14	3	2	1006	0	0	0	0
289	152	138	1047	0	0	0	0
0	0	1	1004	0	0	0	0
466	241	202	1098	0	0	0	0
2	4	4	1004	0	0	0	0
16	11	5	1007	0	0	0	0
149	82	71	1032	0	0	0	0
131	84	63	1040	0	0	0	0
268	139	120	1051	0	0	0	0
83	51	42	1024	0	0	0	0
11	5	6	1005	0	0	0	0
33	29	24	1014	0	0	0	0
1	1	3	1005	0	0	0	0
103	39	55	1022	0	0	0	0
334	149	129	1049	0	0	0	0
11	1	5	1006	0	0	0	0
24	15	11	1010	0	0	0	0
10	5	5	1012	0	0	0	0
9	0	2	1005	0	0	0	0
197	91	83	1037	0	0	0	0
1	0	0	1007	0	0	0	0
22	15	15	1007	0	0	0	0
256	167	129	1049	0	0	0	0
12	3	1	1007	0	0	0	0
6	1	3	1006	0	0	0	0
31	14	9	1011	0	0	0	0
1	0	0	1004	0	0	0	0
157	62	52	1030	0	0	0	0
342	182	141	1074	0	0	0	0
161	106	70	1042	0	0	0	0
47	26	16	1014	0	0	0	0
14	10	14	1008	0	0	0	0
400	261	209	1055	0	0	0	0
101	48	31	1016	0	0	0	0
97	44	34	1024	0	0	0	0
297	128	106	1059	0	0	0	0
2	0	1	1004	0	0	0	0
1	2	1	1004	0	0	0	0
373	223	160	1070	0	0	0	0
87	36	40	1018	0	0	0	0
297	146	127	1044	0	0	0	0
24	13	9	1012	0	0	0	0
17	5	4	1010	0	0	0	0
73	32	24	1022	0	0	0	0
1	2	3	1014	0	0	0	0
149	73	51	1028	0	0	0	0
402	194	192	1064	0	0	0	0
45	30	20	1008	0	0	0	0
259	158	99	1067	0	0	0	0
226	121	88	1049	0	0	0	0
254	127	119	1037	0	0	0	0
1	0	0	1004	0	0	0	0
306	180	125	1067	0	0	0	0
32	6	10	1010	0	0	0	0
32	7	15	1006	0	0	0	0
96	49	43	1023	0	0	0	0
611	273	273	1112	0	0	0	0
33	13	13	1010	0	0	0	0
57	51	30	1014	0	0	0	0
216	111	92	1039	0	0	0	0
319	135	128	1053	0	0	0	0
1	0	2	1004	0	0	0	0
82	65	41	1024	0	0	0	0
6	11	2	1008	0	0	0	0
540	277	252	1119	0	0	0	0
356	153	134	1058	0	0	0	0
445	189	170	1077	0	0	0	0
558	285	247	1127	0	0	0	0
0	0	0	1004	0	0	0	0
4	2	2	1005	0	0	0	0
191	78	86	1019	0	0	0	0
41	16	10	1018	0	0	0	0
214	116	76	1070	0	0	0	0
216	109	77	1033	0	0	0	0
219	132	100	1039	0	0	0	0
2	0	0	1004	0	0	0	0
92	44	35	1017	0	0	0	0
132	92	45	1039	0	0	0	0
17	6	7	1004	0	0	0	0
199	112	80	1028	0	0	0	0
19	10	8	1010	0	0	0	0
225	107	76	1036	0	0	0	0
69	50	42	1022	0	0	0	0
388	205	154	1062	0	0	0	0
234	141	109	1061	0	0	0	0
268	128	117	1049	0	0	0	0
16	4	5	1007	0	0	0	0
14	6	3	1011	0	0	0	0
389	222	163	1075	0	0	0	0
413	206	152	1078	0	0	0	0
4	1	6	1007	0	0	0	0
264	153	107	1060	0	0	0	0
126	67	64	1042	0	0	0	0
569	296	241	1092	0	0	0	0
357	189	156	1081	0	0	0	0
13	3	2	1006	0	0	0	0
411	209	175	1083	0	0	0	0
0	0	0	1004	0	0	0	0
23	10	9	1010	0	0	0	0
7	0	5	1006	0	0	0	0
6	3	1	1005	0	0	0	0
2	0	0	1005	0	0	0	0
108	33	39	1017	0	0	0	0
37	12	13	1017	0	0	0	0
10	3	7	1008	0	0	0	0
205	110	85	1039	0	0	0	0
2	3	2	1005	0	0	0	0
34	15	10	1014	0	0	0	0
272	175	111	1052	0	0	0	0
1	0	0	1004	0	0	0	0
214	126	99	1035	0	0	0	0
461	215	200	1063	0	0	0	0
89	49	47	1017	0	0	0	0
87	48	38	1016	0	0	0	0
258	117	101	1031	0	0	0	0
242	124	93	1053	0	0	0	0
295	155	122	1058	0	0	0	0
3	2	1	1006	0	0	0	0
6	4	2	1006	0	0	0	0
0	0	0	1005	0	0	0	0
31	16	11	1006	0	0	0	0
247	123	95	1050	0	0	0	0
5	1	0	1004	0	0	0	0
3	1	0	1006	0	0	0	0
92	53	34	1034	0	0	0	0
146	84	66	1021	0	0	0	0
386	212	172	1082	0	0	0	0
10	2	2	1005	0	0	0	0
6	0	0	1006	0	0	0	0
396	241	176	1083	0	0	0	0
12	2	4	1009	0	0	0	0
614	288	248	1093	0	0	0	0
0	0	1	1004	0	0	0	0
277	175	121	1057	0	0	0	0
152	62	66	1032	0	0	0	0
617	331	253	1122	0	0	0	0
1	0	0	1004	0	0	0	0
23	9	7	1008	0	0	0	0
609	336	227	1091	0	0	0	0
519	228	195	1090	0	0	0	0
260	150	116	1055	0	0	0	0
280	143	118	1052	0	0	0	0
152	66	57	1024	0	0	0	0
6	0	7	1008	0	0	0	0
317	203	106	1045	0	0	0	0
460	225	186	1066	0	0	0	0
101	63	51	1029	0	0	0	0
453	211	182	1056	0	0	0	0
48	32	35	1017	0	0	0	0
45	34	16	1018	0	0	0	0
113	46	53	1029	0	0	0	0
20	8	8	1010	0	0	0	0
0	0	1	1004	0	0	0	0
7	2	1	1009	0	0	0	0
377	159	144	1063	0	0	0	0
21	2	9	1007	0	0	0	0
96	63	59	1018	0	0	0	0
25	17	8	1017	0	0	0	0
247	115	80	1046	0	0	0	0
9	1	3	1007	0	0	0	0
383	175	165	1073	0	0	0	0
9	2	4	1004	0	0	0	0
1	0	0	1006	0	0	0	0
3	1	1	1004	0	0	0	0
6	2	2	1009	0	0	0	0
67	56	28	1021	0	0	0	0
19	12	20	1013	0	0	0	0
2	0	0	1004	0	0	0	0
357	181	132	1063	0	0	0	0
429	218	179	1058	0	0	0	0
8	4	0	1010	0	0	0	0
1	4	3	1007	0	0	0	0
33	12	4	1009	0	0	0	0
485	245	194	1090	0	0	0	0
362	189	135	1085	0	0	0	0
10	6	3	1006	0	0	0	0
293	158	102	1045	0	0	0	0
420	248	152	1068	0	0	0	0
138	52	55	1032	0	0	0	0
295	140	113	1045	0	0	0	0
1	0	1	1009	0	0	0	0
146	67	68	1036	0	0	0	0
40	12	21	1017	0	0	0	0
69	56	44	1021	0	0	0	0
617	344	263	1095	0	0	0	0
30	18	16	1009	0	0	0	0
144	62	65	1026	0	0	0	0
271	149	125	1050	0	0	0	0
1	2	0	1005	0	0	0	0
8	2	3	1004	0	0	0	0
65	20	21	1019	0	0	0	0
353	175	172	1054	0	0	0	0
234	153	99	1054	0	0	0	0
469	242	187	1103	0	0	0	0
288	156	114	1041	0	0	0	0
3	0	0	1004	0	0	0	0
7	1	1	1006	0	0	0	0
483	208	178	1107	0	0	0	0
494	234	172	1069	0	0	0	0
4	0	0	1005	0	0	0	0
132	58	52	1023	0	0	0	0
413	217	136	1060	0	0	0	0
444	195	185	1077	0	0	0	0
6	1	5	1004	0	0	0	0
10	2	0	1007	0	0	0	0
38	16	15	1009	0	0	0	0
584	306	216	1101	0	0	0	0
63	38	37	1019	0	0	0	0
10	1	5	1005	0	0	0	0
489	260	210	1068	0	0	0	0
46	9	22	1013	0	0	0	0
227	142	106	1057	0	0	0	0
23	17	13	1006	0	0	0	0
127	85	72	1023	0	0	0	0
2	1	1	1005	0	0	0	0
649	327	273	1115	0	0	0	0
85	41	33	1023	0	0	0	0
133	78	77	1025	0	0	0	0
25	6	10	1012	0	0	0	0
261	164	116	1039	0	0	0	0
2	0	0	1004	0	0	0	0
9	9	1	1006	0	0	0	0
306	152	122	1055	0	0	0	0
43	35	24	1024	0	0	0	0
502	241	201	1099	0	0	0	0
2	0	1	1004	0	0	0	0
5	2	1	1008	0	0	0	0
1	0	0	1004	0	0	0	0
415	247	179	1080	0	0	0	0
417	231	163	1070	0	0	0	0
490	235	214	1084	0	0	0	0
371	198	181	1057	0	0	0	0
24	10	7	1008	0	0	0	0
495	282	222	1095	0	0	0	0
56	18	16	1013	0	0	0	0
10	4	4	1004	0	0	0	0
124	74	50	1022	0	0	0	0
11	5	3	1007	0	0	0	0
153	84	59	1033	0	0	0	0
46	18	11	1017	0	0	0	0
26	11	9	1022	0	0	0	0
0	0	0	1004	0	0	0	0
576	295	212	1094	0	0	0	0
250	126	95	1032	0	0	0	0
26	14	16	1006	0	0	0	0
140	108	80	1021	0	0	0	0
216	116	95	1030	0	0	0	0
13	4	8	1008	0	0	0	0
43	9	25	1010	0	0	0	0
244	133	113	1055	0	0	0	0
3	1	1	1004	0	0	0	0
104	53	41	1018	0	0	0	0
14	3	10	1010	0	0	0	0
144	69	56	1015	0	0	0	0
205	118	80	1033	0	0	0	0
18	6	17	1010	0	0	0	0
200	110	82	1027	0	0	0	0
1	0	0	1004	0	0	0	0
0	0	1	1004	0	0	0	0
420	183	178	1074	0	0	0	0
1	1	3	1006	0	0	0	0
18	5	7	1010	0	0	0	0
7	4	6	1006	0	0	0	0
33	24	23	1009	0	0	0	0
18	11	8	1008	0	0	0	0
2	1	2	1007	0	0	0	0
140	54	46	1038	0	0	0	0
2	3	3	1004	0	0	0	0
22	3	5	1011	0	0	0	0
34	17	4	1014	0	0	0	0
199	135	87	1039	0	0	0	0
552	254	184	1097	0	0	0	0
463	189	167	1074	0	0	0	0
1	0	0	1004	0	0	0	0
486	272	188	1083	0	0	0	0
709	338	264	1137	0	0	0	0
539	301	234	1085	0	0	0	0
296	175	115	1063	0	0	0	0
0	0	3	1006	0	0	0	0
8	0	2	1005	0	0	0	0
4	0	2	1005	0	0	0	0
97	35	27	1024	0	0	0	0
192	125	68	1038	0	0	0	0
584	253	229	1103	0	0	0	0
238	143	123	1040	0	0	0	0
2	0	1	1004	0	0	0	0
33	7	13	1016	0	0	0	0
13	16	8	1011	0	0	0	0
2	3	2	1008	0	0	0	0
3	0	1	1006	0	0	0	0
104	38	38	1019	0	0	0	0
37	13	2	1015	0	0	0	0
433	194	221	1077	0	0	0	0
63	18	26	1018	0	0	0	0
2	2	0	1007	0	0	0	0
54	46	19	1011	0	0	0	0
118	79	52	1014	0	0	0	0
550	333	244	1098	0	0	0	0
99	54	47	1021	0	0	0	0
455	236	156	1060	0	0	0	0
27	3	8	1008	0	0	0	0
4	0	4	1004	0	0	0	0
23	7	6	1014	0	0	0	0
21	3	7	1006	0	0	0	0
27	9	10	1008	0	0	0	0
369	200	148	1082	0	0	0	0
199	113	82	1038	0	0	0	0
8	0	3	1005	0	0	0	0
0	0	0	1005	0	0	0	0
171	106	78	1043	0	0	0	0
326	192	122	1063	0	0	0	0
12	1	8	1005	0	0	0	0
67	25	27	1022	0	0	0	0
1	0	1	1004	0	0	0	0
470	221	178	1078	0	0	0	0
0	0	0	1004	0	0	0	0
167	66	62	1034	0	0	0	0
299	159	122	1038	0	0	0	0
5	2	3	1006	0	0	0	0
381	194	170	1054	0	0	0	0
2	1	0	1007	0	0	0	0
431	183	175	1060	0	0	0	0
509	251	191	1072	0	0	0	0
0	0	0	1005	0	0	0	0
412	204	165	1063	0	0	0	0
7	1	2	1007	0	0	0	0
364	198	187	1053	0	0	0	0
367	182	158	1069	0	0	0	0
20	2	9	1004	0	0	0	0
36	10	12	1010	0	0	0	0
98	48	49	1023	0	0	0	0
285	156	122	1062	0	0	0	0
296	165	112	1049	0	0	0	0
0	1	0	1006	0	0	0	0
442	206	185	1092	0	0	0	0
304	169	101	1049	0	0	0	0
309	157	127	1053	0	0	0	0
12	5	5	1011	0	0	0	0
25	11	7	1012	0	0	0	0
36	21	13	1008	0	0	0	0
236	101	82	1040	0	0	0	0
39	31	19	1012	0	0	0	0
273	137	118	1072	0	0	0	0
34	12	17	1015	0	0	0	0
317	169	127	1049	0	0	0	0
622	286	265	1119	0	0	0	0
2	2	2	1005	0	0	0	0
2	2	2	1005	0	0	0	0
517	246	186	1086	0	0	0	0
9	3	3	1007	0	0	0	0
29	12	11	1008	0	0	0	0
4	0	1	1006	0	0	0	0
4	0	0	1004	0	0	0	0
5	0	1	1005	0	0	0	0
99	39	40	1017	0	0	0	0
68	50	35	1018	0	0	0	0
109	54	43	1021	0	0	0	0
16	7	1	1009	0	0	0	0
297	161	112	1065	0	0	0	0
1	0	2	1004	0	0	0	0
420	203	193	1061	0	0	0	0
18	4	7	1004	0	0	0	0
97	53	41	1015	0	0	0	0
382	198	158	1052	0	0	0	0
63	46	36	1023	0	0	0	0
382	204	136	1051	0	0	0	0
4	0	0	1006	0	0	0	0
14	5	10	1007	0	0	0	0
108	38	42	1017	0	0	0	0
669	351	278	1130	0	0	0	0
4	0	0	1004	0	0	0	0
457	244	183	1062	0	0	0	0
7	0	1	1006	0	0	0	0
4	2	1	1005	0	0	0	0
151	65	41	1033	0	0	0	0
448	269	177	1080	0	0	0	0
566	282	205	1095	0	0	0	0
156	71	56	1026	0	0	0	0
444	219	173	1075	0	0	0	0
4	1	0	1006	0	0	0	0
395	198	175	1101	0	0	0	0
274	134	118	1058	0	0	0	0
7	5	4	1004	0	0	0	0
2	0	0	1004	0	0	0	0
22	9	7	1009	0	0	0	0
401	199	168	1075	0	0	0	0
3	1	0	1006	0	0	0	0
698	337	257	1155	0	0	0	0
472	302	216	1085	0	0	0	0
6	1	2	1007	0	0	0	0
451	251	172	1086	0	0	0	0
32	10	12	1010	0	0	0	0
33	12	14	1016	0	0	0	0
3	1	0	1007	0	0	0	0
4	3	1	1009	0	0	0	0
364	177	133	1055	0	0	0	0
8	3	3	1007	0	0	0	0
263	105	91	1051	0	0	0	0
12	5	4	1011	0	0	0	0
335	200	136	1049	0	0	0	0
133	88	52	1031	0	0	0	0
38	50	14	1017	0	0	0	0
281	120	115	1044	0	0	0	0
569	301	204	1099	0	0	0	0
43	18	14	1016	0	0	0	0
70	53	27	1018	0	0	0	0
3	4	1	1006	0	0	0	0
9	1	2	1004	0	0	0	0
113	63	52	1025	0	0	0	0
105	48	51	1029	0	0	0	0
646	315	234	1121	0	0	0	0
13	1	3	1008	0	0	0	0
414	207	173	1073	0	0	0	0
307	143	125	1043	0	0	0	0
14	7	4	1008	0	0	0	0
2	0	2	1005	0	0	0	0
14	8	2	1005	0	0	0	0
458	267	244	1079	0	0	0	0
147	92	53	1025	0	0	0	0
325	184	126	1056	0	0	0	0
3	1	4	1005	0	0	0	0
80	37	34	1013	0	0	0	0
227	133	112	1030	0	0	0	0
1	0	0	1004	0	0	0	0
41	42	7	1019	0	0	0	0
5	3	3	1004	0	0	0	0
511	233	214	1075	0	0	0	0
174	72	64	1030	0	0	0	0
25	6	8	1013	0	0	0	0
32	17	5	1014	0	0	0	0
514	258	229	1115	0	0	0	0
1	0	2	1004	0	0	0	0
143	96	59	1021	0	0	0	0
5	11	4	1004	0	0	0	0
92	40	42	1018	0	0	0	0
14	6	4	1006	0	0	0	0
25	9	12	1010	0	0	0	0
15	0	11	1009	0	0	0	0
122	88	79	1017	0	0	0	0
153	95	61	1030	0	0	0	0
531	259	197	1080	0	0	0	0
5	2	2	1007	0	0	0	0
6	2	1	1005	0	0	0	0
2	0	0	1004	0	0	0	0
384	203	157	1069	0	0	0	0
13	4	4	1010	0	0	0	0
528	266	177	1088	0	0	0	0
86	61	47	1025	0	0	0	0
348	208	151	1036	0	0	0	0
39	17	20	1006	0	0	0	0
4	2	0	1005	0	0	0	0
9	5	5	1005	0	0	0	0
21	16	8	1012	0	0	0	0
0	0	0	1004	0	0	0	0
1	0	3	1005	0	0	0	0
3	0	1	1006	0	0	0	0
2	0	0	1005	0	0	0	0
22	12	10	1010	0	0	0	0
4	1	2	1008	0	0	0	0
426	210	193	1074	0	0	0	0
26	10	11	1007	0	0	0	0
296	163	117	1057	0	0	0	0
4	1	1	1007	0	0	0	0
18	9	7	1007	0	0	0	0
7	1	2	1004	0	0	0	0
22	11	10	1009	0	0	0	0
53	23	22	1023	0	0	0	0
73	31	39	1016	0	0	0	0
5	1	3	1004	0	0	0	0
122	87	35	1030	0	0	0	0
407	179	154	1067	0	0	0	0
17	12	5	1005	0	0	0	0
13	15	6	1005	0	0	0	0
59	17	24	1012	0	0	0	0
24	6	12	1011	0	0	0	0
392	186	149	1075	0	0	0	0
191	105	96	1043	0	0	0	0
4	1	0	1004	0	0	0	0
354	231	152	1069	0	0	0	0
2	0	4	1004	0	0	0	0
535	262	204	1108	0	0	0	0
281	150	97	1059	0	0	0	0
3	2	7	1005	0	0	0	0
22	19	7	1005	0	0	0	0
401	234	181	1065	0	0	0	0
18	15	8	1013	0	0	0	0
16	10	4	1011	0	0	0	0
406	202	159	1059	0	0	0	0
287	152	131	1062	0	0	0	0
0	0	0	1004	0	0	0	0
504	256	203	1089	0	0	0	0
286	167	95	1046	0	0	0	0
7	6	7	1006	0	0	0	0
10	5	5	1008	0	0	0	0
7	4	2	1008	0	0	0	0
40	36	16	1014	0	0	0	0
447	224	179	1066	0	0	0	0
4	1	1	1004	0	0	0	0
8	4	1	1006	0	0	0	0
2	1	2	1004	0	0	0	0
7	1	1	1005	0	0	0	0
3	0	1	1004	0	0	0	0
3	0	2	1004	0	0	0	0
37	22	14	1011	0	0	0	0
5	1	0	1005	0	0	0	0
2	1	3	1006	0	0	0	0
27	3	8	1015	0	0	0	0
280	153	115	1064	0	0	0	0
114	65	45	1034	0	0	0	0
3	0	1	1004	0	0	0	0
4	0	1	1005	0	0	0	0
2	3	0	1009	0	0	0	0
1	0	1	1004	0	0	0	0
531	298	202	1093	0	0	0	0
1	0	0	1004	0	0	0	0
3	0	0	1005	0	0	0	0
28	11	11	1004	0	0	0	0
2	0	0	1004	0	0	0	0
4	0	4	1006	0	0	0	0
71	42	37	1024	0	0	0	0
3	5	2	1005	0	0	0	0
377	196	157	1079	0	0	0	0
10	1	4	1008	0	0	0	0
38	32	15	1007	0	0	0	0
9	2	1	1006	0	0	0	0
60	42	28	1015	0	0	0	0
27	7	4	1007	0	0	0	0
387	180	140	1070	0	0	0	0
10	1	5	1006	0	0	0	0
371	187	118	1058	0	0	0	0
15	12	5	1005	0	0	0	0
7	4	4	1005	0	0	0	0
2	1	3	1005	0	0	0	0
46	14	16	1019	0	0	0	0
8	4	2	1005	0	0	0	0
392	225	170	1079	0	0	0	0
255	140	119	1043	0	0	0	0
280	149	137	1055	0	0	0	0
219	88	81	1047	0	0	0	0
90	29	36	1012	0	0	0	0
56	37	25	1007	0	0	0	0
61	16	14	1018	0	0	0	0
523	308	247	1092	0	0	0	0
487	259	183	1100	0	0	0	0
13	19	11	1005	0	0	0	0
223	143	116	1029	0	0	0	0
7	2	2	1008	0	0	0	0
1	2	0	1004	0	0	0	0
91	46	27	1031	0	0	0	0
40	31	21	1017	0	0	0	0
255	115	111	1040	0	0	0	0
5	2	0	1006	0	0	0	0
7	4	2	1007	0	0	0	0
31	19	10	1010	0	0	0	0
3	0	0	1009	0	0	0	0
324	166	113	1060	0	0	0	0
507	287	179	1069	0	0	0	0
345	175	113	1058	0	0	0	0
0	0	0	1004	0	0	0	0
354	189	159	1059	0	0	0	0
14	11	6	1007	0	0	0	0
56	50	24	1020	0	0	0	0
21	16	14	1011	0	0	0	0
92	44	37	1016	0	0	0	0
386	175	129	1058	0	0	0	0
59	27	17	1013	0	0	0	0
222	134	101	1036	0	0	0	0
13	5	1	1009	0	0	0	0
179	81	89	1019	0	0	0	0
1	0	0	1005	0	0	0	0
6	4	3	1006	0	0	0	0
16	4	11	1010	0	0	0	0
38	27	16	1011	0	0	0	0
592	301	210	1100	0	0	0	0
17	4	8	1011	0	0	0	0
362	182	142	1074	0	0	0	0
327	177	137	1074	0	0	0	0
2	0	1	1004	0	0	0	0
10	8	8	1009	0	0	0	0
2	0	0	1005	0	0	0	0
447	208	193	1075	0	0	0	0
414	228	192	1076	0	0	0	0
0	0	0	1004	0	0	0	0
97	46	39	1016	0	0	0	0
27	16	11	1009	0	0	0	0
8	5	4	1007	0	0	0	0
2	0	0	1005	0	0	0	0
203	128	71	1038	0	0	0	0
381	199	144	1060	0	0	0	0
283	138	129	1059	0	0	0	0
522	194	172	1060	0	0	0	0
4	4	3	1008	0	0	0	0
12	3	6	1010	0	0	0	0
6	0	4	1005	0	0	0	0
519	250	190	1082	0	0	0	0
16	4	9	1011	0	0	0	0
14	1	2	1006	0	0	0	0
10	2	1	1007	0	0	0	0
19	17	8	1009	0	0	0	0
97	59	31	1024	0	0	0	0
19	7	7	1008	0	0	0	0
125	43	45	1033	0	0	0	0
73	40	37	1015	0	0	0	0
547	241	243	1094	0	0	0	0
254	158	118	1042	0	0	0	0
4	0	0	1005	0	0	0	0
348	181	119	1095	0	0	0	0
303	160	119	1058	0	0	0	0
119	48	52	1024	0	0	0	0
126	50	58	1028	0	0	0	0
249	148	99	1060	0	0	0	0
18	11	11	1010	0	0	0	0
4	0	5	1005	0	0	0	0
1	1	1	1004	0	0	0	0
6	0	1	1007	0	0	0	0
398	223	181	1055	0	0	0	0
142	91	54	1028	0	0	0	0
3	6	3	1011	0	0	0	0
173	104	78	1028	0	0	0	0
6	3	8	1007	0	0	0	0
523	264	249	1100	0	0	0	0
28	10	8	1007	0	0	0	0
35	11	16	1007	0	0	0	0
12	3	7	1007	0	0	0	0
293	178	146	1049	0	0	0	0
557	278	184	1101	0	0	0	0
600	299	253	1105	0	0	0	0
1	1	0	1005	0	0	0	0
191	91	77	1032	0	0	0	0
326	155	152	1043	0	0	0	0
372	204	132	1042	0	0	0	0
315	200	127	1064	0	0	0	0
44	33	25	1015	0	0	0	0
7	2	3	1006	0	0	0	0
3	0	0	1006	0	0	0	0
8	2	2	1005	0	0	0	0
17	6	3	1005	0	0	0	0
246	112	104	1039	0	0	0	0
20	7	10	1010	0	0	0	0
112	54	60	1017	0	0	0	0
2	2	1	1004	0	0	0	0
704	319	280	1085	0	0	0	0
165	89	88	1035	0	0	0	0
2	1	0	1006	0	0	0	0
216	133	98	1043	0	0	0	0
411	183	164	1072	0	0	0	0
74	30	30	1015	0	0	0	0
200	106	70	1044	0	0	0	0
36	16	9	1007	0	0	0	0
3	4	2	1005	0	0	0	0
272	169	113	1054	0	0	0	0
255	137	116	1053	0	0	0	0
351	155	124	1052	0	0	0	0
233	133	84	1042	0	0	0	0
551	290	221	1101	0	0	0	0
1	0	0	1005	0	0	0	0
58	35	28	1018	0	0	0	0
363	207	157	1066	0	0	0	0
462	235	164	1081	0	0	0	0
123	68	42	1031	0	0	0	0
23	14	17	1011	0	0	0	0
1	1	1	1004	0	0	0	0
170	98	85	1035	0	0	0	0
289	178	112	1045	0	0	0	0
282	165	135	1053	0	0	0	0
252	127	95	1039	0	0	0	0
6	3	3	1004	0	0	0	0
337	146	124	1083	0	0	0	0
342	165	124	1062	0	0	0	0
660	320	243	1101	0	0	0	0
12	5	5	1005	0	0	0	0
232	109	81	1035	0	0	0	0
347	190	140	1081	0	0	0	0
76	26	25	1019	0	0	0	0
130	45	67	1035	0	0	0	0
6	0	0	1005	0	0	0	0
6	4	5	1007	0	0	0	0
9	2	4	1004	0	0	0	0
219	137	117	1053	0	0	0	0
11	4	11	1010	0	0	0	0
20	5	6	1013	0	0	0	0
62	21	30	1014	0	0	0	0
23	6	9	1012	0	0	0	0
145	55	39	1027	0	0	0	0
113	55	54	1022	0	0	0	0
283	149	133	1041	0	0	0	0
456	178	177	1095	0	0	0	0
1	3	3	1004	0	0	0	0
14	11	8	1008	0	0	0	0
1	2	4	1011	0	0	0	0
300	164	137	1040	0	0	0	0
54	30	17	1009	0	0	0	0
452	215	169	1078	0	0	0	0
277	156	113	1065	0	0	0	0
300	156	113	1056	0	0	0	0
165	71	74	1040	0	0	0	0
1	1	1	1005	0	0	0	0
147	90	68	1034	0	0	0	0
8	2	4	1008	0	0	0	0
6	0	2	1004	0	0	0	0
277	119	115	1048	0	0	0	0
98	85	34	1023	0	0	0	0
9	5	6	1009	0	0	0	0
1	0	1	1004	0	0	0	0
19	5	4	1007	0	0	0	0
2	0	0	1005	0	0	0	0
178	104	87	1034	0	0	0	0
471	255	192	1082	0	0	0	0
3	1	2	1008	0	0	0	0
83	34	33	1014	0	0	0	0
3	1	0	1004	0	0	0	0
254	155	113	1053	0	0	0	0
355	180	147	1044	0	0	0	0
14	3	8	1004	0	0	0	0
144	86	63	1052	0	0	0	0
3	2	0	1005	0	0	0	0
3	1	0	1005	0	0	0	0
408	263	183	1055	0	0	0	0
138	42	54	1033	0	0	0	0
339	240	143	1054	0	0	0	0
2	0	1	1005	0	0	0	0
54	14	14	1015	0	0	0	0
14	1	6	1007	0	0	0	0
7	3	1	1004	0	0	0	0
3	0	0	1006	0	0	0	0
3	0	0	1004	0	0	0	0
17	7	9	1009	0	0	0	0
2	0	4	1005	0	0	0	0
1	1	2	1004	0	0	0	0
2	0	0	1004	0	0	0	0
149	53	52	1023	0	0	0	0
217	131	107	1050	0	0	0	0
12	4	2	1007	0	0	0	0
771	335	262	1133	0	0	0	0
1	0	0	1005	0	0	0	0
409	223	181	1063	0	0	0	0
8	5	2	1006	0	0	0	0
3	1	3	1004	0	0	0	0
63	19	31	1021	0	0	0	0
282	149	140	1059	0	0	0	0
340	216	124	1069	0	0	0	0
23	3	3	1011	0	0	0	0
326	159	126	1056	0	0	0	0
1	0	0	1007	0	0	0	0
60	19	22	1007	0	0	0	0
0	0	2	1004	0	0	0	0
275	124	122	1050	0	0	0	0
83	47	21	1025	0	0	0	0
7	1	0	1004	0	0	0	0
131	50	53	1023	0	0	0	0
5	2	2	1005	0	0	0	0
35	8	18	1009	0	0	0	0
109	59	48	1026	0	0	0	0
2	1	1	1005	0	0	0	0
177	105	79	1029	0	0	0	0
0	0	1	1004	0	0	0	0
1	0	1	1004	0	0	0	0
0	0	0	1004	0	0	0	0
637	331	293	1107	0	0	0	0
174	111	74	1028	0	0	0	0
0	0	0	1004	0	0	0	0
8	8	9	1004	0	0	0	0
312	179	153	1038	0	0	0	0
5	3	1	1007	0	0	0	0
3	6	0	1005	0	0	0	0
229	136	100	1033	0	0	0	0
432	207	162	1059	0	0	0	0
49	22	22	1019	0	0	0	0
1	1	1	1007	0	0	0	0
555	264	220	1075	0	0	0	0
8	0	1	1007	0	0	0	0
253	148	80	1036	0	0	0	0
34	10	17	1007	0	0	0	0
45	32	21	1009	0	0	0	0
6	0	0	1005	0	0	0	0
41	17	14	1010	0	0	0	0
143	57	50	1029	0	0	0	0
213	97	92	1031	0	0	0	0
349	151	144	1067	0	0	0	0
4	0	0	1004	0	0	0	0
13	8	4	1008	0	0	0	0
18	7	10	1005	0	0	0	0
123	82	60	1023	0	0	0	0
350	209	141	1051	0	0	0	0
19	3	7	1012	0	0	0	0
526	253	215	1063	0	0	0	0
174	83	73	1031	0	0	0	0
407	186	200	1094	0	0	0	0
481	206	200	1074	0	0	0	0
4	2	2	1006	0	0	0	0
586	257	239	1087	0	0	0	0
344	180	148	1058	0	0	0	0
535	240	199	1105	0	0	0	0
9	3	8	1005	0	0	0	0
226	138	94	1046	0	0	0	0
63	30	19	1023	0	0	0	0
3	0	4	1005	0	0	0	0
2	1	0	1005	0	0	0	0
175	110	89	1034	0	0	0	0
364	200	140	1086	0	0	0	0
10	1	2	1005	0	0	0	0
8	3	4	1007	0	0	0	0
127	63	44	1025	0	0	0	0
202	84	76	1034	0	0	0	0
33	33	15	1017	0	0	0	0
13	3	4	1007	0	0	0	0
682	309	244	1104	0	0	0	0
34	12	18	1005	0	0	0	0
2	4	2	1011	0	0	0	0
12	10	7	1006	0	0	0	0
336	189	146	1053	0	0	0	0
49	23	28	1011	0	0	0	0
178	111	58	1034	0	0	0	0
395	229	138	1097	0	0	0	0
299	201	111	1041	0	0	0	0
484	239	210	1092	0	0	0	0
22	7	6	1007	0	0	0	0
7	3	6	1006	0	0	0	0
31	8	19	1010	0	0	0	0
500	245	212	1105	0	0	0	0
462	251	220	1076	0	0	0	0
5	3	2	1004	0	0	0	0
364	159	165	1054	0	0	0	0
8	0	3	1006	0	0	0	0
2	0	1	1007	0	0	0	0
28	8	11	1011	0	0	0	0
15	2	5	1005	0	0	0	0
1	3	3	1005	0	0	0	0
774	417	334	1139	0	0	0	0
4	1	0	1005	0	0	0	0
18	1	4	1008	0	0	0	0
37	8	12	1008	0	0	0	0
356	155	145	1065	0	0	0	0
9	3	4	1006	0	0	0	0
450	205	193	1067	0	0	0	0
391	261	200	1068	0	0	0	0
401	235	162	1065	0	0	0	0
136	78	54	1022	0	0	0	0
0	0	1	1005	0	0	0	0
438	218	181	1062	0	0	0	0
257	165	95	1060	0	0	0	0
451	265	188	1080	0	0	0	0
4	0	1	1004	0	0	0	0
528	225	253	1082	0	0	0	0
4	0	2	1005	0	0	0	0
1	0	0	1006	0	0	0	0
278	156	106	1045	0	0	0	0
199	123	93	1048	0	0	0	0
0	0	1	1005	0	0	0	0
244	121	92	1039	0	0	0	0
0	0	0	1004	0	0	0	0
1	1	2	1006	0	0	0	0
4	0	1	1004	0	0	0	0
130	79	45	1023	0	0	0	0
7	1	4	1009	0	0	0	0
15	10	12	1010	0	0	0	0
711	351	263	1104	0	0	0	0
280	135	120	1050	0	0	0	0
81	46	25	1016	0	0	0	0
3	0	5	1004	0	0	0	0
129	69	44	1032	0	0	0	0
69	49	41	1025	0	0	0	0
186	119	101	1038	0	0	0	0
180	99	67	1037	0	0	0	0
12	4	3	1005	0	0	0	0
61	27	34	1012	0	0	0	0
416	188	161	1070	0	0	0	0
190	92	89	1019	0	0	0	0
314	191	124	1058	0	0	0	0
158	78	64	1033	0	0	0	0
43	21	16	1011	0	0	0	0
8	8	2	1004	0	0	0	0
4	5	6	1006	0	0	0	0
0	0	1	1005	0	0	0	0
562	314	216	1098	0	0	0	0
0	0	1	1010	0	0	0	0
11	3	10	1005	0	0	0	0
17	10	3	1009	0	0	0	0
281	135	120	1045	0	0	0	0
114	43	56	1037	0	0	0	0
666	318	226	1128	0	0	0	0
1	0	0	1004	0	0	0	0
319	148	126	1053	0	0	0	0
175	115	55	1040	0	0	0	0
2	1	0	1004	0	0	0	0
71	33	39	1015	0	0	0	0
513	247	193	1083	0	0	0	0
176	89	52	1049	0	0	0	0
64	32	24	1019	0	0	0	0
6	2	4	1004	0	0	0	0
3	3	3	1004	0	0	0	0
69	59	32	1027	0	0	0	0
234	99	127	1052	0	0	0	0
3	1	2	1004	0	0	0	0
476	271	196	1065	0	0	0	0
14	4	1	1008	0	0	0	0
199	134	99	1050	0	0	0	0
61	32	31	1017	0	0	0	0
1	0	0	1004	0	0	0	0
127	65	47	1036	0	0	0	0
5	1	2	1009	0	0	0	0
293	143	117	1051	0	0	0	0
3	0	4	1004	0	0	0	0
595	327	265	1099	0	0	0	0
244	162	111	1050	0	0	0	0
6	1	2	1006	0	0	0	0
3	0	1	1004	0	0	0	0
184	76	83	1036	0	0	0	0
18	15	4	1015	0	0	0	0
78	62	33	1017	0	0	0	0
24	3	2	1009	0	0	0	0
84	37	34	1019	0	0	0	0
351	171	143	1046	0	0	0	0
10	2	2	1006	0	0	0	0
260	153	106	1028	0	0	0	0
118	54	59	1027	0	0	0	0
69	33	26	1014	0	0	0	0
11	2	2	1005	0	0	0	0
229	95	92	1062	0	0	0	0
278	117	111	1032	0	0	0	0
379	201	163	1047	0	0	0	0
199	104	99	1041	0	0	0	0
1	0	0	1006	0	0	0	0
16	0	2	1009	0	0	0	0
608	293	224	1101	0	0	0	0
3	2	0	1004	0	0	0	0
0	0	0	1005	0	0	0	0
1	0	0	1005	0	0	0	0
9	3	2	1005	0	0	0	0
4	1	3	1005	0	0	0	0
710	341	280	1141	0	0	0	0
512	276	229	1093	0	0	0	0
344	173	135	1072	0	0	0	0
85	38	21	1029	0	0	0	0
394	216	145	1073	0	0	0	0
639	289	217	1117	0	0	0	0
299	147	134	1053	0	0	0	0
460	204	200	1082	0	0	0	0
61	38	28	1018	0	0	0	0
20	21	10	1006	0	0	0	0
351	161	161	1063	0	0	0	0
25	4	15	1010	0	0	0	0
322	163	112	1047	0	0	0	0
194	108	64	1045	0	0	0	0
4	4	2	1006	0	0	0	0
2	0	1	1004	0	0	0	0
4	0	6	1006	0	0	0	0
38	15	10	1010	0	0	0	0
5	3	1	1007	0	0	0	0
313	182	154	1049	0	0	0	0
90	39	46	1028	0	0	0	0
0	0	2	1004	0	0	0	0
4	3	0	1007	0	0	0	0
9	4	6	1005	0	0	0	0
1	1	0	1004	0	0	0	0
80	48	43	1013	0	0	0	0
12	7	4	1010	0	0	0	0
171	112	72	1035	0	0	0	0
72	51	30	1013	0	0	0	0
394	185	144	1062	0	0	0	0
4	0	4	1007	0	0	0	0
220	99	80	1044	0	0	0	0
2	0	0	1004	0	0	0	0
165	55	56	1027	0	0	0	0
691	324	289	1141	0	0	0	0
357	241	150	1063	0	0	0	0
0	0	1	1004	0	0	0	0
7	3	2	1008	0	0	0	0
305	156	125	1058	0	0	0	0
341	199	150	1072	0	0	0	0
221	146	103	1037	0	0	0	0
4	5	1	1006	0	0	0	0
2	0	1	1004	0	0	0	0
19	4	11	1007	0	0	0	0
456	219	188	1058	0	0	0	0
4	0	0	1006	0	0	0	0
213	93	69	1051	0	0	0	0
210	149	68	1051	0	0	0	0
30	13	12	1013	0	0	0	0
7	2	3	1006	0	0	0	0
317	170	114	1045	0	0	0	0
124	70	56	1031	0	0	0	0
327	174	145	1066	0	0	0	0
206	93	75	1031	0	0	0	0
218	117	84	1045	0	0	0	0
1	0	0	1004	0	0	0	0
291	167	121	1047	0	0	0	0
2	0	0	1004	0	0	0	0
544	297	226	1092	0	0	0	0
334	145	128	1039	0	0	0	0
259	135	97	1035	0	0	0	0
422	200	151	1085	0	0	0	0
5	1	2	1004	0	0	0	0
361	217	143	1063	0	0	0	0
48	25	15	1016	0	0	0	0
79	37	28	1017	0	0	0	0
46	10	18	1011	0	0	0	0
3	0	1	1004	0	0	0	0
486	244	230	1067	0	0	0	0
46	27	12	1020	0	0	0	0
