14	3	2	1006	0	0	0	0
240	163	109	1079	0	0	0	0
0	0	1	1004	0	0	0	0
395	204	174	1095	0	0	0	0
2	4	4	1004	0	0	0	0
16	11	5	1007	0	0	0	0
246	116	110	1039	0	0	0	0
29	12	10	1017	0	0	0	0
42	23	17	1014	0	0	0	0
248	102	99	1038	0	0	0	0
11	5	6	1005	0	0	0	0
29	19	23	1014	0	0	0	0
1	1	3	1005	0	0	0	0
255	126	129	1044	0	0	0	0
291	99	90	1066	0	0	0	0
11	1	5	1006	0	0	0	0
103	49	50	1015	0	0	0	0
10	5	5	1012	0	0	0	0
9	0	2	1005	0	0	0	0
323	157	111	1070	0	0	0	0
1	0	0	1007	0	0	0	0
22	15	15	1007	0	0	0	0
447	210	180	1093	0	0	0	0
12	3	1	1007	0	0	0	0
6	1	3	1006	0	0	0	0
173	69	63	1039	0	0	0	0
1	0	0	1004	0	0	0	0
222	99	75	1046	0	0	0	0
322	191	137	1066	0	0	0	0
61	29	25	1025	0	0	0	0
124	64	32	1025	0	0	0	0
14	10	14	1008	0	0	0	0
213	100	98	1025	0	0	0	0
332	153	147	1047	0	0	0	0
94	39	33	1022	0	0	0	0
465	191	153	1064	0	0	0	0
2	0	1	1004	0	0	0	0
1	2	1	1004	0	0	0	0
68	25	30	1018	0	0	0	0
200	90	109	1036	0	0	0	0
400	190	182	1072	0	0	0	0
24	13	9	1012	0	0	0	0
17	5	4	1010	0	0	0	0
52	22	20	1018	0	0	0	0
1	2	3	1014	0	0	0	0
216	121	75	1044	0	0	0	0
513	322	230	1083	0	0	0	0
45	30	20	1008	0	0	0	0
49	43	19	1025	0	0	0	0
20	6	6	1011	0	0	0	0
322	147	130	1062	0	0	0	0
1	0	0	1004	0	0	0	0
125	53	41	1033	0	0	0	0
32	6	10	1010	0	0	0	0
32	7	15	1006	0	0	0	0
143	64	57	1029	0	0	0	0
543	253	215	1097	0	0	0	0
34	13	13	1011	0	0	0	0
52	55	27	1022	0	0	0	0
506	186	192	1060	0	0	0	0
96	38	34	1013	0	0	0	0
1	0	2	1004	0	0	0	0
112	67	63	1014	0	0	0	0
8	12	2	1008	0	0	0	0
529	255	228	1078	0	0	0	0
212	116	105	1041	0	0	0	0
299	141	117	1044	0	0	0	0
259	101	98	1047	0	0	0	0
0	0	0	1004	0	0	0	0
4	2	2	1005	0	0	0	0
23	13	9	1011	0	0	0	0
41	16	10	1018	0	0	0	0
175	110	76	1049	0	0	0	0
165	99	66	1034	0	0	0	0
223	129	94	1040	0	0	0	0
2	0	0	1004	0	0	0	0
55	31	10	1015	0	0	0	0
291	154	99	1058	0	0	0	0
17	6	7	1004	0	0	0	0
253	130	118	1044	0	0	0	0
22	12	6	1011	0	0	0	0
217	81	67	1037	0	0	0	0
17	5	5	1008	0	0	0	0
480	254	216	1083	0	0	0	0
34	12	10	1013	0	0	0	0
264	122	97	1073	0	0	0	0
16	4	5	1007	0	0	0	0
14	6	3	1011	0	0	0	0
365	174	119	1072	0	0	0	0
271	154	106	1051	0	0	0	0
4	1	6	1007	0	0	0	0
234	94	94	1052	0	0	0	0
311	121	147	1041	0	0	0	0
529	294	191	1104	0	0	0	0
345	160	139	1078	0	0	0	0
13	3	2	1006	0	0	0	0
343	157	118	1053	0	0	0	0
0	0	0	1004	0	0	0	0
23	10	9	1010	0	0	0	0
7	0	5	1006	0	0	0	0
6	3	1	1005	0	0	0	0
2	0	0	1005	0	0	0	0
66	20	19	1012	0	0	0	0
108	61	48	1022	0	0	0	0
10	3	7	1008	0	0	0	0
511	193	237	1106	0	0	0	0
2	3	2	1005	0	0	0	0
34	15	10	1014	0	0	0	0
306	159	114	1070	0	0	0	0
1	0	0	1004	0	0	0	0
134	74	50	1028	0	0	0	0
365	157	154	1044	0	0	0	0
173	105	72	1027	0	0	0	0
131	78	75	1025	0	0	0	0
460	226	175	1075	0	0	0	0
238	97	82	1046	0	0	0	0
239	125	102	1049	0	0	0	0
3	2	1	1006	0	0	0	0
6	4	2	1006	0	0	0	0
0	0	0	1005	0	0	0	0
32	16	11	1006	0	0	0	0
297	172	130	1061	0	0	0	0
5	1	0	1004	0	0	0	0
3	1	0	1006	0	0	0	0
162	78	68	1056	0	0	0	0
582	250	249	1097	0	0	0	0
155	62	63	1040	0	0	0	0
10	2	2	1005	0	0	0	0
6	0	0	1006	0	0	0	0
374	206	169	1060	0	0	0	0
12	2	4	1009	0	0	0	0
404	213	161	1052	0	0	0	0
0	0	1	1004	0	0	0	0
525	221	196	1090	0	0	0	0
255	128	101	1041	0	0	0	0
579	315	261	1130	0	0	0	0
1	0	0	1004	0	0	0	0
23	9	7	1008	0	0	0	0
495	213	214	1080	0	0	0	0
326	129	165	1062	0	0	0	0
380	184	154	1054	0	0	0	0
102	50	59	1027	0	0	0	0
675	297	281	1111	0	0	0	0
6	0	7	1008	0	0	0	0
126	73	56	1024	0	0	0	0
404	172	161	1058	0	0	0	0
76	26	42	1028	0	0	0	0
82	63	37	1016	0	0	0	0
48	32	35	1017	0	0	0	0
45	34	16	1018	0	0	0	0
274	110	109	1055	0	0	0	0
20	8	8	1010	0	0	0	0
0	0	1	1004	0	0	0	0
7	2	1	1009	0	0	0	0
654	279	272	1101	0	0	0	0
21	2	9	1007	0	0	0	0
207	86	103	1036	0	0	0	0
25	17	8	1017	0	0	0	0
159	69	44	1029	0	0	0	0
9	1	3	1007	0	0	0	0
465	202	201	1090	0	0	0	0
9	2	4	1004	0	0	0	0
1	0	0	1006	0	0	0	0
3	1	1	1004	0	0	0	0
6	2	2	1009	0	0	0	0
34	21	10	1021	0	0	0	0
19	12	20	1013	0	0	0	0
2	0	0	1004	0	0	0	0
322	126	135	1063	0	0	0	0
341	163	144	1041	0	0	0	0
8	4	0	1010	0	0	0	0
1	4	3	1007	0	0	0	0
221	117	79	1050	0	0	0	0
123	57	49	1025	0	0	0	0
589	239	221	1109	0	0	0	0
10	6	3	1006	0	0	0	0
36	17	12	1014	0	0	0	0
55	30	28	1015	0	0	0	0
203	69	83	1039	0	0	0	0
157	83	56	1031	0	0	0	0
1	0	1	1009	0	0	0	0
204	92	83	1047	0	0	0	0
35	13	21	1017	0	0	0	0
51	30	26	1020	0	0	0	0
560	271	247	1083	0	0	0	0
30	18	16	1009	0	0	0	0
355	183	151	1068	0	0	0	0
9	7	4	1009	0	0	0	0
1	2	0	1005	0	0	0	0
8	2	3	1004	0	0	0	0
147	77	53	1037	0	0	0	0
192	73	76	1041	0	0	0	0
549	256	245	1097	0	0	0	0
278	147	138	1037	0	0	0	0
221	125	87	1028	0	0	0	0
3	0	0	1004	0	0	0	0
7	1	1	1006	0	0	0	0
114	39	50	1027	0	0	0	0
312	128	115	1039	0	0	0	0
4	0	0	1005	0	0	0	0
73	25	33	1011	0	0	0	0
367	163	128	1072	0	0	0	0
455	214	198	1078	0	0	0	0
6	1	5	1004	0	0	0	0
10	2	0	1007	0	0	0	0
38	16	15	1009	0	0	0	0
61	28	25	1026	0	0	0	0
258	143	104	1043	0	0	0	0
10	1	5	1005	0	0	0	0
369	173	179	1068	0	0	0	0
170	67	72	1039	0	0	0	0
456	223	181	1092	0	0	0	0
108	50	41	1027	0	0	0	0
86	64	47	1020	0	0	0	0
2	1	1	1005	0	0	0	0
541	255	239	1074	0	0	0	0
169	67	62	1027	0	0	0	0
242	125	88	1039	0	0	0	0
25	6	10	1012	0	0	0	0
393	210	164	1063	0	0	0	0
2	0	0	1004	0	0	0	0
9	9	1	1006	0	0	0	0
356	165	150	1070	0	0	0	0
43	35	24	1024	0	0	0	0
668	247	251	1110	0	0	0	0
2	0	1	1004	0	0	0	0
5	2	1	1008	0	0	0	0
1	0	0	1004	0	0	0	0
460	212	224	1095	0	0	0	0
75	42	22	1029	0	0	0	0
395	178	169	1087	0	0	0	0
185	95	70	1036	0	0	0	0
24	10	7	1008	0	0	0	0
390	178	150	1075	0	0	0	0
283	133	103	1061	0	0	0	0
10	4	4	1004	0	0	0	0
334	161	165	1041	0	0	0	0
11	5	3	1007	0	0	0	0
381	225	146	1060	0	0	0	0
42	12	18	1010	0	0	0	0
216	130	99	1065	0	0	0	0
0	0	0	1004	0	0	0	0
413	220	165	1075	0	0	0	0
590	245	250	1127	0	0	0	0
56	18	21	1006	0	0	0	0
37	22	24	1013	0	0	0	0
71	44	30	1024	0	0	0	0
13	4	8	1008	0	0	0	0
35	10	18	1010	0	0	0	0
339	184	131	1082	0	0	0	0
3	1	1	1004	0	0	0	0
76	50	30	1012	0	0	0	0
14	3	10	1010	0	0	0	0
101	37	39	1016	0	0	0	0
118	73	56	1019	0	0	0	0
14	2	16	1010	0	0	0	0
276	134	110	1041	0	0	0	0
1	0	0	1004	0	0	0	0
0	0	1	1004	0	0	0	0
113	41	44	1020	0	0	0	0
1	1	3	1006	0	0	0	0
18	5	7	1010	0	0	0	0
7	4	6	1006	0	0	0	0
33	24	23	1009	0	0	0	0
18	11	8	1008	0	0	0	0
2	1	2	1007	0	0	0	0
81	39	32	1022	0	0	0	0
2	3	3	1004	0	0	0	0
64	24	8	1014	0	0	0	0
34	17	4	1014	0	0	0	0
476	228	175	1071	0	0	0	0
535	230	206	1109	0	0	0	0
377	145	135	1055	0	0	0	0
1	0	0	1004	0	0	0	0
560	306	228	1102	0	0	0	0
476	223	170	1084	0	0	0	0
423	204	168	1081	0	0	0	0
440	200	175	1081	0	0	0	0
0	0	3	1006	0	0	0	0
8	0	2	1005	0	0	0	0
4	0	2	1005	0	0	0	0
52	20	7	1024	0	0	0	0
75	62	43	1015	0	0	0	0
308	162	111	1069	0	0	0	0
278	155	126	1047	0	0	0	0
2	0	1	1004	0	0	0	0
33	7	13	1016	0	0	0	0
13	16	8	1011	0	0	0	0
2	3	2	1008	0	0	0	0
3	0	1	1006	0	0	0	0
219	117	96	1037	0	0	0	0
37	13	2	1015	0	0	0	0
518	233	248	1091	0	0	0	0
170	56	66	1037	0	0	0	0
2	2	0	1007	0	0	0	0
307	165	127	1048	0	0	0	0
147	72	62	1016	0	0	0	0
512	264	231	1126	0	0	0	0
66	31	32	1013	0	0	0	0
668	308	289	1116	0	0	0	0
27	3	8	1008	0	0	0	0
4	0	4	1004	0	0	0	0
227	109	90	1051	0	0	0	0
21	3	7	1006	0	0	0	0
397	212	160	1074	0	0	0	0
406	198	161	1068	0	0	0	0
92	48	41	1028	0	0	0	0
8	0	3	1005	0	0	0	0
0	0	0	1005	0	0	0	0
494	246	225	1069	0	0	0	0
437	226	180	1063	0	0	0	0
12	1	8	1005	0	0	0	0
67	25	27	1022	0	0	0	0
1	0	1	1004	0	0	0	0
201	94	97	1028	0	0	0	0
0	0	0	1004	0	0	0	0
263	123	133	1036	0	0	0	0
148	96	60	1022	0	0	0	0
5	2	3	1006	0	0	0	0
389	192	155	1073	0	0	0	0
2	1	0	1007	0	0	0	0
515	234	207	1066	0	0	0	0
375	210	169	1056	0	0	0	0
0	0	0	1005	0	0	0	0
302	149	113	1072	0	0	0	0
7	1	2	1007	0	0	0	0
150	80	60	1036	0	0	0	0
409	213	200	1090	0	0	0	0
19	2	9	1004	0	0	0	0
36	10	12	1010	0	0	0	0
225	132	117	1036	0	0	0	0
32	19	9	1014	0	0	0	0
368	178	125	1086	0	0	0	0
0	1	0	1006	0	0	0	0
454	210	165	1116	0	0	0	0
114	55	41	1030	0	0	0	0
306	163	157	1049	0	0	0	0
12	5	5	1011	0	0	0	0
25	11	7	1012	0	0	0	0
203	126	95	1033	0	0	0	0
208	112	87	1046	0	0	0	0
254	128	104	1037	0	0	0	0
243	113	88	1046	0	0	0	0
73	22	23	1014	0	0	0	0
171	104	87	1037	0	0	0	0
219	166	96	1043	0	0	0	0
2	2	2	1005	0	0	0	0
2	2	2	1005	0	0	0	0
251	138	111	1068	0	0	0	0
59	22	22	1018	0	0	0	0
29	11	10	1008	0	0	0	0
4	0	1	1006	0	0	0	0
4	0	0	1004	0	0	0	0
5	0	1	1005	0	0	0	0
228	83	86	1035	0	0	0	0
312	196	129	1070	0	0	0	0
57	23	16	1019	0	0	0	0
16	7	1	1009	0	0	0	0
318	176	120	1060	0	0	0	0
1	0	2	1004	0	0	0	0
215	120	84	1053	0	0	0	0
18	4	7	1004	0	0	0	0
416	196	168	1076	0	0	0	0
101	55	45	1015	0	0	0	0
133	81	79	1035	0	0	0	0
160	99	84	1030	0	0	0	0
4	0	0	1006	0	0	0	0
14	5	10	1007	0	0	0	0
176	96	74	1031	0	0	0	0
396	169	144	1077	0	0	0	0
4	0	0	1004	0	0	0	0
364	174	131	1042	0	0	0	0
7	0	1	1006	0	0	0	0
4	2	1	1005	0	0	0	0
359	130	158	1051	0	0	0	0
377	179	163	1074	0	0	0	0
332	170	160	1067	0	0	0	0
237	88	81	1035	0	0	0	0
499	241	238	1077	0	0	0	0
4	1	0	1006	0	0	0	0
624	253	237	1096	0	0	0	0
102	50	46	1040	0	0	0	0
23	7	9	1004	0	0	0	0
2	0	0	1004	0	0	0	0
22	9	7	1009	0	0	0	0
576	279	218	1114	0	0	0	0
3	1	0	1006	0	0	0	0
603	260	249	1127	0	0	0	0
295	136	112	1057	0	0	0	0
6	1	2	1007	0	0	0	0
266	146	118	1068	0	0	0	0
32	10	12	1009	0	0	0	0
33	12	14	1016	0	0	0	0
3	1	0	1007	0	0	0	0
4	3	1	1009	0	0	0	0
279	144	132	1053	0	0	0	0
8	3	3	1007	0	0	0	0
28	18	12	1013	0	0	0	0
12	5	4	1011	0	0	0	0
525	273	240	1068	0	0	0	0
109	56	36	1021	0	0	0	0
38	50	14	1017	0	0	0	0
55	17	19	1018	0	0	0	0
439	176	184	1065	0	0	0	0
38	11	8	1015	0	0	0	0
162	92	66	1046	0	0	0	0
3	4	1	1006	0	0	0	0
9	1	2	1004	0	0	0	0
292	116	104	1078	0	0	0	0
101	52	36	1027	0	0	0	0
480	216	197	1078	0	0	0	0
13	1	3	1008	0	0	0	0
539	236	186	1106	0	0	0	0
331	180	141	1086	0	0	0	0
14	7	4	1008	0	0	0	0
2	0	2	1005	0	0	0	0
14	8	2	1005	0	0	0	0
285	130	162	1048	0	0	0	0
280	151	101	1066	0	0	0	0
429	197	173	1064	0	0	0	0
3	1	4	1005	0	0	0	0
80	37	34	1013	0	0	0	0
319	175	150	1058	0	0	0	0
1	0	0	1004	0	0	0	0
64	43	30	1015	0	0	0	0
5	3	3	1004	0	0	0	0
531	270	201	1117	0	0	0	0
193	115	81	1038	0	0	0	0
138	54	52	1037	0	0	0	0
32	17	5	1014	0	0	0	0
284	120	102	1071	0	0	0	0
1	0	2	1004	0	0	0	0
375	184	190	1065	0	0	0	0
175	95	80	1032	0	0	0	0
321	157	154	1046	0	0	0	0
14	6	4	1006	0	0	0	0
25	9	12	1010	0	0	0	0
15	0	11	1009	0	0	0	0
51	33	35	1012	0	0	0	0
141	79	56	1030	0	0	0	0
92	40	28	1015	0	0	0	0
5	2	2	1007	0	0	0	0
6	2	1	1005	0	0	0	0
2	0	0	1004	0	0	0	0
179	97	69	1037	0	0	0	0
13	4	4	1010	0	0	0	0
495	276	210	1126	0	0	0	0
181	105	91	1052	0	0	0	0
173	80	67	1027	0	0	0	0
39	17	20	1006	0	0	0	0
4	2	0	1005	0	0	0	0
9	5	5	1005	0	0	0	0
21	16	8	1012	0	0	0	0
0	0	0	1004	0	0	0	0
1	0	3	1005	0	0	0	0
3	0	1	1006	0	0	0	0
2	0	0	1005	0	0	0	0
22	12	10	1010	0	0	0	0
4	1	1	1008	0	0	0	0
482	242	189	1097	0	0	0	0
282	149	127	1054	0	0	0	0
306	161	113	1068	0	0	0	0
4	1	1	1007	0	0	0	0
18	9	7	1007	0	0	0	0
7	1	2	1004	0	0	0	0
22	11	10	1009	0	0	0	0
53	23	22	1023	0	0	0	0
328	149	157	1046	0	0	0	0
5	1	3	1004	0	0	0	0
389	177	167	1062	0	0	0	0
411	163	184	1095	0	0	0	0
17	12	5	1005	0	0	0	0
13	15	6	1005	0	0	0	0
54	18	18	1011	0	0	0	0
26	14	13	1011	0	0	0	0
392	167	167	1070	0	0	0	0
204	94	78	1040	0	0	0	0
4	1	0	1004	0	0	0	0
465	236	196	1087	0	0	0	0
2	0	4	1004	0	0	0	0
478	226	213	1077	0	0	0	0
250	111	95	1037	0	0	0	0
3	2	7	1005	0	0	0	0
22	19	7	1005	0	0	0	0
133	72	57	1022	0	0	0	0
23	13	10	1017	0	0	0	0
18	8	7	1013	0	0	0	0
287	149	132	1039	0	0	0	0
464	219	191	1083	0	0	0	0
0	0	0	1004	0	0	0	0
446	200	180	1082	0	0	0	0
305	162	115	1063	0	0	0	0
7	6	7	1006	0	0	0	0
10	5	5	1008	0	0	0	0
7	4	2	1008	0	0	0	0
17	14	5	1006	0	0	0	0
405	176	151	1070	0	0	0	0
4	1	1	1004	0	0	0	0
8	4	1	1006	0	0	0	0
2	1	2	1004	0	0	0	0
7	1	1	1005	0	0	0	0
3	0	1	1004	0	0	0	0
3	0	2	1004	0	0	0	0
37	22	14	1011	0	0	0	0
5	1	0	1005	0	0	0	0
2	1	3	1006	0	0	0	0
27	3	8	1015	0	0	0	0
682	336	276	1113	0	0	0	0
211	76	57	1050	0	0	0	0
3	0	1	1004	0	0	0	0
4	0	1	1005	0	0	0	0
2	3	0	1009	0	0	0	0
1	0	1	1004	0	0	0	0
297	118	143	1035	0	0	0	0
1	0	0	1004	0	0	0	0
3	0	0	1005	0	0	0	0
317	170	129	1044	0	0	0	0
2	0	0	1004	0	0	0	0
4	0	4	1006	0	0	0	0
70	40	38	1024	0	0	0	0
3	5	2	1005	0	0	0	0
230	124	93	1046	0	0	0	0
10	1	4	1008	0	0	0	0
249	122	113	1043	0	0	0	0
9	2	1	1006	0	0	0	0
149	84	61	1020	0	0	0	0
27	7	4	1007	0	0	0	0
195	92	89	1040	0	0	0	0
10	1	5	1006	0	0	0	0
267	128	109	1053	0	0	0	0
17	12	7	1005	0	0	0	0
7	4	4	1005	0	0	0	0
2	1	3	1005	0	0	0	0
46	8	16	1017	0	0	0	0
8	4	2	1005	0	0	0	0
360	170	142	1065	0	0	0	0
332	175	141	1052	0	0	0	0
391	170	166	1066	0	0	0	0
384	167	138	1070	0	0	0	0
96	31	47	1017	0	0	0	0
69	42	24	1009	0	0	0	0
61	16	14	1018	0	0	0	0
82	48	37	1018	0	0	0	0
464	250	192	1095	0	0	0	0
13	19	11	1005	0	0	0	0
137	60	54	1028	0	0	0	0
7	2	2	1008	0	0	0	0
1	2	0	1004	0	0	0	0
403	204	151	1093	0	0	0	0
276	147	117	1063	0	0	0	0
296	132	123	1051	0	0	0	0
5	2	0	1006	0	0	0	0
7	4	2	1007	0	0	0	0
31	19	10	1010	0	0	0	0
3	0	0	1009	0	0	0	0
130	72	59	1033	0	0	0	0
332	162	158	1066	0	0	0	0
127	50	56	1034	0	0	0	0
0	0	0	1004	0	0	0	0
498	239	193	1092	0	0	0	0
14	11	6	1007	0	0	0	0
56	50	24	1020	0	0	0	0
21	16	14	1011	0	0	0	0
409	209	167	1090	0	0	0	0
456	198	184	1090	0	0	0	0
59	27	17	1013	0	0	0	0
24	16	15	1012	0	0	0	0
13	5	1	1009	0	0	0	0
39	14	9	1012	0	0	0	0
1	0	0	1005	0	0	0	0
6	4	3	1006	0	0	0	0
16	4	11	1010	0	0	0	0
38	27	16	1011	0	0	0	0
842	384	320	1140	0	0	0	0
17	4	8	1011	0	0	0	0
368	177	164	1082	0	0	0	0
36	11	12	1017	0	0	0	0
2	0	1	1004	0	0	0	0
62	27	29	1015	0	0	0	0
2	0	0	1005	0	0	0	0
435	205	174	1056	0	0	0	0
271	117	89	1053	0	0	0	0
0	0	0	1004	0	0	0	0
339	181	146	1085	0	0	0	0
27	16	11	1009	0	0	0	0
8	5	4	1007	0	0	0	0
2	0	0	1005	0	0	0	0
190	98	86	1038	0	0	0	0
543	267	231	1116	0	0	0	0
224	120	99	1041	0	0	0	0
231	76	88	1042	0	0	0	0
4	4	3	1008	0	0	0	0
12	3	6	1010	0	0	0	0
6	0	4	1005	0	0	0	0
200	104	65	1049	0	0	0	0
16	4	9	1011	0	0	0	0
14	1	2	1006	0	0	0	0
10	2	1	1007	0	0	0	0
19	17	8	1009	0	0	0	0
192	86	69	1030	0	0	0	0
13	4	5	1005	0	0	0	0
231	111	80	1047	0	0	0	0
260	122	97	1057	0	0	0	0
329	166	147	1076	0	0	0	0
430	186	163	1057	0	0	0	0
4	0	0	1005	0	0	0	0
201	82	65	1061	0	0	0	0
486	246	178	1085	0	0	0	0
63	14	28	1011	0	0	0	0
161	80	72	1032	0	0	0	0
142	101	57	1040	0	0	0	0
24	23	13	1011	0	0	0	0
4	0	5	1005	0	0	0	0
1	1	1	1004	0	0	0	0
6	0	1	1007	0	0	0	0
260	137	112	1048	0	0	0	0
511	203	186	1079	0	0	0	0
3	6	3	1011	0	0	0	0
216	108	89	1033	0	0	0	0
6	3	8	1007	0	0	0	0
326	148	161	1086	0	0	0	0
28	10	8	1007	0	0	0	0
189	93	83	1027	0	0	0	0
12	3	7	1007	0	0	0	0
257	103	128	1054	0	0	0	0
256	127	114	1050	0	0	0	0
475	227	189	1103	0	0	0	0
1	1	0	1005	0	0	0	0
100	54	46	1015	0	0	0	0
226	87	82	1051	0	0	0	0
97	65	33	1024	0	0	0	0
295	163	124	1064	0	0	0	0
100	59	60	1025	0	0	0	0
7	2	3	1006	0	0	0	0
3	0	0	1006	0	0	0	0
8	2	2	1005	0	0	0	0
17	6	3	1005	0	0	0	0
706	379	302	1115	0	0	0	0
20	7	10	1010	0	0	0	0
70	22	36	1012	0	0	0	0
2	2	1	1004	0	0	0	0
487	208	217	1061	0	0	0	0
16	11	3	1011	0	0	0	0
2	1	0	1006	0	0	0	0
507	214	203	1102	0	0	0	0
179	78	60	1033	0	0	0	0
177	77	78	1028	0	0	0	0
427	211	191	1081	0	0	0	0
33	13	7	1009	0	0	0	0
3	4	2	1005	0	0	0	0
253	114	107	1054	0	0	0	0
280	154	118	1044	0	0	0	0
652	331	266	1101	0	0	0	0
383	162	141	1062	0	0	0	0
546	284	236	1127	0	0	0	0
1	0	0	1005	0	0	0	0
45	28	30	1016	0	0	0	0
29	17	9	1015	0	0	0	0
81	54	40	1018	0	0	0	0
20	13	6	1014	0	0	0	0
23	14	17	1011	0	0	0	0
1	1	1	1004	0	0	0	0
443	160	166	1073	0	0	0	0
505	221	178	1063	0	0	0	0
110	39	37	1019	0	0	0	0
85	26	21	1019	0	0	0	0
6	3	3	1004	0	0	0	0
173	50	59	1046	0	0	0	0
441	214	177	1092	0	0	0	0
545	267	218	1077	0	0	0	0
85	37	38	1014	0	0	0	0
114	64	46	1027	0	0	0	0
396	215	170	1081	0	0	0	0
76	25	25	1019	0	0	0	0
291	155	112	1041	0	0	0	0
6	0	0	1005	0	0	0	0
6	4	5	1007	0	0	0	0
9	2	4	1004	0	0	0	0
112	61	45	1035	0	0	0	0
11	4	11	1010	0	0	0	0
99	49	46	1032	0	0	0	0
62	21	30	1014	0	0	0	0
127	50	36	1021	0	0	0	0
473	223	195	1077	0	0	0	0
82	27	29	1019	0	0	0	0
517	222	207	1102	0	0	0	0
370	142	153	1069	0	0	0	0
1	3	3	1004	0	0	0	0
14	11	8	1008	0	0	0	0
1	2	4	1011	0	0	0	0
378	147	130	1061	0	0	0	0
102	70	51	1021	0	0	0	0
353	146	138	1052	0	0	0	0
221	130	89	1041	0	0	0	0
288	155	116	1061	0	0	0	0
32	19	20	1025	0	0	0	0
1	1	1	1005	0	0	0	0
31	16	19	1017	0	0	0	0
8	2	4	1008	0	0	0	0
6	0	2	1004	0	0	0	0
250	120	78	1036	0	0	0	0
125	73	56	1038	0	0	0	0
9	5	6	1009	0	0	0	0
1	0	1	1004	0	0	0	0
19	5	4	1007	0	0	0	0
2	0	0	1005	0	0	0	0
211	78	94	1042	0	0	0	0
189	106	98	1037	0	0	0	0
3	1	2	1008	0	0	0	0
74	31	29	1013	0	0	0	0
3	1	0	1004	0	0	0	0
129	60	58	1038	0	0	0	0
333	155	107	1053	0	0	0	0
14	3	8	1004	0	0	0	0
336	152	147	1071	0	0	0	0
3	2	0	1005	0	0	0	0
3	1	0	1005	0	0	0	0
260	135	132	1041	0	0	0	0
214	90	73	1048	0	0	0	0
417	230	157	1049	0	0	0	0
2	0	1	1005	0	0	0	0
158	53	62	1027	0	0	0	0
14	1	6	1007	0	0	0	0
7	3	1	1004	0	0	0	0
3	0	0	1006	0	0	0	0
3	0	0	1004	0	0	0	0
17	7	9	1009	0	0	0	0
2	0	4	1005	0	0	0	0
1	1	1	1004	0	0	0	0
2	0	0	1004	0	0	0	0
505	228	210	1065	0	0	0	0
85	39	42	1036	0	0	0	0
12	4	2	1007	0	0	0	0
665	342	271	1124	0	0	0	0
1	0	0	1005	0	0	0	0
104	37	31	1022	0	0	0	0
8	5	2	1006	0	0	0	0
3	1	3	1004	0	0	0	0
161	66	65	1034	0	0	0	0
416	187	142	1070	0	0	0	0
127	67	63	1026	0	0	0	0
23	3	3	1011	0	0	0	0
152	54	71	1020	0	0	0	0
1	0	0	1007	0	0	0	0
60	19	22	1007	0	0	0	0
0	0	2	1004	0	0	0	0
19	7	8	1005	0	0	0	0
171	83	53	1042	0	0	0	0
7	1	0	1004	0	0	0	0
140	61	43	1034	0	0	0	0
5	2	2	1005	0	0	0	0
24	11	15	1010	0	0	0	0
451	215	167	1075	0	0	0	0
2	1	1	1005	0	0	0	0
256	151	124	1043	0	0	0	0
0	0	1	1004	0	0	0	0
1	0	1	1004	0	0	0	0
0	0	0	1004	0	0	0	0
175	107	86	1049	0	0	0	0
418	214	180	1058	0	0	0	0
0	0	0	1004	0	0	0	0
8	8	9	1004	0	0	0	0
270	157	112	1043	0	0	0	0
5	3	1	1007	0	0	0	0
3	6	0	1005	0	0	0	0
201	95	93	1037	0	0	0	0
144	86	62	1025	0	0	0	0
366	167	184	1060	0	0	0	0
1	1	1	1007	0	0	0	0
478	232	217	1091	0	0	0	0
8	0	1	1007	0	0	0	0
203	90	72	1031	0	0	0	0
34	10	17	1007	0	0	0	0
36	15	10	1013	0	0	0	0
6	0	0	1005	0	0	0	0
41	17	14	1010	0	0	0	0
388	178	152	1062	0	0	0	0
97	52	33	1020	0	0	0	0
481	227	191	1073	0	0	0	0
4	0	0	1004	0	0	0	0
13	8	4	1008	0	0	0	0
18	7	10	1005	0	0	0	0
118	31	48	1011	0	0	0	0
313	132	116	1044	0	0	0	0
19	3	7	1012	0	0	0	0
534	245	189	1083	0	0	0	0
78	36	31	1029	0	0	0	0
310	137	133	1069	0	0	0	0
402	196	172	1081	0	0	0	0
4	2	2	1006	0	0	0	0
517	232	219	1089	0	0	0	0
735	343	291	1172	0	0	0	0
454	239	166	1083	0	0	0	0
9	3	8	1005	0	0	0	0
72	46	28	1024	0	0	0	0
63	30	19	1023	0	0	0	0
3	0	4	1005	0	0	0	0
2	1	0	1005	0	0	0	0
497	244	236	1099	0	0	0	0
288	118	96	1059	0	0	0	0
10	1	2	1005	0	0	0	0
8	3	4	1007	0	0	0	0
38	25	14	1012	0	0	0	0
69	26	22	1022	0	0	0	0
28	30	14	1018	0	0	0	0
13	3	4	1007	0	0	0	0
546	267	247	1082	0	0	0	0
57	20	21	1009	0	0	0	0
2	4	2	1011	0	0	0	0
12	10	7	1006	0	0	0	0
171	104	66	1033	0	0	0	0
30	16	15	1007	0	0	0	0
33	12	12	1014	0	0	0	0
59	22	19	1022	0	0	0	0
83	47	40	1015	0	0	0	0
294	121	101	1047	0	0	0	0
26	8	5	1008	0	0	0	0
7	3	6	1006	0	0	0	0
25	5	14	1010	0	0	0	0
522	249	202	1112	0	0	0	0
109	57	29	1027	0	0	0	0
5	3	2	1004	0	0	0	0
326	139	130	1049	0	0	0	0
8	0	3	1006	0	0	0	0
2	0	1	1007	0	0	0	0
13	6	7	1007	0	0	0	0
15	2	5	1005	0	0	0	0
1	3	3	1005	0	0	0	0
487	236	205	1090	0	0	0	0
4	1	0	1005	0	0	0	0
18	1	4	1008	0	0	0	0
37	8	12	1008	0	0	0	0
115	64	40	1027	0	0	0	0
9	3	4	1006	0	0	0	0
473	234	201	1089	0	0	0	0
271	161	104	1051	0	0	0	0
305	159	123	1049	0	0	0	0
500	247	205	1091	0	0	0	0
0	0	1	1005	0	0	0	0
305	153	125	1044	0	0	0	0
484	191	166	1067	0	0	0	0
142	87	62	1017	0	0	0	0
4	0	1	1004	0	0	0	0
442	237	163	1076	0	0	0	0
4	0	2	1005	0	0	0	0
1	0	0	1006	0	0	0	0
218	111	85	1036	0	0	0	0
147	82	72	1040	0	0	0	0
0	0	1	1005	0	0	0	0
274	125	83	1044	0	0	0	0
0	0	0	1004	0	0	0	0
1	1	2	1006	0	0	0	0
4	0	1	1004	0	0	0	0
146	65	50	1022	0	0	0	0
7	1	4	1009	0	0	0	0
15	10	12	1010	0	0	0	0
443	248	190	1079	0	0	0	0
307	137	134	1050	0	0	0	0
74	41	25	1020	0	0	0	0
3	0	5	1004	0	0	0	0
438	247	216	1067	0	0	0	0
66	39	32	1024	0	0	0	0
18	11	4	1011	0	0	0	0
226	153	81	1053	0	0	0	0
12	4	3	1005	0	0	0	0
61	27	34	1012	0	0	0	0
564	255	211	1085	0	0	0	0
67	20	28	1009	0	0	0	0
238	97	103	1031	0	0	0	0
230	130	90	1053	0	0	0	0
43	21	16	1011	0	0	0	0
8	8	2	1004	0	0	0	0
4	5	6	1006	0	0	0	0
0	0	1	1005	0	0	0	0
378	202	153	1059	0	0	0	0
0	0	1	1010	0	0	0	0
11	3	10	1005	0	0	0	0
17	10	3	1009	0	0	0	0
22	19	14	1020	0	0	0	0
330	179	141	1065	0	0	0	0
489	202	197	1082	0	0	0	0
1	0	0	1004	0	0	0	0
417	180	148	1082	0	0	0	0
296	138	116	1052	0	0	0	0
2	1	0	1004	0	0	0	0
525	268	247	1076	0	0	0	0
533	283	212	1094	0	0	0	0
342	174	118	1083	0	0	0	0
55	22	23	1015	0	0	0	0
6	2	4	1004	0	0	0	0
3	3	3	1004	0	0	0	0
276	145	110	1039	0	0	0	0
258	112	122	1054	0	0	0	0
3	1	2	1004	0	0	0	0
414	234	179	1066	0	0	0	0
14	4	1	1008	0	0	0	0
46	19	33	1019	0	0	0	0
97	53	42	1025	0	0	0	0
1	0	0	1004	0	0	0	0
59	25	28	1009	0	0	0	0
5	1	2	1009	0	0	0	0
455	194	192	1074	0	0	0	0
3	0	4	1004	0	0	0	0
308	140	117	1042	0	0	0	0
234	109	92	1046	0	0	0	0
6	1	2	1006	0	0	0	0
3	0	1	1004	0	0	0	0
195	76	87	1039	0	0	0	0
18	15	4	1015	0	0	0	0
79	63	36	1017	0	0	0	0
24	3	2	1009	0	0	0	0
188	123	113	1043	0	0	0	0
416	204	150	1048	0	0	0	0
10	2	2	1006	0	0	0	0
90	47	43	1019	0	0	0	0
52	40	21	1016	0	0	0	0
183	89	62	1020	0	0	0	0
11	2	2	1005	0	0	0	0
332	148	129	1054	0	0	0	0
80	37	36	1022	0	0	0	0
359	159	130	1079	0	0	0	0
68	33	44	1014	0	0	0	0
1	0	0	1006	0	0	0	0
16	0	2	1009	0	0	0	0
643	322	269	1086	0	0	0	0
3	2	0	1004	0	0	0	0
0	0	0	1005	0	0	0	0
1	0	0	1005	0	0	0	0
9	3	2	1005	0	0	0	0
4	1	3	1005	0	0	0	0
516	226	204	1079	0	0	0	0
477	227	191	1101	0	0	0	0
195	135	85	1056	0	0	0	0
66	32	26	1017	0	0	0	0
290	137	141	1040	0	0	0	0
525	224	198	1081	0	0	0	0
96	57	41	1027	0	0	0	0
380	209	194	1081	0	0	0	0
467	235	205	1085	0	0	0	0
31	25	15	1010	0	0	0	0
321	165	126	1071	0	0	0	0
21	5	13	1013	0	0	0	0
296	145	125	1061	0	0	0	0
113	65	27	1042	0	0	0	0
4	4	2	1006	0	0	0	0
2	0	1	1004	0	0	0	0
4	0	6	1006	0	0	0	0
89	58	57	1026	0	0	0	0
5	3	1	1007	0	0	0	0
212	74	86	1027	0	0	0	0
61	25	19	1021	0	0	0	0
0	0	2	1004	0	0	0	0
4	3	0	1007	0	0	0	0
9	4	6	1005	0	0	0	0
1	1	0	1004	0	0	0	0
84	48	44	1013	0	0	0	0
12	7	4	1010	0	0	0	0
179	98	84	1026	0	0	0	0
103	46	39	1025	0	0	0	0
356	123	135	1060	0	0	0	0
4	0	4	1007	0	0	0	0
142	50	63	1045	0	0	0	0
2	0	0	1004	0	0	0	0
198	60	66	1022	0	0	0	0
406	179	175	1076	0	0	0	0
375	201	180	1081	0	0	0	0
0	0	1	1004	0	0	0	0
7	3	2	1008	0	0	0	0
450	235	190	1075	0	0	0	0
31	21	13	1015	0	0	0	0
283	171	114	1049	0	0	0	0
4	5	1	1006	0	0	0	0
2	0	1	1004	0	0	0	0
46	14	17	1015	0	0	0	0
338	154	136	1068	0	0	0	0
4	0	0	1006	0	0	0	0
145	63	59	1042	0	0	0	0
53	35	32	1020	0	0	0	0
49	30	27	1016	0	0	0	0
7	2	3	1006	0	0	0	0
168	72	71	1047	0	0	0	0
396	221	162	1063	0	0	0	0
270	116	109	1061	0	0	0	0
140	98	54	1021	0	0	0	0
173	89	67	1037	0	0	0	0
1	0	0	1004	0	0	0	0
280	132	127	1075	0	0	0	0
2	0	0	1004	0	0	0	0
170	78	67	1029	0	0	0	0
176	74	66	1025	0	0	0	0
347	195	128	1044	0	0	0	0
224	75	83	1041	0	0	0	0
5	1	2	1004	0	0	0	0
365	187	145	1058	0	0	0	0
48	25	15	1016	0	0	0	0
38	9	13	1009	0	0	0	0
46	10	17	1012	0	0	0	0
3	0	1	1004	0	0	0	0
160	61	67	1028	0	0	0	0
92	53	31	1037	0	0	0	0
