296	126	115	3055	0	0	0	0
22	12	5	3015	0	0	0	0
180	69	68	3023	0	0	0	0
228	118	97	3050	0	0	0	0
146	54	57	3038	0	0	0	0
21	8	6	3014	0	0	0	0
10	1	8	3010	0	0	0	0
94	45	40	3027	0	0	0	0
9	10	4	3014	0	0	0	0
298	119	107	3065	0	0	0	0
75	25	29	3047	0	0	0	0
83	32	30	3026	0	0	0	0
142	64	56	3038	0	0	0	0
14	1	9	3016	0	0	0	0
120	40	38	3027	0	0	0	0
33	10	8	3015	0	0	0	0
4	1	1	3010	0	0	0	0
143	40	52	3031	0	0	0	0
151	65	64	3048	0	0	0	0
167	68	79	3051	0	0	0	0
63	19	26	3025	0	0	0	0
148	77	58	3046	0	0	0	0
61	19	34	3027	0	0	0	0
334	116	145	3071	0	0	0	0
178	94	91	3044	0	0	0	0
17	7	11	3011	0	0	0	0
4	0	0	3009	0	0	0	0
17	11	6	3012	0	0	0	0
137	65	48	3046	0	0	0	0
32	25	12	3019	0	0	0	0
223	136	93	3060	0	0	0	0
182	81	78	3040	0	0	0	0
276	105	83	3086	0	0	0	0
9	1	4	3014	0	0	0	0
110	46	41	3020	0	0	0	0
114	40	33	3033	0	0	0	0
119	58	39	3036	0	0	0	0
25	18	7	3013	0	0	0	0
155	61	56	3046	0	0	0	0
70	25	27	3019	0	0	0	0
149	54	50	3048	0	0	0	0
127	56	56	3058	0	0	0	0
356	170	130	3082	0	0	0	0
362	135	129	3063	0	0	0	0
36	12	27	3018	0	0	0	0
191	112	94	3042	0	0	0	0
285	104	94	3047	0	0	0	0
5	0	2	3009	0	0	0	0
201	72	75	3045	0	0	0	0
46	20	36	3010	0	0	0	0
55	21	17	3034	0	0	0	0
105	49	37	3032	0	0	0	0
13	13	7	3016	0	0	0	0
81	33	31	3025	0	0	0	0
66	16	23	3026	0	0	0	0
167	58	67	3050	0	0	0	0
183	107	82	3063	0	0	0	0
46	22	31	3026	0	0	0	0
230	88	87	3061	0	0	0	0
292	145	140	3083	0	0	0	0
67	35	27	3026	0	0	0	0
159	62	66	3037	0	0	0	0
84	42	40	3020	0	0	0	0
130	83	56	3059	0	0	0	0
267	103	113	3047	0	0	0	0
70	29	25	3023	0	0	0	0
17	5	11	3011	0	0	0	0
194	73	85	3052	0	0	0	0
13	3	5	3012	0	0	0	0
131	55	33	3036	0	0	0	0
256	122	87	3089	0	0	0	0
42	14	16	3021	0	0	0	0
200	104	101	3049	0	0	0	0
42	8	13	3022	0	0	0	0
264	105	131	3049	0	0	0	0
41	14	12	3020	0	0	0	0
187	71	71	3042	0	0	0	0
182	85	77	3031	0	0	0	0
231	108	74	3064	0	0	0	0
10	6	7	3017	0	0	0	0
129	74	64	3045	0	0	0	0
2	3	1	3010	0	0	0	0
4	1	3	3010	0	0	0	0
106	33	34	3032	0	0	0	0
172	47	57	3040	0	0	0	0
217	100	59	3066	0	0	0	0
100	31	42	3035	0	0	0	0
42	33	9	3021	0	0	0	0
143	65	48	3037	0	0	0	0
209	84	96	3071	0	0	0	0
177	105	71	3038	0	0	0	0
81	41	65	3035	0	0	0	0
59	38	20	3026	0	0	0	0
74	44	37	3029	0	0	0	0
33	11	13	3026	0	0	0	0
125	50	45	3033	0	0	0	0
23	2	12	3012	0	0	0	0
128	43	53	3040	0	0	0	0
111	50	30	3032	0	0	0	0
4	4	2	3009	0	0	0	0
276	115	92	3055	0	0	0	0
24	12	21	3015	0	0	0	0
112	39	40	3035	0	0	0	0
92	31	42	3043	0	0	0	0
108	45	50	3034	0	0	0	0
113	46	31	3048	0	0	0	0
125	39	52	3024	0	0	0	0
16	6	4	3010	0	0	0	0
38	32	8	3015	0	0	0	0
73	44	25	3029	0	0	0	0
66	27	27	3034	0	0	0	0
318	127	121	3054	0	0	0	0
107	54	54	3037	0	0	0	0
227	105	82	3078	0	0	0	0
238	132	96	3048	0	0	0	0
119	45	64	3033	0	0	0	0
123	54	33	3031	0	0	0	0
290	105	133	3074	0	0	0	0
279	116	92	3068	0	0	0	0
62	31	29	3027	0	0	0	0
264	82	111	3051	0	0	0	0
343	163	127	3070	0	0	0	0
43	19	13	3029	0	0	0	0
46	21	22	3024	0	0	0	0
73	48	38	3026	0	0	0	0
71	27	26	3020	0	0	0	0
40	17	17	3022	0	0	0	0
358	145	149	3083	0	0	0	0
170	72	67	3046	0	0	0	0
28	15	11	3021	0	0	0	0
12	2	5	3011	0	0	0	0
78	35	27	3022	0	0	0	0
116	59	41	3044	0	0	0	0
70	43	21	3034	0	0	0	0
15	15	6	3019	0	0	0	0
25	9	16	3019	0	0	0	0
53	14	13	3021	0	0	0	0
320	144	133	3059	0	0	0	0
11	8	9	3014	0	0	0	0
110	43	48	3032	0	0	0	0
280	110	106	3054	0	0	0	0
70	26	27	3031	0	0	0	0
84	38	37	3032	0	0	0	0
29	21	10	3018	0	0	0	0
116	53	54	3034	0	0	0	0
204	101	69	3053	0	0	0	0
192	97	87	3045	0	0	0	0
246	115	94	3056	0	0	0	0
24	10	7	3014	0	0	0	0
69	22	26	3022	0	0	0	0
89	50	39	3022	0	0	0	0
14	4	10	3009	0	0	0	0
143	55	56	3032	0	0	0	0
234	86	97	3056	0	0	0	0
157	69	65	3038	0	0	0	0
94	33	24	3021	0	0	0	0
90	53	41	3029	0	0	0	0
41	13	21	3017	0	0	0	0
131	53	43	3042	0	0	0	0
33	9	10	3017	0	0	0	0
35	9	16	3020	0	0	0	0
148	64	64	3043	0	0	0	0
148	59	68	3039	0	0	0	0
145	62	55	3038	0	0	0	0
37	17	13	3016	0	0	0	0
154	51	47	3036	0	0	0	0
8	1	1	3009	0	0	0	0
99	35	31	3032	0	0	0	0
5	2	2	3015	0	0	0	0
21	3	5	3012	0	0	0	0
78	15	22	3026	0	0	0	0
139	80	51	3031	0	0	0	0
285	106	91	3057	0	0	0	0
226	62	90	3047	0	0	0	0
381	120	126	3065	0	0	0	0
158	66	49	3034	0	0	0	0
223	95	77	3040	0	0	0	0
205	107	94	3037	0	0	0	0
105	56	45	3030	0	0	0	0
20	8	8	3018	0	0	0	0
254	118	113	3050	0	0	0	0
129	50	52	3029	0	0	0	0
20	14	7	3019	0	0	0	0
117	53	44	3043	0	0	0	0
114	48	49	3033	0	0	0	0
172	81	68	3055	0	0	0	0
152	57	61	3035	0	0	0	0
6	2	2	3010	0	0	0	0
104	35	29	3025	0	0	0	0
50	18	14	3017	0	0	0	0
281	123	95	3066	0	0	0	0
7	0	2	3010	0	0	0	0
100	33	61	3030	0	0	0	0
206	78	86	3046	0	0	0	0
64	29	36	3034	0	0	0	0
41	14	16	3016	0	0	0	0
14	4	4	3012	0	0	0	0
110	54	49	3039	0	0	0	0
242	119	105	3061	0	0	0	0
14	4	2	3010	0	0	0	0
209	86	73	3038	0	0	0	0
73	28	24	3040	0	0	0	0
44	11	18	3019	0	0	0	0
70	33	23	3022	0	0	0	0
127	45	48	3033	0	0	0	0
129	55	68	3023	0	0	0	0
295	110	71	3080	0	0	0	0
223	81	88	3042	0	0	0	0
173	58	52	3038	0	0	0	0
346	147	142	3072	0	0	0	0
118	47	67	3044	0	0	0	0
108	27	44	3023	0	0	0	0
6	1	4	3011	0	0	0	0
344	178	127	3068	0	0	0	0
20	14	5	3014	0	0	0	0
44	19	17	3015	0	0	0	0
77	45	27	3034	0	0	0	0
57	22	29	3023	0	0	0	0
255	126	110	3062	0	0	0	0
80	44	23	3020	0	0	0	0
211	88	101	3040	0	0	0	0
26	8	10	3014	0	0	0	0
114	43	33	3032	0	0	0	0
23	12	10	3014	0	0	0	0
30	9	18	3012	0	0	0	0
186	88	81	3041	0	0	0	0
64	30	18	3028	0	0	0	0
97	32	39	3032	0	0	0	0
159	62	66	3042	0	0	0	0
114	71	39	3043	0	0	0	0
50	28	20	3029	0	0	0	0
491	233	166	3118	0	0	0	0
253	107	93	3048	0	0	0	0
91	54	28	3035	0	0	0	0
63	37	36	3037	0	0	0	0
142	60	40	3037	0	0	0	0
231	107	97	3062	0	0	0	0
79	39	35	3020	0	0	0	0
144	54	72	3040	0	0	0	0
83	32	36	3028	0	0	0	0
207	80	80	3053	0	0	0	0
73	43	28	3023	0	0	0	0
135	39	45	3039	0	0	0	0
5	0	0	3012	0	0	0	0
148	61	51	3040	0	0	0	0
261	105	115	3055	0	0	0	0
38	21	7	3018	0	0	0	0
184	62	64	3034	0	0	0	0
349	135	152	3068	0	0	0	0
199	93	80	3044	0	0	0	0
15	4	13	3015	0	0	0	0
40	25	18	3023	0	0	0	0
3	1	3	3012	0	0	0	0
215	67	85	3047	0	0	0	0
188	91	85	3057	0	0	0	0
137	80	61	3030	0	0	0	0
30	17	12	3018	0	0	0	0
100	47	31	3018	0	0	0	0
124	52	40	3039	0	0	0	0
33	15	5	3025	0	0	0	0
24	10	5	3016	0	0	0	0
24	13	9	3012	0	0	0	0
175	74	81	3052	0	0	0	0
312	136	142	3064	0	0	0	0
107	33	39	3016	0	0	0	0
100	51	56	3031	0	0	0	0
45	9	15	3020	0	0	0	0
130	68	40	3043	0	0	0	0
39	18	12	3015	0	0	0	0
141	60	53	3038	0	0	0	0
102	58	48	3032	0	0	0	0
278	160	114	3081	0	0	0	0
90	43	21	3033	0	0	0	0
244	107	83	3042	0	0	0	0
8	9	6	3011	0	0	0	0
16	10	4	3011	0	0	0	0
88	56	40	3042	0	0	0	0
118	50	49	3024	0	0	0	0
58	23	21	3028	0	0	0	0
49	14	13	3021	0	0	0	0
17	5	1	3015	0	0	0	0
76	32	26	3020	0	0	0	0
113	29	42	3022	0	0	0	0
90	34	30	3031	0	0	0	0
12	2	4	3009	0	0	0	0
198	84	72	3049	0	0	0	0
17	5	5	3014	0	0	0	0
7	1	2	3009	0	0	0	0
40	14	17	3017	0	0	0	0
56	17	24	3020	0	0	0	0
157	59	47	3036	0	0	0	0
74	34	26	3027	0	0	0	0
16	9	9	3022	0	0	0	0
111	35	35	3031	0	0	0	0
62	18	24	3022	0	0	0	0
174	93	66	3048	0	0	0	0
52	29	13	3019	0	0	0	0
93	25	38	3026	0	0	0	0
187	70	75	3040	0	0	0	0
201	82	74	3057	0	0	0	0
79	33	36	3025	0	0	0	0
105	33	41	3027	0	0	0	0
8	2	8	3015	0	0	0	0
42	27	8	3018	0	0	0	0
115	63	57	3054	0	0	0	0
124	42	50	3031	0	0	0	0
20	11	11	3023	0	0	0	0
30	7	15	3018	0	0	0	0
69	41	27	3034	0	0	0	0
24	15	15	3018	0	0	0	0
14	3	5	3021	0	0	0	0
82	35	32	3025	0	0	0	0
197	97	76	3054	0	0	0	0
88	55	37	3023	0	0	0	0
49	16	17	3029	0	0	0	0
55	31	21	3028	0	0	0	0
210	74	95	3054	0	0	0	0
1	0	0	3012	0	0	0	0
27	17	19	3019	0	0	0	0
23	4	2	3019	0	0	0	0
71	28	25	3023	0	0	0	0
104	42	39	3047	0	0	0	0
269	116	98	3054	0	0	0	0
102	57	37	3034	0	0	0	0
206	90	78	3055	0	0	0	0
167	78	60	3037	0	0	0	0
19	7	7	3012	0	0	0	0
75	32	20	3024	0	0	0	0
94	37	32	3027	0	0	0	0
48	15	13	3023	0	0	0	0
198	76	67	3051	0	0	0	0
65	24	34	3023	0	0	0	0
140	63	59	3034	0	0	0	0
98	44	36	3034	0	0	0	0
65	35	22	3021	0	0	0	0
107	40	29	3030	0	0	0	0
150	63	63	3039	0	0	0	0
122	58	66	3046	0	0	0	0
152	63	75	3039	0	0	0	0
127	54	43	3050	0	0	0	0
57	20	21	3019	0	0	0	0
63	30	16	3022	0	0	0	0
16	10	5	3019	0	0	0	0
211	65	101	3065	0	0	0	0
173	94	66	3037	0	0	0	0
101	44	31	3037	0	0	0	0
61	33	21	3021	0	0	0	0
33	25	34	3026	0	0	0	0
98	38	35	3033	0	0	0	0
196	81	79	3041	0	0	0	0
156	79	77	3032	0	0	0	0
2	2	3	3011	0	0	0	0
128	66	61	3034	0	0	0	0
65	37	33	3025	0	0	0	0
134	39	45	3035	0	0	0	0
25	5	7	3016	0	0	0	0
61	30	24	3023	0	0	0	0
166	97	57	3042	0	0	0	0
38	22	21	3021	0	0	0	0
108	32	44	3040	0	0	0	0
70	32	37	3028	0	0	0	0
218	82	102	3048	0	0	0	0
275	99	104	3069	0	0	0	0
22	6	5	3012	0	0	0	0
2	0	0	3009	0	0	0	0
113	35	51	3021	0	0	0	0
133	60	49	3037	0	0	0	0
87	44	25	3023	0	0	0	0
30	16	10	3020	0	0	0	0
67	29	25	3020	0	0	0	0
70	51	21	3020	0	0	0	0
249	101	95	3078	0	0	0	0
142	87	67	3031	0	0	0	0
6	0	1	3014	0	0	0	0
55	22	22	3029	0	0	0	0
67	44	22	3021	0	0	0	0
13	2	6	3013	0	0	0	0
165	81	67	3053	0	0	0	0
48	24	28	3039	0	0	0	0
280	101	137	3071	0	0	0	0
71	46	37	3046	0	0	0	0
17	10	9	3021	0	0	0	0
106	45	51	3035	0	0	0	0
142	62	56	3029	0	0	0	0
146	53	64	3041	0	0	0	0
20	13	5	3016	0	0	0	0
136	47	50	3038	0	0	0	0
56	14	27	3024	0	0	0	0
27	6	12	3017	0	0	0	0
18	13	7	3013	0	0	0	0
116	44	48	3033	0	0	0	0
17	9	13	3015	0	0	0	0
55	12	27	3022	0	0	0	0
7	2	2	3018	0	0	0	0
123	46	45	3048	0	0	0	0
217	77	69	3041	0	0	0	0
158	82	56	3053	0	0	0	0
303	132	114	3053	0	0	0	0
10	2	1	3009	0	0	0	0
79	16	31	3016	0	0	0	0
115	32	41	3033	0	0	0	0
219	60	75	3061	0	0	0	0
9	1	6	3009	0	0	0	0
69	37	25	3033	0	0	0	0
304	142	139	3083	0	0	0	0
41	21	21	3030	0	0	0	0
59	35	20	3014	0	0	0	0
17	1	6	3018	0	0	0	0
203	90	70	3045	0	0	0	0
102	35	28	3026	0	0	0	0
52	12	14	3023	0	0	0	0
333	167	120	3077	0	0	0	0
26	7	13	3012	0	0	0	0
90	46	29	3035	0	0	0	0
11	2	4	3009	0	0	0	0
127	59	38	3032	0	0	0	0
231	89	79	3042	0	0	0	0
119	62	34	3035	0	0	0	0
27	8	8	3014	0	0	0	0
17	8	5	3016	0	0	0	0
3	1	5	3010	0	0	0	0
75	28	34	3032	0	0	0	0
275	136	104	3044	0	0	0	0
224	69	91	3053	0	0	0	0
167	79	82	3047	0	0	0	0
6	1	3	3011	0	0	0	0
78	30	47	3021	0	0	0	0
312	133	143	3090	0	0	0	0
88	27	44	3034	0	0	0	0
42	17	14	3024	0	0	0	0
2	3	2	3009	0	0	0	0
66	17	29	3030	0	0	0	0
45	35	17	3023	0	0	0	0
96	60	42	3027	0	0	0	0
18	8	2	3017	0	0	0	0
28	4	22	3015	0	0	0	0
151	50	68	3043	0	0	0	0
156	91	34	3030	0	0	0	0
34	7	13	3021	0	0	0	0
214	79	85	3049	0	0	0	0
330	138	117	3086	0	0	0	0
4	3	1	3009	0	0	0	0
7	2	0	3013	0	0	0	0
15	5	4	3017	0	0	0	0
57	8	11	3023	0	0	0	0
99	38	27	3034	0	0	0	0
50	21	14	3024	0	0	0	0
192	95	80	3044	0	0	0	0
27	7	6	3015	0	0	0	0
257	119	109	3047	0	0	0	0
63	27	34	3019	0	0	0	0
8	3	0	3017	0	0	0	0
177	66	76	3061	0	0	0	0
28	6	12	3012	0	0	0	0
82	64	23	3027	0	0	0	0
150	67	54	3045	0	0	0	0
68	32	26	3036	0	0	0	0
47	15	15	3019	0	0	0	0
22	5	5	3013	0	0	0	0
163	70	74	3044	0	0	0	0
129	94	58	3060	0	0	0	0
102	69	35	3038	0	0	0	0
122	40	57	3030	0	0	0	0
278	149	99	3058	0	0	0	0
38	17	8	3013	0	0	0	0
96	43	48	3046	0	0	0	0
285	129	114	3053	0	0	0	0
215	88	100	3050	0	0	0	0
109	53	40	3030	0	0	0	0
44	23	13	3023	0	0	0	0
8	0	9	3010	0	0	0	0
35	21	17	3022	0	0	0	0
33	15	13	3018	0	0	0	0
216	87	93	3055	0	0	0	0
241	114	107	3052	0	0	0	0
19	3	4	3015	0	0	0	0
130	70	49	3051	0	0	0	0
19	6	10	3014	0	0	0	0
126	44	49	3027	0	0	0	0
21	6	7	3015	0	0	0	0
154	79	59	3029	0	0	0	0
108	51	37	3021	0	0	0	0
117	49	44	3035	0	0	0	0
36	22	18	3019	0	0	0	0
238	101	109	3068	0	0	0	0
224	90	87	3046	0	0	0	0
94	29	42	3024	0	0	0	0
136	62	76	3032	0	0	0	0
213	103	90	3043	0	0	0	0
322	101	98	3078	0	0	0	0
14	7	8	3018	0	0	0	0
55	27	37	3024	0	0	0	0
113	70	49	3027	0	0	0	0
75	31	24	3023	0	0	0	0
18	6	7	3019	0	0	0	0
16	8	11	3016	0	0	0	0
98	63	28	3032	0	0	0	0
3	0	5	3009	0	0	0	0
310	136	140	3054	0	0	0	0
70	28	22	3024	0	0	0	0
177	74	89	3050	0	0	0	0
141	83	68	3047	0	0	0	0
193	85	78	3048	0	0	0	0
152	60	63	3034	0	0	0	0
53	11	12	3029	0	0	0	0
79	37	34	3030	0	0	0	0
86	37	34	3030	0	0	0	0
161	57	68	3030	0	0	0	0
120	42	39	3032	0	0	0	0
183	89	69	3047	0	0	0	0
129	37	43	3028	0	0	0	0
156	68	71	3035	0	0	0	0
20	4	5	3019	0	0	0	0
15	15	5	3016	0	0	0	0
27	15	11	3010	0	0	0	0
134	73	36	3043	0	0	0	0
34	17	13	3017	0	0	0	0
20	7	5	3019	0	0	0	0
62	16	18	3030	0	0	0	0
144	47	66	3032	0	0	0	0
277	120	108	3075	0	0	0	0
208	108	77	3056	0	0	0	0
104	52	35	3034	0	0	0	0
136	86	77	3039	0	0	0	0
59	18	16	3026	0	0	0	0
164	70	80	3051	0	0	0	0
34	19	9	3018	0	0	0	0
88	59	38	3027	0	0	0	0
77	28	40	3031	0	0	0	0
43	27	14	3031	0	0	0	0
106	45	50	3021	0	0	0	0
54	16	18	3020	0	0	0	0
24	8	16	3014	0	0	0	0
31	30	19	3021	0	0	0	0
61	19	24	3022	0	0	0	0
59	14	21	3023	0	0	0	0
102	31	45	3028	0	0	0	0
52	9	12	3025	0	0	0	0
138	63	77	3048	0	0	0	0
240	124	94	3051	0	0	0	0
9	3	4	3009	0	0	0	0
209	80	72	3052	0	0	0	0
70	31	31	3028	0	0	0	0
116	63	63	3030	0	0	0	0
21	7	14	3020	0	0	0	0
3	1	3	3010	0	0	0	0
231	134	92	3063	0	0	0	0
84	42	46	3032	0	0	0	0
77	64	48	3031	0	0	0	0
217	116	93	3069	0	0	0	0
125	45	35	3038	0	0	0	0
76	31	26	3031	0	0	0	0
75	35	42	3019	0	0	0	0
179	74	56	3055	0	0	0	0
175	70	48	3046	0	0	0	0
13	3	1	3013	0	0	0	0
95	46	39	3035	0	0	0	0
143	51	36	3043	0	0	0	0
78	29	25	3031	0	0	0	0
33	17	14	3026	0	0	0	0
45	27	14	3023	0	0	0	0
164	68	59	3031	0	0	0	0
320	155	123	3070	0	0	0	0
55	29	30	3028	0	0	0	0
127	35	59	3023	0	0	0	0
13	3	2	3010	0	0	0	0
158	53	46	3041	0	0	0	0
136	58	37	3038	0	0	0	0
47	17	12	3029	0	0	0	0
54	22	25	3017	0	0	0	0
94	37	21	3036	0	0	0	0
77	31	29	3016	0	0	0	0
25	6	3	3016	0	0	0	0
10	6	3	3010	0	0	0	0
26	5	11	3015	0	0	0	0
54	13	18	3023	0	0	0	0
86	37	31	3032	0	0	0	0
57	41	33	3029	0	0	0	0
31	10	10	3016	0	0	0	0
121	63	44	3033	0	0	0	0
72	44	33	3020	0	0	0	0
24	4	3	3016	0	0	0	0
131	63	60	3058	0	0	0	0
83	25	28	3019	0	0	0	0
16	17	8	3009	0	0	0	0
37	9	22	3015	0	0	0	0
41	8	26	3010	0	0	0	0
77	24	22	3020	0	0	0	0
265	82	109	3068	0	0	0	0
110	36	32	3018	0	0	0	0
9	4	9	3015	0	0	0	0
273	92	121	3067	0	0	0	0
71	28	26	3037	0	0	0	0
22	13	4	3014	0	0	0	0
71	25	21	3033	0	0	0	0
301	123	140	3052	0	0	0	0
37	21	13	3018	0	0	0	0
16	3	4	3013	0	0	0	0
108	58	34	3017	0	0	0	0
170	77	77	3029	0	0	0	0
75	25	31	3028	0	0	0	0
99	40	37	3034	0	0	0	0
40	18	13	3017	0	0	0	0
55	26	18	3021	0	0	0	0
90	48	37	3032	0	0	0	0
48	16	13	3009	0	0	0	0
166	67	55	3032	0	0	0	0
42	11	23	3018	0	0	0	0
128	50	67	3029	0	0	0	0
31	7	6	3013	0	0	0	0
42	26	22	3016	0	0	0	0
135	58	72	3038	0	0	0	0
33	15	19	3020	0	0	0	0
24	5	13	3013	0	0	0	0
10	0	1	3010	0	0	0	0
13	2	3	3017	0	0	0	0
218	106	67	3062	0	0	0	0
68	33	34	3028	0	0	0	0
43	21	22	3021	0	0	0	0
209	100	77	3053	0	0	0	0
67	9	23	3026	0	0	0	0
158	69	68	3043	0	0	0	0
50	20	21	3022	0	0	0	0
175	83	73	3043	0	0	0	0
35	15	19	3013	0	0	0	0
127	65	62	3029	0	0	0	0
166	69	67	3045	0	0	0	0
82	52	34	3032	0	0	0	0
26	9	11	3015	0	0	0	0
10	1	3	3013	0	0	0	0
85	47	26	3025	0	0	0	0
287	91	118	3059	0	0	0	0
133	64	58	3032	0	0	0	0
125	46	46	3026	0	0	0	0
187	89	63	3034	0	0	0	0
163	46	46	3033	0	0	0	0
22	7	5	3013	0	0	0	0
261	112	87	3080	0	0	0	0
94	29	38	3042	0	0	0	0
195	83	72	3043	0	0	0	0
177	69	62	3040	0	0	0	0
12	14	5	3020	0	0	0	0
245	72	97	3056	0	0	0	0
202	87	83	3052	0	0	0	0
95	41	39	3034	0	0	0	0
107	39	40	3034	0	0	0	0
150	62	48	3028	0	0	0	0
81	44	41	3032	0	0	0	0
112	35	62	3032	0	0	0	0
40	18	16	3020	0	0	0	0
178	104	72	3044	0	0	0	0
163	89	59	3045	0	0	0	0
60	30	24	3026	0	0	0	0
26	14	6	3027	0	0	0	0
215	123	82	3045	0	0	0	0
215	112	88	3053	0	0	0	0
30	7	13	3023	0	0	0	0
19	12	8	3016	0	0	0	0
102	42	38	3025	0	0	0	0
265	125	116	3066	0	0	0	0
12	13	7	3010	0	0	0	0
43	22	10	3013	0	0	0	0
203	105	75	3052	0	0	0	0
163	52	51	3034	0	0	0	0
11	4	6	3010	0	0	0	0
157	72	76	3044	0	0	0	0
51	21	14	3024	0	0	0	0
167	65	55	3040	0	0	0	0
175	116	75	3053	0	0	0	0
101	41	36	3023	0	0	0	0
64	20	21	3029	0	0	0	0
15	7	4	3010	0	0	0	0
219	101	68	3070	0	0	0	0
102	24	44	3020	0	0	0	0
161	53	53	3040	0	0	0	0
132	56	74	3037	0	0	0	0
26	9	3	3014	0	0	0	0
16	4	6	3018	0	0	0	0
64	51	29	3021	0	0	0	0
137	72	50	3041	0	0	0	0
90	46	42	3027	0	0	0	0
248	103	80	3059	0	0	0	0
146	67	60	3024	0	0	0	0
204	98	74	3033	0	0	0	0
81	54	40	3024	0	0	0	0
13	7	3	3011	0	0	0	0
77	31	25	3031	0	0	0	0
160	69	60	3040	0	0	0	0
74	31	34	3028	0	0	0	0
151	47	70	3041	0	0	0	0
41	15	22	3021	0	0	0	0
182	98	87	3041	0	0	0	0
134	71	61	3033	0	0	0	0
157	57	48	3047	0	0	0	0
100	29	38	3033	0	0	0	0
86	29	32	3029	0	0	0	0
122	36	43	3037	0	0	0	0
48	14	19	3022	0	0	0	0
82	38	41	3023	0	0	0	0
324	128	112	3097	0	0	0	0
62	27	15	3025	0	0	0	0
150	37	74	3051	0	0	0	0
259	114	107	3046	0	0	0	0
5	3	2	3010	0	0	0	0
216	95	68	3058	0	0	0	0
164	79	72	3041	0	0	0	0
112	43	47	3033	0	0	0	0
46	13	24	3015	0	0	0	0
281	122	134	3047	0	0	0	0
58	6	18	3031	0	0	0	0
178	63	62	3047	0	0	0	0
102	43	52	3032	0	0	0	0
3	1	4	3010	0	0	0	0
7	9	8	3020	0	0	0	0
204	84	84	3040	0	0	0	0
6	4	1	3011	0	0	0	0
171	75	67	3037	0	0	0	0
325	150	131	3089	0	0	0	0
15	5	3	3019	0	0	0	0
126	50	65	3033	0	0	0	0
99	39	34	3027	0	0	0	0
20	3	7	3013	0	0	0	0
24	12	11	3012	0	0	0	0
5	1	4	3013	0	0	0	0
27	5	8	3014	0	0	0	0
127	40	52	3042	0	0	0	0
298	151	132	3051	0	0	0	0
241	72	100	3048	0	0	0	0
139	50	49	3044	0	0	0	0
331	103	106	3076	0	0	0	0
137	42	44	3019	0	0	0	0
64	21	27	3019	0	0	0	0
23	11	13	3014	0	0	0	0
93	37	34	3044	0	0	0	0
13	4	2	3016	0	0	0	0
196	66	82	3051	0	0	0	0
203	74	66	3056	0	0	0	0
220	68	81	3049	0	0	0	0
236	109	89	3045	0	0	0	0
15	8	3	3016	0	0	0	0
181	78	61	3040	0	0	0	0
13	5	3	3012	0	0	0	0
207	67	61	3039	0	0	0	0
197	98	98	3036	0	0	0	0
48	13	16	3030	0	0	0	0
192	92	74	3043	0	0	0	0
51	11	12	3028	0	0	0	0
7	1	3	3013	0	0	0	0
322	113	96	3072	0	0	0	0
161	66	59	3038	0	0	0	0
254	84	83	3071	0	0	0	0
65	25	33	3021	0	0	0	0
30	20	10	3022	0	0	0	0
83	35	31	3025	0	0	0	0
193	96	72	3041	0	0	0	0
61	28	18	3020	0	0	0	0
209	107	57	3048	0	0	0	0
235	101	82	3054	0	0	0	0
53	22	31	3027	0	0	0	0
49	49	36	3026	0	0	0	0
8	1	4	3012	0	0	0	0
253	99	87	3067	0	0	0	0
71	24	27	3020	0	0	0	0
114	56	39	3026	0	0	0	0
106	52	31	3031	0	0	0	0
81	35	27	3023	0	0	0	0
367	156	108	3068	0	0	0	0
70	21	10	3024	0	0	0	0
25	12	13	3017	0	0	0	0
85	43	37	3035	0	0	0	0
23	9	9	3013	0	0	0	0
37	14	15	3023	0	0	0	0
33	13	13	3014	0	0	0	0
66	24	32	3018	0	0	0	0
87	40	25	3040	0	0	0	0
13	3	5	3012	0	0	0	0
51	25	22	3012	0	0	0	0
153	50	60	3047	0	0	0	0
106	49	34	3035	0	0	0	0
233	82	81	3068	0	0	0	0
232	109	103	3059	0	0	0	0
38	7	20	3012	0	0	0	0
32	20	15	3011	0	0	0	0
62	21	26	3018	0	0	0	0
105	52	49	3047	0	0	0	0
4	1	2	3012	0	0	0	0
82	54	38	3023	0	0	0	0
270	116	95	3065	0	0	0	0
42	9	13	3019	0	0	0	0
223	90	91	3048	0	0	0	0
237	106	91	3052	0	0	0	0
38	19	13	3013	0	0	0	0
57	6	31	3018	0	0	0	0
132	87	51	3055	0	0	0	0
50	15	20	3020	0	0	0	0
121	42	49	3027	0	0	0	0
7	6	0	3012	0	0	0	0
174	91	80	3051	0	0	0	0
231	108	93	3063	0	0	0	0
355	146	131	3081	0	0	0	0
189	112	95	3037	0	0	0	0
173	64	69	3043	0	0	0	0
108	36	47	3033	0	0	0	0
118	57	47	3028	0	0	0	0
142	42	67	3040	0	0	0	0
209	73	82	3034	0	0	0	0
119	67	52	3028	0	0	0	0
28	12	8	3021	0	0	0	0
4	0	1	3010	0	0	0	0
136	47	61	3039	0	0	0	0
14	3	4	3015	0	0	0	0
248	129	96	3058	0	0	0	0
290	143	113	3066	0	0	0	0
53	18	17	3017	0	0	0	0
12	8	10	3011	0	0	0	0
55	28	21	3020	0	0	0	0
4	1	1	3011	0	0	0	0
6	5	3	3014	0	0	0	0
433	198	145	3087	0	0	0	0
59	21	12	3021	0	0	0	0
137	60	50	3049	0	0	0	0
14	9	5	3017	0	0	0	0
9	1	5	3017	0	0	0	0
42	27	17	3019	0	0	0	0
3	2	3	3013	0	0	0	0
213	106	105	3067	0	0	0	0
178	62	69	3056	0	0	0	0
6	2	4	3014	0	0	0	0
69	17	30	3036	0	0	0	0
77	40	45	3035	0	0	0	0
107	45	47	3033	0	0	0	0
47	13	22	3026	0	0	0	0
35	24	9	3014	0	0	0	0
30	14	8	3016	0	0	0	0
7	1	3	3012	0	0	0	0
38	16	11	3033	0	0	0	0
90	18	29	3012	0	0	0	0
100	53	38	3033	0	0	0	0
221	101	92	3039	0	0	0	0
9	4	1	3013	0	0	0	0
33	13	14	3014	0	0	0	0
50	14	11	3014	0	0	0	0
164	77	73	3053	0	0	0	0
304	147	126	3057	0	0	0	0
12	2	4	3016	0	0	0	0
157	56	64	3034	0	0	0	0
126	48	62	3029	0	0	0	0
23	7	1	3016	0	0	0	0
221	110	91	3062	0	0	0	0
23	7	17	3016	0	0	0	0
122	42	46	3029	0	0	0	0
29	10	13	3021	0	0	0	0
261	119	98	3042	0	0	0	0
110	45	47	3033	0	0	0	0
25	21	5	3021	0	0	0	0
76	32	31	3024	0	0	0	0
18	7	3	3014	0	0	0	0
122	52	68	3030	0	0	0	0
72	35	25	3028	0	0	0	0
252	100	106	3060	0	0	0	0
52	18	14	3018	0	0	0	0
15	10	6	3014	0	0	0	0
20	5	6	3015	0	0	0	0
161	76	69	3059	0	0	0	0
117	74	60	3035	0	0	0	0
248	110	83	3052	0	0	0	0
13	4	4	3011	0	0	0	0
234	111	104	3054	0	0	0	0
323	126	125	3092	0	0	0	0
232	66	67	3035	0	0	0	0
104	57	41	3028	0	0	0	0
54	25	44	3026	0	0	0	0
212	82	79	3064	0	0	0	0
7	1	4	3012	0	0	0	0
423	168	124	3107	0	0	0	0
253	103	96	3069	0	0	0	0
29	1	4	3016	0	0	0	0
50	27	26	3035	0	0	0	0
5	1	4	3010	0	0	0	0
22	5	6	3012	0	0	0	0
153	62	59	3026	0	0	0	0
64	25	29	3021	0	0	0	0
81	30	23	3025	0	0	0	0
236	99	103	3049	0	0	0	0
36	4	15	3016	0	0	0	0
149	65	71	3046	0	0	0	0
79	32	40	3028	0	0	0	0
138	50	51	3029	0	0	0	0
129	65	66	3030	0	0	0	0
155	78	69	3044	0	0	0	0
40	9	22	3015	0	0	0	0
81	43	18	3020	0	0	0	0
79	49	35	3032	0	0	0	0
61	31	20	3023	0	0	0	0
80	30	31	3026	0	0	0	0
189	83	76	3057	0	0	0	0
79	45	26	3031	0	0	0	0
3	0	2	3011	0	0	0	0
168	105	68	3047	0	0	0	0
122	48	45	3034	0	0	0	0
14	4	5	3011	0	0	0	0
7	1	4	3011	0	0	0	0
121	57	39	3033	0	0	0	0
77	27	33	3027	0	0	0	0
40	17	14	3016	0	0	0	0
108	41	55	3032	0	0	0	0
147	51	69	3044	0	0	0	0
54	18	33	3015	0	0	0	0
208	89	76	3048	0	0	0	0
68	23	28	3030	0	0	0	0
179	65	69	3053	0	0	0	0
33	5	7	3016	0	0	0	0
339	134	114	3081	0	0	0	0
108	39	35	3025	0	0	0	0
345	101	109	3069	0	0	0	0
89	44	31	3041	0	0	0	0
161	58	72	3041	0	0	0	0
207	65	87	3053	0	0	0	0
118	73	58	3032	0	0	0	0
351	161	123	3076	0	0	0	0
69	24	44	3032	0	0	0	0
98	48	38	3024	0	0	0	0
59	12	24	3021	0	0	0	0
154	51	54	3039	0	0	0	0
63	15	34	3027	0	0	0	0
17	13	4	3011	0	0	0	0
164	71	60	3042	0	0	0	0
147	51	60	3031	0	0	0	0
119	35	44	3021	0	0	0	0
223	95	68	3061	0	0	0	0
195	82	84	3047	0	0	0	0
208	98	92	3049	0	0	0	0
221	69	99	3047	0	0	0	0
58	29	20	3019	0	0	0	0
35	11	9	3018	0	0	0	0
102	35	42	3039	0	0	0	0
64	40	37	3023	0	0	0	0
27	19	12	3018	0	0	0	0
35	9	6	3015	0	0	0	0
88	53	31	3041	0	0	0	0
62	28	26	3025	0	0	0	0
251	122	142	3078	0	0	0	0
16	1	7	3009	0	0	0	0
145	82	67	3044	0	0	0	0
80	55	19	3029	0	0	0	0
7	4	2	3013	0	0	0	0
267	116	90	3078	0	0	0	0
73	21	30	3019	0	0	0	0
125	64	44	3046	0	0	0	0
270	94	97	3072	0	0	0	0
290	111	99	3057	0	0	0	0
12	9	8	3015	0	0	0	0
223	86	79	3061	0	0	0	0
154	45	63	3049	0	0	0	0
62	29	28	3026	0	0	0	0
221	72	77	3045	0	0	0	0
330	145	149	3076	0	0	0	0
240	109	86	3068	0	0	0	0
24	10	10	3022	0	0	0	0
125	60	56	3041	0	0	0	0
309	158	139	3074	0	0	0	0
48	28	19	3021	0	0	0	0
284	130	95	3048	0	0	0	0
220	86	73	3060	0	0	0	0
132	83	69	3039	0	0	0	0
33	16	15	3022	0	0	0	0
160	96	73	3041	0	0	0	0
114	30	46	3049	0	0	0	0
321	120	104	3063	0	0	0	0
48	7	17	3027	0	0	0	0
48	19	18	3023	0	0	0	0
6	2	0	3014	0	0	0	0
116	37	58	3041	0	0	0	0
126	69	47	3044	0	0	0	0
86	31	41	3019	0	0	0	0
75	31	38	3025	0	0	0	0
14	6	7	3016	0	0	0	0
85	36	39	3016	0	0	0	0
135	39	56	3037	0	0	0	0
74	54	47	3034	0	0	0	0
20	8	7	3016	0	0	0	0
160	97	60	3048	0	0	0	0
37	18	15	3014	0	0	0	0
222	91	77	3048	0	0	0	0
258	122	105	3055	0	0	0	0
18	10	13	3019	0	0	0	0
105	41	50	3031	0	0	0	0
76	18	27	3030	0	0	0	0
206	75	71	3051	0	0	0	0
56	26	16	3027	0	0	0	0
110	50	38	3028	0	0	0	0
30	7	10	3019	0	0	0	0
78	45	36	3030	0	0	0	0
149	81	74	3029	0	0	0	0
19	4	4	3009	0	0	0	0
42	9	15	3015	0	0	0	0
16	3	5	3015	0	0	0	0
15	0	8	3013	0	0	0	0
33	14	8	3016	0	0	0	0
150	56	55	3032	0	0	0	0
