190	107	78	3043	0	0	0	0
14	7	13	3013	0	0	0	0
116	52	41	3032	0	0	0	0
59	29	20	3025	0	0	0	0
18	8	10	3016	0	0	0	0
48	20	25	3023	0	0	0	0
10	1	8	3010	0	0	0	0
139	59	46	3035	0	0	0	0
9	10	4	3014	0	0	0	0
296	99	106	3070	0	0	0	0
150	86	58	3052	0	0	0	0
93	41	51	3033	0	0	0	0
59	25	31	3031	0	0	0	0
76	26	35	3030	0	0	0	0
290	153	130	3079	0	0	0	0
110	37	53	3024	0	0	0	0
4	1	1	3010	0	0	0	0
388	159	131	3056	0	0	0	0
74	37	33	3036	0	0	0	0
46	22	21	3019	0	0	0	0
46	25	19	3015	0	0	0	0
108	38	36	3044	0	0	0	0
270	117	97	3040	0	0	0	0
275	129	121	3070	0	0	0	0
112	35	43	3029	0	0	0	0
11	5	4	3013	0	0	0	0
4	0	0	3009	0	0	0	0
88	32	25	3027	0	0	0	0
217	103	69	3077	0	0	0	0
53	27	27	3019	0	0	0	0
24	4	5	3019	0	0	0	0
224	101	85	3049	0	0	0	0
333	157	138	3088	0	0	0	0
9	1	4	3014	0	0	0	0
230	76	96	3055	0	0	0	0
359	139	116	3082	0	0	0	0
80	50	46	3036	0	0	0	0
185	105	63	3037	0	0	0	0
65	28	14	3026	0	0	0	0
95	25	36	3023	0	0	0	0
33	6	10	3021	0	0	0	0
78	47	40	3043	0	0	0	0
166	74	42	3047	0	0	0	0
193	83	76	3051	0	0	0	0
30	10	22	3015	0	0	0	0
284	119	124	3073	0	0	0	0
544	233	199	3118	0	0	0	0
5	0	2	3010	0	0	0	0
190	77	86	3051	0	0	0	0
15	3	8	3009	0	0	0	0
207	96	82	3064	0	0	0	0
52	26	20	3020	0	0	0	0
13	13	7	3016	0	0	0	0
196	79	83	3048	0	0	0	0
97	26	35	3030	0	0	0	0
191	92	87	3070	0	0	0	0
232	109	77	3079	0	0	0	0
162	58	67	3045	0	0	0	0
112	46	48	3028	0	0	0	0
302	124	113	3076	0	0	0	0
24	10	13	3016	0	0	0	0
176	78	60	3039	0	0	0	0
187	89	86	3041	0	0	0	0
235	124	83	3063	0	0	0	0
89	24	35	3024	0	0	0	0
334	133	147	3052	0	0	0	0
3	3	2	3011	0	0	0	0
188	88	64	3046	0	0	0	0
222	121	111	3046	0	0	0	0
65	34	36	3018	0	0	0	0
93	58	35	3020	0	0	0	0
112	66	39	3041	0	0	0	0
1	0	1	3010	0	0	0	0
78	30	26	3032	0	0	0	0
8	10	3	3015	0	0	0	0
68	23	19	3011	0	0	0	0
26	2	5	3018	0	0	0	0
318	120	111	3061	0	0	0	0
570	259	208	3085	0	0	0	0
10	6	7	3017	0	0	0	0
159	73	71	3042	0	0	0	0
2	3	1	3010	0	0	0	0
4	1	3	3010	0	0	0	0
135	55	50	3045	0	0	0	0
347	171	115	3081	0	0	0	0
65	28	21	3021	0	0	0	0
37	8	15	3022	0	0	0	0
38	18	13	3018	0	0	0	0
313	142	115	3048	0	0	0	0
406	182	149	3087	0	0	0	0
132	71	43	3037	0	0	0	0
12	7	10	3011	0	0	0	0
51	24	10	3028	0	0	0	0
20	0	11	3018	0	0	0	0
17	7	9	3017	0	0	0	0
21	9	10	3013	0	0	0	0
31	9	13	3017	0	0	0	0
16	4	4	3015	0	0	0	0
269	114	98	3046	0	0	0	0
4	4	2	3009	0	0	0	0
337	133	144	3052	0	0	0	0
22	12	18	3014	0	0	0	0
187	72	82	3046	0	0	0	0
66	19	22	3032	0	0	0	0
172	75	56	3031	0	0	0	0
297	143	108	3076	0	0	0	0
51	31	30	3020	0	0	0	0
16	6	4	3010	0	0	0	0
11	2	5	3013	0	0	0	0
307	151	133	3068	0	0	0	0
190	103	109	3065	0	0	0	0
25	6	16	3019	0	0	0	0
135	51	48	3034	0	0	0	0
339	179	138	3088	0	0	0	0
86	38	26	3027	0	0	0	0
169	64	70	3044	0	0	0	0
14	6	4	3015	0	0	0	0
52	15	22	3021	0	0	0	0
114	61	57	3028	0	0	0	0
216	91	84	3055	0	0	0	0
259	90	105	3048	0	0	0	0
217	113	81	3052	0	0	0	0
30	14	11	3027	0	0	0	0
100	46	39	3038	0	0	0	0
230	110	87	3048	0	0	0	0
175	92	81	3040	0	0	0	0
40	17	17	3022	0	0	0	0
395	151	175	3093	0	0	0	0
148	74	60	3052	0	0	0	0
136	45	48	3035	0	0	0	0
12	2	5	3011	0	0	0	0
563	209	209	3123	0	0	0	0
224	121	84	3049	0	0	0	0
41	12	13	3019	0	0	0	0
183	86	57	3051	0	0	0	0
53	30	26	3022	0	0	0	0
414	186	187	3108	0	0	0	0
73	19	29	3029	0	0	0	0
86	32	39	3024	0	0	0	0
99	44	28	3042	0	0	0	0
232	110	118	3051	0	0	0	0
66	22	31	3021	0	0	0	0
133	44	81	3049	0	0	0	0
262	123	114	3065	0	0	0	0
213	100	85	3043	0	0	0	0
188	108	65	3061	0	0	0	0
256	135	100	3063	0	0	0	0
108	33	37	3024	0	0	0	0
22	7	5	3010	0	0	0	0
131	41	56	3042	0	0	0	0
377	156	142	3067	0	0	0	0
14	5	5	3009	0	0	0	0
126	70	42	3034	0	0	0	0
95	37	36	3022	0	0	0	0
374	135	123	3068	0	0	0	0
264	152	102	3064	0	0	0	0
245	125	108	3064	0	0	0	0
255	80	101	3062	0	0	0	0
88	19	28	3034	0	0	0	0
23	6	5	3017	0	0	0	0
35	9	16	3020	0	0	0	0
102	56	33	3024	0	0	0	0
246	99	119	3053	0	0	0	0
151	55	65	3048	0	0	0	0
163	97	69	3036	0	0	0	0
196	104	82	3063	0	0	0	0
9	1	2	3009	0	0	0	0
424	157	166	3099	0	0	0	0
5	2	2	3015	0	0	0	0
123	62	36	3031	0	0	0	0
68	12	16	3025	0	0	0	0
75	29	28	3030	0	0	0	0
236	79	83	3058	0	0	0	0
68	28	25	3035	0	0	0	0
7	3	3	3014	0	0	0	0
87	40	51	3034	0	0	0	0
155	86	53	3027	0	0	0	0
88	42	36	3017	0	0	0	0
440	208	189	3093	0	0	0	0
23	13	9	3018	0	0	0	0
61	21	14	3017	0	0	0	0
81	44	40	3025	0	0	0	0
165	91	72	3040	0	0	0	0
189	72	72	3061	0	0	0	0
142	81	50	3043	0	0	0	0
45	14	17	3015	0	0	0	0
165	80	65	3037	0	0	0	0
229	115	129	3047	0	0	0	0
174	76	80	3044	0	0	0	0
50	18	14	3017	0	0	0	0
167	79	81	3038	0	0	0	0
7	0	2	3010	0	0	0	0
125	34	45	3030	0	0	0	0
53	17	21	3036	0	0	0	0
308	142	111	3084	0	0	0	0
55	30	22	3016	0	0	0	0
16	4	4	3014	0	0	0	0
127	70	56	3061	0	0	0	0
148	55	55	3033	0	0	0	0
14	4	2	3010	0	0	0	0
214	97	80	3036	0	0	0	0
94	47	35	3029	0	0	0	0
27	5	11	3013	0	0	0	0
232	100	88	3059	0	0	0	0
110	33	35	3034	0	0	0	0
18	0	4	3017	0	0	0	0
56	17	12	3028	0	0	0	0
99	47	37	3030	0	0	0	0
15	1	8	3012	0	0	0	0
229	116	90	3053	0	0	0	0
231	93	108	3055	0	0	0	0
122	33	55	3038	0	0	0	0
16	7	8	3012	0	0	0	0
373	179	150	3087	0	0	0	0
20	12	5	3015	0	0	0	0
6	4	1	3010	0	0	0	0
155	85	49	3062	0	0	0	0
34	31	17	3020	0	0	0	0
269	119	96	3070	0	0	0	0
92	32	34	3021	0	0	0	0
67	26	25	3027	0	0	0	0
26	8	10	3014	0	0	0	0
40	24	24	3025	0	0	0	0
23	12	8	3014	0	0	0	0
30	9	18	3012	0	0	0	0
107	43	41	3025	0	0	0	0
79	39	20	3031	0	0	0	0
106	40	42	3028	0	0	0	0
163	84	64	3044	0	0	0	0
309	134	124	3053	0	0	0	0
165	78	72	3042	0	0	0	0
240	112	83	3073	0	0	0	0
525	217	233	3086	0	0	0	0
88	51	21	3030	0	0	0	0
262	105	105	3067	0	0	0	0
69	22	24	3026	0	0	0	0
183	85	79	3061	0	0	0	0
178	95	57	3047	0	0	0	0
30	17	21	3023	0	0	0	0
72	30	28	3019	0	0	0	0
206	109	82	3061	0	0	0	0
208	107	94	3053	0	0	0	0
277	127	125	3057	0	0	0	0
5	0	0	3012	0	0	0	0
267	109	112	3065	0	0	0	0
45	13	15	3024	0	0	0	0
89	44	27	3031	0	0	0	0
222	90	66	3045	0	0	0	0
382	145	143	3062	0	0	0	0
208	97	70	3040	0	0	0	0
8	3	9	3014	0	0	0	0
249	151	106	3065	0	0	0	0
3	1	3	3012	0	0	0	0
233	94	91	3048	0	0	0	0
186	79	74	3064	0	0	0	0
222	98	103	3047	0	0	0	0
222	90	96	3056	0	0	0	0
183	79	69	3031	0	0	0	0
94	36	43	3029	0	0	0	0
321	154	145	3075	0	0	0	0
23	9	2	3016	0	0	0	0
66	46	25	3024	0	0	0	0
25	12	15	3014	0	0	0	0
33	13	23	3013	0	0	0	0
19	7	4	3014	0	0	0	0
399	191	177	3097	0	0	0	0
45	9	15	3020	0	0	0	0
242	113	86	3069	0	0	0	0
68	39	34	3030	0	0	0	0
126	46	52	3037	0	0	0	0
107	50	49	3038	0	0	0	0
160	80	68	3063	0	0	0	0
123	66	44	3038	0	0	0	0
128	71	49	3025	0	0	0	0
8	9	7	3012	0	0	0	0
66	34	30	3020	0	0	0	0
119	65	54	3039	0	0	0	0
209	100	88	3070	0	0	0	0
165	60	67	3047	0	0	0	0
294	171	107	3084	0	0	0	0
17	5	1	3015	0	0	0	0
107	47	57	3035	0	0	0	0
247	96	110	3032	0	0	0	0
228	107	78	3065	0	0	0	0
12	2	4	3009	0	0	0	0
241	108	85	3052	0	0	0	0
17	5	5	3014	0	0	0	0
7	1	2	3009	0	0	0	0
34	11	14	3016	0	0	0	0
72	22	25	3022	0	0	0	0
24	6	16	3018	0	0	0	0
149	67	67	3040	0	0	0	0
16	9	9	3022	0	0	0	0
149	62	60	3032	0	0	0	0
70	23	28	3023	0	0	0	0
123	69	46	3038	0	0	0	0
23	9	7	3014	0	0	0	0
49	30	13	3031	0	0	0	0
108	49	35	3030	0	0	0	0
386	136	147	3075	0	0	0	0
303	166	137	3061	0	0	0	0
269	127	115	3071	0	0	0	0
8	2	8	3015	0	0	0	0
378	180	122	3070	0	0	0	0
355	176	114	3084	0	0	0	0
445	170	177	3091	0	0	0	0
7	6	3	3015	0	0	0	0
63	21	27	3022	0	0	0	0
105	51	52	3033	0	0	0	0
36	27	22	3020	0	0	0	0
12	5	11	3016	0	0	0	0
92	40	36	3031	0	0	0	0
235	138	96	3052	0	0	0	0
155	78	55	3046	0	0	0	0
147	76	57	3049	0	0	0	0
64	35	21	3033	0	0	0	0
299	107	104	3054	0	0	0	0
1	0	0	3012	0	0	0	0
84	48	43	3025	0	0	0	0
95	33	38	3033	0	0	0	0
61	26	24	3027	0	0	0	0
191	75	72	3045	0	0	0	0
314	121	104	3075	0	0	0	0
278	133	120	3062	0	0	0	0
215	87	66	3043	0	0	0	0
277	127	106	3070	0	0	0	0
19	7	7	3012	0	0	0	0
199	68	79	3039	0	0	0	0
61	20	29	3034	0	0	0	0
170	79	63	3049	0	0	0	0
228	91	90	3046	0	0	0	0
13	9	3	3016	0	0	0	0
234	110	121	3053	0	0	0	0
106	62	46	3030	0	0	0	0
197	95	73	3042	0	0	0	0
156	63	52	3038	0	0	0	0
402	161	142	3074	0	0	0	0
385	151	138	3084	0	0	0	0
273	136	114	3064	0	0	0	0
100	41	29	3044	0	0	0	0
160	92	71	3059	0	0	0	0
60	29	22	3023	0	0	0	0
243	119	101	3080	0	0	0	0
387	191	153	3103	0	0	0	0
69	44	25	3015	0	0	0	0
438	202	161	3094	0	0	0	0
33	13	13	3019	0	0	0	0
248	96	106	3073	0	0	0	0
157	65	63	3042	0	0	0	0
87	30	35	3026	0	0	0	0
169	97	68	3034	0	0	0	0
2	2	3	3011	0	0	0	0
17	4	8	3015	0	0	0	0
40	23	17	3019	0	0	0	0
256	133	106	3085	0	0	0	0
25	5	7	3016	0	0	0	0
104	52	32	3029	0	0	0	0
381	155	141	3096	0	0	0	0
144	66	65	3035	0	0	0	0
295	117	110	3073	0	0	0	0
125	66	39	3040	0	0	0	0
284	129	123	3068	0	0	0	0
306	128	129	3067	0	0	0	0
22	6	5	3012	0	0	0	0
2	0	0	3009	0	0	0	0
41	14	28	3022	0	0	0	0
297	99	137	3070	0	0	0	0
179	57	66	3045	0	0	0	0
17	8	7	3020	0	0	0	0
247	98	97	3055	0	0	0	0
243	148	93	3051	0	0	0	0
197	93	75	3056	0	0	0	0
224	133	91	3047	0	0	0	0
6	0	1	3014	0	0	0	0
39	14	16	3019	0	0	0	0
53	32	27	3021	0	0	0	0
13	2	6	3013	0	0	0	0
120	81	49	3045	0	0	0	0
185	89	93	3062	0	0	0	0
457	186	176	3074	0	0	0	0
84	64	33	3041	0	0	0	0
24	10	10	3021	0	0	0	0
104	50	47	3046	0	0	0	0
153	80	59	3031	0	0	0	0
63	17	20	3020	0	0	0	0
50	25	21	3019	0	0	0	0
116	54	38	3037	0	0	0	0
115	47	41	3036	0	0	0	0
65	36	37	3022	0	0	0	0
19	14	6	3011	0	0	0	0
170	75	68	3046	0	0	0	0
37	21	14	3023	0	0	0	0
63	10	33	3024	0	0	0	0
7	2	2	3018	0	0	0	0
38	6	11	3015	0	0	0	0
154	79	58	3031	0	0	0	0
261	110	92	3037	0	0	0	0
109	53	47	3040	0	0	0	0
10	2	1	3009	0	0	0	0
78	38	39	3032	0	0	0	0
192	92	76	3053	0	0	0	0
240	104	92	3057	0	0	0	0
11	7	5	3010	0	0	0	0
15	10	8	3020	0	0	0	0
119	54	50	3032	0	0	0	0
289	118	116	3088	0	0	0	0
36	12	16	3020	0	0	0	0
17	1	6	3018	0	0	0	0
211	95	104	3060	0	0	0	0
156	62	63	3031	0	0	0	0
251	116	121	3047	0	0	0	0
329	192	140	3072	0	0	0	0
25	5	13	3012	0	0	0	0
316	118	99	3090	0	0	0	0
11	2	4	3009	0	0	0	0
47	16	11	3015	0	0	0	0
131	56	56	3032	0	0	0	0
42	32	15	3020	0	0	0	0
27	8	8	3014	0	0	0	0
17	8	5	3016	0	0	0	0
3	1	5	3010	0	0	0	0
57	19	22	3022	0	0	0	0
41	21	25	3029	0	0	0	0
198	107	57	3049	0	0	0	0
71	26	28	3014	0	0	0	0
6	1	3	3011	0	0	0	0
134	65	63	3039	0	0	0	0
548	254	229	3121	0	0	0	0
247	104	98	3064	0	0	0	0
462	235	193	3098	0	0	0	0
2	3	2	3009	0	0	0	0
80	20	31	3025	0	0	0	0
46	18	18	3020	0	0	0	0
258	134	104	3081	0	0	0	0
156	115	76	3047	0	0	0	0
17	10	17	3017	0	0	0	0
256	113	106	3065	0	0	0	0
76	45	23	3025	0	0	0	0
262	117	94	3066	0	0	0	0
262	97	109	3037	0	0	0	0
110	52	48	3027	0	0	0	0
2	1	0	3009	0	0	0	0
7	2	0	3013	0	0	0	0
15	5	4	3017	0	0	0	0
138	87	49	3027	0	0	0	0
161	54	45	3035	0	0	0	0
59	24	19	3020	0	0	0	0
301	135	100	3086	0	0	0	0
27	7	6	3015	0	0	0	0
298	114	114	3077	0	0	0	0
275	114	137	3051	0	0	0	0
8	3	0	3017	0	0	0	0
315	159	139	3063	0	0	0	0
28	11	17	3014	0	0	0	0
54	37	29	3019	0	0	0	0
151	47	61	3043	0	0	0	0
179	63	41	3075	0	0	0	0
42	13	16	3019	0	0	0	0
90	54	31	3020	0	0	0	0
121	51	41	3028	0	0	0	0
48	24	21	3028	0	0	0	0
72	47	21	3035	0	0	0	0
104	33	40	3043	0	0	0	0
318	128	146	3063	0	0	0	0
38	17	8	3013	0	0	0	0
247	123	109	3072	0	0	0	0
214	79	95	3065	0	0	0	0
237	87	82	3053	0	0	0	0
167	67	69	3042	0	0	0	0
29	9	7	3021	0	0	0	0
15	3	13	3010	0	0	0	0
46	30	20	3022	0	0	0	0
212	78	75	3042	0	0	0	0
71	22	39	3020	0	0	0	0
286	123	109	3076	0	0	0	0
19	3	4	3015	0	0	0	0
273	106	119	3071	0	0	0	0
95	29	46	3032	0	0	0	0
330	153	114	3090	0	0	0	0
21	6	7	3015	0	0	0	0
414	178	175	3062	0	0	0	0
240	118	102	3043	0	0	0	0
55	23	17	3017	0	0	0	0
38	23	19	3019	0	0	0	0
276	137	137	3070	0	0	0	0
79	39	27	3023	0	0	0	0
27	6	8	3014	0	0	0	0
138	62	60	3032	0	0	0	0
67	31	28	3030	0	0	0	0
466	191	167	3103	0	0	0	0
14	7	8	3018	0	0	0	0
50	21	24	3018	0	0	0	0
31	13	6	3015	0	0	0	0
147	66	52	3041	0	0	0	0
138	49	49	3034	0	0	0	0
260	136	73	3048	0	0	0	0
15	5	4	3013	0	0	0	0
3	0	5	3009	0	0	0	0
328	127	120	3063	0	0	0	0
136	80	64	3046	0	0	0	0
96	43	38	3028	0	0	0	0
147	49	48	3040	0	0	0	0
104	40	38	3030	0	0	0	0
84	35	44	3032	0	0	0	0
311	153	143	3070	0	0	0	0
159	66	67	3053	0	0	0	0
61	18	19	3029	0	0	0	0
178	108	80	3055	0	0	0	0
230	90	78	3043	0	0	0	0
72	31	19	3032	0	0	0	0
48	9	13	3018	0	0	0	0
166	109	54	3065	0	0	0	0
20	4	5	3019	0	0	0	0
15	15	5	3016	0	0	0	0
23	11	12	3010	0	0	0	0
100	46	29	3042	0	0	0	0
423	180	162	3124	0	0	0	0
43	33	13	3034	0	0	0	0
46	18	13	3025	0	0	0	0
263	95	99	3066	0	0	0	0
233	100	85	3054	0	0	0	0
225	105	106	3062	0	0	0	0
33	18	18	3026	0	0	0	0
45	21	26	3021	0	0	0	0
53	16	19	3013	0	0	0	0
64	28	40	3035	0	0	0	0
270	118	96	3052	0	0	0	0
46	34	24	3012	0	0	0	0
64	21	38	3031	0	0	0	0
35	24	13	3028	0	0	0	0
23	9	14	3014	0	0	0	0
77	40	35	3023	0	0	0	0
26	8	16	3013	0	0	0	0
17	10	6	3021	0	0	0	0
94	54	38	3033	0	0	0	0
56	15	20	3019	0	0	0	0
49	13	15	3024	0	0	0	0
166	57	67	3047	0	0	0	0
191	69	80	3043	0	0	0	0
130	51	39	3043	0	0	0	0
9	3	4	3009	0	0	0	0
41	11	16	3022	0	0	0	0
82	34	26	3021	0	0	0	0
58	37	22	3028	0	0	0	0
29	21	20	3024	0	0	0	0
3	1	3	3010	0	0	0	0
321	187	123	3082	0	0	0	0
65	29	27	3026	0	0	0	0
48	17	18	3016	0	0	0	0
361	151	158	3055	0	0	0	0
292	134	123	3055	0	0	0	0
298	121	94	3055	0	0	0	0
34	10	11	3014	0	0	0	0
269	141	109	3066	0	0	0	0
45	12	11	3025	0	0	0	0
29	16	5	3021	0	0	0	0
32	4	9	3020	0	0	0	0
84	27	29	3045	0	0	0	0
60	33	30	3032	0	0	0	0
163	89	71	3051	0	0	0	0
41	22	12	3020	0	0	0	0
238	103	93	3057	0	0	0	0
196	78	81	3051	0	0	0	0
129	45	43	3057	0	0	0	0
47	10	23	3024	0	0	0	0
13	3	2	3010	0	0	0	0
103	26	36	3029	0	0	0	0
303	116	104	3068	0	0	0	0
37	6	10	3024	0	0	0	0
37	23	14	3014	0	0	0	0
513	210	216	3118	0	0	0	0
38	16	8	3012	0	0	0	0
116	53	50	3025	0	0	0	0
10	6	3	3010	0	0	0	0
26	5	11	3015	0	0	0	0
49	9	16	3019	0	0	0	0
227	101	82	3043	0	0	0	0
153	68	66	3028	0	0	0	0
31	10	10	3016	0	0	0	0
83	38	33	3024	0	0	0	0
133	68	48	3027	0	0	0	0
22	14	16	3021	0	0	0	0
33	13	15	3022	0	0	0	0
167	58	51	3038	0	0	0	0
35	14	10	3014	0	0	0	0
84	31	40	3023	0	0	0	0
15	1	14	3009	0	0	0	0
184	88	70	3046	0	0	0	0
249	91	97	3081	0	0	0	0
287	118	106	3059	0	0	0	0
9	4	9	3015	0	0	0	0
254	97	94	3042	0	0	0	0
131	54	40	3036	0	0	0	0
69	39	26	3017	0	0	0	0
35	12	14	3020	0	0	0	0
285	138	119	3052	0	0	0	0
37	21	13	3018	0	0	0	0
202	81	86	3056	0	0	0	0
246	136	119	3092	0	0	0	0
185	102	89	3041	0	0	0	0
127	47	60	3039	0	0	0	0
127	70	57	3049	0	0	0	0
38	15	16	3018	0	0	0	0
124	57	47	3047	0	0	0	0
37	7	13	3022	0	0	0	0
142	77	75	3033	0	0	0	0
12	2	9	3010	0	0	0	0
204	116	78	3051	0	0	0	0
59	20	28	3023	0	0	0	0
179	59	60	3052	0	0	0	0
42	26	22	3016	0	0	0	0
119	60	55	3040	0	0	0	0
37	24	21	3023	0	0	0	0
24	6	13	3012	0	0	0	0
30	7	8	3012	0	0	0	0
13	2	3	3017	0	0	0	0
252	112	93	3061	0	0	0	0
331	140	137	3063	0	0	0	0
23	5	12	3013	0	0	0	0
282	121	104	3077	0	0	0	0
57	24	22	3029	0	0	0	0
288	153	91	3093	0	0	0	0
78	36	33	3029	0	0	0	0
209	90	80	3045	0	0	0	0
89	25	36	3018	0	0	0	0
61	35	32	3028	0	0	0	0
142	56	46	3041	0	0	0	0
86	42	28	3028	0	0	0	0
32	11	12	3016	0	0	0	0
75	23	24	3023	0	0	0	0
43	29	15	3022	0	0	0	0
199	80	80	3071	0	0	0	0
204	102	70	3056	0	0	0	0
190	68	67	3034	0	0	0	0
144	71	68	3049	0	0	0	0
337	135	104	3062	0	0	0	0
22	7	5	3013	0	0	0	0
281	115	122	3086	0	0	0	0
214	99	79	3060	0	0	0	0
260	120	91	3057	0	0	0	0
282	124	101	3045	0	0	0	0
129	77	39	3049	0	0	0	0
298	136	126	3082	0	0	0	0
228	121	106	3056	0	0	0	0
67	23	29	3020	0	0	0	0
12	3	3	3012	0	0	0	0
325	169	108	3056	0	0	0	0
288	134	117	3063	0	0	0	0
292	152	110	3081	0	0	0	0
43	25	24	3020	0	0	0	0
192	90	67	3052	0	0	0	0
461	215	175	3092	0	0	0	0
245	96	74	3050	0	0	0	0
25	14	4	3027	0	0	0	0
265	145	116	3048	0	0	0	0
87	49	33	3031	0	0	0	0
240	84	88	3070	0	0	0	0
23	16	10	3018	0	0	0	0
125	58	42	3030	0	0	0	0
314	132	136	3070	0	0	0	0
15	14	7	3010	0	0	0	0
323	146	127	3059	0	0	0	0
188	91	82	3049	0	0	0	0
148	61	62	3040	0	0	0	0
11	4	6	3010	0	0	0	0
336	131	120	3064	0	0	0	0
8	6	6	3015	0	0	0	0
479	178	181	3095	0	0	0	0
282	166	117	3070	0	0	0	0
30	4	12	3009	0	0	0	0
87	35	33	3030	0	0	0	0
15	7	5	3010	0	0	0	0
130	63	59	3051	0	0	0	0
53	15	16	3019	0	0	0	0
206	84	84	3063	0	0	0	0
188	94	83	3048	0	0	0	0
26	9	3	3014	0	0	0	0
267	124	100	3058	0	0	0	0
216	84	65	3047	0	0	0	0
49	21	20	3025	0	0	0	0
283	139	123	3066	0	0	0	0
33	12	19	3023	0	0	0	0
71	43	32	3021	0	0	0	0
191	98	73	3047	0	0	0	0
152	79	64	3048	0	0	0	0
170	84	67	3026	0	0	0	0
180	75	66	3044	0	0	0	0
299	149	111	3076	0	0	0	0
159	76	61	3050	0	0	0	0
133	72	65	3062	0	0	0	0
56	22	27	3024	0	0	0	0
38	16	17	3024	0	0	0	0
84	37	33	3029	0	0	0	0
128	52	43	3018	0	0	0	0
32	18	20	3013	0	0	0	0
150	71	47	3045	0	0	0	0
196	83	85	3061	0	0	0	0
108	43	37	3039	0	0	0	0
53	21	17	3019	0	0	0	0
304	118	100	3085	0	0	0	0
199	85	86	3052	0	0	0	0
260	155	122	3064	0	0	0	0
343	151	134	3074	0	0	0	0
5	3	2	3010	0	0	0	0
119	84	60	3056	0	0	0	0
35	12	15	3018	0	0	0	0
112	61	50	3025	0	0	0	0
57	26	21	3017	0	0	0	0
76	44	39	3031	0	0	0	0
203	73	73	3045	0	0	0	0
435	185	171	3099	0	0	0	0
278	157	115	3072	0	0	0	0
3	1	4	3010	0	0	0	0
5	2	7	3016	0	0	0	0
73	46	29	3022	0	0	0	0
7	2	3	3011	0	0	0	0
120	58	51	3033	0	0	0	0
215	95	82	3050	0	0	0	0
194	107	70	3056	0	0	0	0
188	87	80	3039	0	0	0	0
160	52	59	3044	0	0	0	0
20	3	7	3013	0	0	0	0
29	14	13	3014	0	0	0	0
5	1	4	3013	0	0	0	0
262	133	108	3060	0	0	0	0
210	67	94	3070	0	0	0	0
177	104	68	3065	0	0	0	0
108	41	38	3019	0	0	0	0
269	112	104	3067	0	0	0	0
199	105	67	3053	0	0	0	0
8	4	4	3010	0	0	0	0
129	37	57	3029	0	0	0	0
23	9	10	3014	0	0	0	0
41	12	11	3020	0	0	0	0
9	2	2	3016	0	0	0	0
338	104	134	3064	0	0	0	0
287	127	122	3057	0	0	0	0
126	52	55	3030	0	0	0	0
168	86	56	3050	0	0	0	0
15	8	3	3016	0	0	0	0
281	130	89	3050	0	0	0	0
222	127	92	3038	0	0	0	0
259	75	75	3061	0	0	0	0
170	101	86	3050	0	0	0	0
70	35	26	3027	0	0	0	0
177	66	62	3038	0	0	0	0
51	11	12	3028	0	0	0	0
7	1	3	3013	0	0	0	0
284	150	118	3072	0	0	0	0
295	138	105	3081	0	0	0	0
165	81	80	3046	0	0	0	0
21	11	7	3015	0	0	0	0
22	10	5	3019	0	0	0	0
89	43	39	3031	0	0	0	0
57	20	18	3023	0	0	0	0
220	105	90	3055	0	0	0	0
168	64	58	3054	0	0	0	0
346	173	121	3066	0	0	0	0
64	36	40	3032	0	0	0	0
31	23	16	3020	0	0	0	0
8	1	4	3012	0	0	0	0
303	113	132	3059	0	0	0	0
144	73	58	3035	0	0	0	0
35	19	16	3013	0	0	0	0
178	52	44	3041	0	0	0	0
104	32	36	3031	0	0	0	0
15	0	2	3014	0	0	0	0
156	59	58	3036	0	0	0	0
25	13	13	3017	0	0	0	0
176	50	60	3045	0	0	0	0
23	9	9	3013	0	0	0	0
402	179	148	3092	0	0	0	0
36	13	18	3014	0	0	0	0
314	150	130	3054	0	0	0	0
267	109	105	3070	0	0	0	0
12	4	4	3010	0	0	0	0
169	86	56	3040	0	0	0	0
256	90	90	3061	0	0	0	0
190	82	53	3058	0	0	0	0
238	90	75	3057	0	0	0	0
157	81	76	3042	0	0	0	0
111	42	30	3032	0	0	0	0
52	35	26	3017	0	0	0	0
305	146	144	3062	0	0	0	0
241	127	105	3039	0	0	0	0
4	1	2	3012	0	0	0	0
327	164	145	3065	0	0	0	0
66	32	30	3029	0	0	0	0
61	13	19	3024	0	0	0	0
34	12	8	3020	0	0	0	0
94	46	37	3034	0	0	0	0
38	19	13	3013	0	0	0	0
14	1	5	3017	0	0	0	0
100	40	27	3031	0	0	0	0
30	8	9	3015	0	0	0	0
214	89	73	3042	0	0	0	0
7	6	0	3012	0	0	0	0
238	96	92	3063	0	0	0	0
347	151	150	3085	0	0	0	0
183	79	70	3060	0	0	0	0
241	120	114	3061	0	0	0	0
110	43	42	3039	0	0	0	0
452	199	195	3085	0	0	0	0
173	80	75	3034	0	0	0	0
291	109	137	3083	0	0	0	0
212	85	72	3049	0	0	0	0
76	38	36	3018	0	0	0	0
25	11	8	3022	0	0	0	0
4	0	1	3010	0	0	0	0
40	21	15	3024	0	0	0	0
15	3	4	3015	0	0	0	0
362	202	163	3115	0	0	0	0
274	110	88	3074	0	0	0	0
38	9	13	3015	0	0	0	0
194	106	79	3040	0	0	0	0
190	81	62	3049	0	0	0	0
4	1	1	3011	0	0	0	0
6	5	3	3014	0	0	0	0
395	186	134	3089	0	0	0	0
149	90	82	3053	0	0	0	0
255	118	88	3047	0	0	0	0
14	9	5	3017	0	0	0	0
150	64	76	3051	0	0	0	0
43	25	15	3019	0	0	0	0
18	5	6	3012	0	0	0	0
376	156	129	3075	0	0	0	0
170	76	60	3039	0	0	0	0
6	2	4	3014	0	0	0	0
204	88	91	3046	0	0	0	0
441	199	160	3075	0	0	0	0
207	90	68	3058	0	0	0	0
153	82	65	3059	0	0	0	0
274	165	94	3049	0	0	0	0
33	15	10	3017	0	0	0	0
7	1	3	3012	0	0	0	0
267	123	119	3064	0	0	0	0
59	20	20	3022	0	0	0	0
179	95	68	3048	0	0	0	0
314	131	106	3088	0	0	0	0
11	3	1	3013	0	0	0	0
130	83	52	3039	0	0	0	0
50	14	11	3014	0	0	0	0
43	25	18	3019	0	0	0	0
111	61	39	3030	0	0	0	0
117	44	42	3044	0	0	0	0
316	133	135	3069	0	0	0	0
138	43	76	3030	0	0	0	0
39	10	5	3022	0	0	0	0
306	136	104	3071	0	0	0	0
44	27	30	3019	0	0	0	0
206	100	78	3047	0	0	0	0
151	66	58	3029	0	0	0	0
90	70	47	3026	0	0	0	0
38	13	11	3027	0	0	0	0
25	21	5	3021	0	0	0	0
28	9	9	3015	0	0	0	0
13	6	2	3013	0	0	0	0
45	22	19	3022	0	0	0	0
130	55	64	3033	0	0	0	0
129	73	48	3032	0	0	0	0
253	139	87	3050	0	0	0	0
26	28	17	3026	0	0	0	0
223	93	98	3048	0	0	0	0
123	59	53	3058	0	0	0	0
256	121	82	3065	0	0	0	0
245	144	110	3042	0	0	0	0
122	58	40	3034	0	0	0	0
232	80	103	3041	0	0	0	0
291	126	87	3056	0	0	0	0
84	53	52	3043	0	0	0	0
74	29	37	3016	0	0	0	0
275	115	115	3056	0	0	0	0
129	63	47	3058	0	0	0	0
7	1	4	3012	0	0	0	0
206	102	84	3071	0	0	0	0
179	77	42	3054	0	0	0	0
85	23	23	3024	0	0	0	0
75	38	27	3031	0	0	0	0
5	1	4	3010	0	0	0	0
22	5	6	3012	0	0	0	0
155	58	61	3033	0	0	0	0
304	164	131	3068	0	0	0	0
66	28	17	3025	0	0	0	0
150	52	54	3047	0	0	0	0
54	12	24	3016	0	0	0	0
331	147	128	3065	0	0	0	0
152	51	69	3027	0	0	0	0
248	115	90	3046	0	0	0	0
215	85	68	3044	0	0	0	0
288	106	103	3061	0	0	0	0
41	8	12	3014	0	0	0	0
80	35	26	3028	0	0	0	0
106	51	65	3034	0	0	0	0
274	119	113	3048	0	0	0	0
371	147	124	3056	0	0	0	0
42	21	25	3025	0	0	0	0
84	51	39	3032	0	0	0	0
3	0	2	3011	0	0	0	0
98	32	39	3045	0	0	0	0
335	143	150	3102	0	0	0	0
19	7	7	3012	0	0	0	0
7	1	4	3011	0	0	0	0
81	30	37	3029	0	0	0	0
28	5	14	3011	0	0	0	0
34	27	13	3016	0	0	0	0
67	35	49	3024	0	0	0	0
58	24	19	3026	0	0	0	0
75	30	39	3025	0	0	0	0
353	167	145	3073	0	0	0	0
136	61	59	3026	0	0	0	0
140	53	58	3048	0	0	0	0
33	5	7	3016	0	0	0	0
326	143	153	3064	0	0	0	0
126	48	41	3023	0	0	0	0
198	65	92	3040	0	0	0	0
201	83	84	3070	0	0	0	0
329	134	126	3064	0	0	0	0
218	107	112	3052	0	0	0	0
256	128	79	3078	0	0	0	0
95	42	34	3024	0	0	0	0
59	25	39	3027	0	0	0	0
167	66	70	3034	0	0	0	0
242	128	101	3049	0	0	0	0
69	24	15	3024	0	0	0	0
117	42	46	3026	0	0	0	0
34	24	16	3017	0	0	0	0
157	96	87	3027	0	0	0	0
81	34	30	3013	0	0	0	0
154	86	82	3040	0	0	0	0
298	123	150	3073	0	0	0	0
308	127	130	3074	0	0	0	0
64	31	27	3025	0	0	0	0
187	73	90	3048	0	0	0	0
103	78	61	3021	0	0	0	0
35	11	9	3018	0	0	0	0
295	135	95	3081	0	0	0	0
75	40	39	3021	0	0	0	0
56	21	17	3024	0	0	0	0
35	9	6	3015	0	0	0	0
97	54	34	3038	0	0	0	0
83	37	45	3030	0	0	0	0
309	145	116	3087	0	0	0	0
17	1	6	3010	0	0	0	0
110	50	63	3052	0	0	0	0
198	76	77	3051	0	0	0	0
7	4	2	3013	0	0	0	0
212	121	79	3071	0	0	0	0
84	40	36	3015	0	0	0	0
235	113	96	3057	0	0	0	0
74	30	34	3043	0	0	0	0
22	6	5	3014	0	0	0	0
12	9	8	3015	0	0	0	0
167	70	86	3037	0	0	0	0
189	57	76	3043	0	0	0	0
109	66	60	3037	0	0	0	0
167	62	56	3037	0	0	0	0
131	55	46	3045	0	0	0	0
141	63	59	3048	0	0	0	0
32	12	12	3024	0	0	0	0
268	114	106	3065	0	0	0	0
101	54	51	3039	0	0	0	0
33	15	17	3020	0	0	0	0
172	116	83	3063	0	0	0	0
218	89	106	3054	0	0	0	0
382	198	150	3074	0	0	0	0
33	20	15	3022	0	0	0	0
97	53	42	3020	0	0	0	0
199	83	67	3056	0	0	0	0
300	107	120	3073	0	0	0	0
147	76	71	3040	0	0	0	0
143	67	65	3040	0	0	0	0
6	2	0	3014	0	0	0	0
185	106	95	3042	0	0	0	0
31	7	14	3016	0	0	0	0
77	37	34	3018	0	0	0	0
55	19	18	3023	0	0	0	0
14	6	7	3016	0	0	0	0
82	40	42	3022	0	0	0	0
262	101	105	3057	0	0	0	0
84	36	24	3030	0	0	0	0
20	8	7	3016	0	0	0	0
73	47	42	3030	0	0	0	0
63	40	23	3023	0	0	0	0
294	148	123	3082	0	0	0	0
79	38	30	3033	0	0	0	0
18	10	13	3019	0	0	0	0
166	43	63	3038	0	0	0	0
417	167	143	3094	0	0	0	0
210	81	71	3049	0	0	0	0
94	38	45	3040	0	0	0	0
21	5	6	3017	0	0	0	0
168	62	70	3035	0	0	0	0
362	169	130	3072	0	0	0	0
94	31	39	3022	0	0	0	0
19	4	4	3009	0	0	0	0
46	9	19	3018	0	0	0	0
253	176	101	3076	0	0	0	0
82	32	27	3033	0	0	0	0
268	107	108	3052	0	0	0	0
94	47	37	3023	0	0	0	0
