14	3	2	1006	0	0	0	0
69	37	39	1027	0	0	0	0
0	0	1	1004	0	0	0	0
125	49	46	1025	0	0	0	0
2	4	4	1004	0	0	0	0
16	11	5	1007	0	0	0	0
199	109	78	1042	0	0	0	0
78	34	34	1020	0	0	0	0
21	8	13	1006	0	0	0	0
57	31	35	1010	0	0	0	0
11	5	6	1005	0	0	0	0
134	83	66	1031	0	0	0	0
1	1	3	1005	0	0	0	0
71	38	45	1018	0	0	0	0
27	20	14	1014	0	0	0	0
11	1	5	1006	0	0	0	0
197	87	85	1033	0	0	0	0
8	8	7	1009	0	0	0	0
9	0	2	1005	0	0	0	0
261	134	92	1043	0	0	0	0
1	0	0	1007	0	0	0	0
209	155	87	1034	0	0	0	0
17	4	3	1009	0	0	0	0
12	3	1	1007	0	0	0	0
6	1	3	1006	0	0	0	0
33	11	14	1009	0	0	0	0
1	0	0	1004	0	0	0	0
114	53	57	1023	0	0	0	0
116	47	46	1030	0	0	0	0
114	62	56	1026	0	0	0	0
476	206	184	1076	0	0	0	0
13	1	7	1005	0	0	0	0
33	17	5	1006	0	0	0	0
74	39	41	1013	0	0	0	0
347	151	143	1054	0	0	0	0
392	178	191	1080	0	0	0	0
2	0	1	1004	0	0	0	0
1	2	1	1004	0	0	0	0
173	102	69	1025	0	0	0	0
169	66	77	1036	0	0	0	0
47	33	25	1013	0	0	0	0
320	162	109	1064	0	0	0	0
16	5	4	1005	0	0	0	0
29	12	12	1009	0	0	0	0
1	2	3	1014	0	0	0	0
7	1	2	1012	0	0	0	0
189	110	64	1047	0	0	0	0
94	45	32	1014	0	0	0	0
310	129	117	1050	0	0	0	0
194	112	98	1053	0	0	0	0
34	21	18	1009	0	0	0	0
1	0	0	1004	0	0	0	0
601	336	255	1108	0	0	0	0
128	49	48	1034	0	0	0	0
28	6	14	1006	0	0	0	0
360	155	151	1078	0	0	0	0
426	243	159	1072	0	0	0	0
295	139	116	1063	0	0	0	0
9	9	5	1009	0	0	0	0
340	179	130	1051	0	0	0	0
164	88	59	1021	0	0	0	0
1	0	2	1004	0	0	0	0
18	7	15	1008	0	0	0	0
6	10	1	1008	0	0	0	0
97	41	33	1026	0	0	0	0
143	64	63	1018	0	0	0	0
166	46	66	1022	0	0	0	0
107	39	49	1025	0	0	0	0
0	0	0	1004	0	0	0	0
4	2	2	1005	0	0	0	0
10	3	2	1007	0	0	0	0
64	19	18	1020	0	0	0	0
11	2	4	1007	0	0	0	0
34	17	19	1006	0	0	0	0
544	288	233	1107	0	0	0	0
2	0	0	1004	0	0	0	0
262	128	84	1022	0	0	0	0
188	116	69	1039	0	0	0	0
266	150	115	1036	0	0	0	0
31	27	13	1010	0	0	0	0
19	9	4	1010	0	0	0	0
161	96	67	1042	0	0	0	0
1	0	0	1004	0	0	0	0
265	131	100	1071	0	0	0	0
14	5	6	1010	0	0	0	0
275	130	85	1053	0	0	0	0
16	4	5	1007	0	0	0	0
14	6	3	1011	0	0	0	0
147	65	75	1028	0	0	0	0
71	41	45	1026	0	0	0	0
4	1	6	1007	0	0	0	0
196	123	73	1030	0	0	0	0
489	222	206	1083	0	0	0	0
498	210	214	1083	0	0	0	0
178	93	61	1036	0	0	0	0
51	30	28	1012	0	0	0	0
133	83	60	1035	0	0	0	0
0	0	0	1004	0	0	0	0
14	7	3	1010	0	0	0	0
7	0	5	1006	0	0	0	0
6	2	1	1005	0	0	0	0
2	0	0	1005	0	0	0	0
47	14	15	1013	0	0	0	0
165	71	69	1032	0	0	0	0
23	13	15	1010	0	0	0	0
123	82	53	1023	0	0	0	0
2	3	2	1005	0	0	0	0
14	1	2	1007	0	0	0	0
62	24	15	1015	0	0	0	0
1	0	0	1004	0	0	0	0
194	106	79	1036	0	0	0	0
175	66	95	1025	0	0	0	0
8	1	3	1005	0	0	0	0
262	138	110	1055	0	0	0	0
112	67	62	1041	0	0	0	0
236	101	85	1050	0	0	0	0
420	232	189	1073	0	0	0	0
3	2	1	1006	0	0	0	0
6	4	2	1006	0	0	0	0
0	0	0	1005	0	0	0	0
25	13	11	1004	0	0	0	0
149	74	63	1033	0	0	0	0
5	1	0	1004	0	0	0	0
3	1	0	1006	0	0	0	0
186	93	90	1040	0	0	0	0
218	136	104	1032	0	0	0	0
34	9	8	1015	0	0	0	0
10	2	2	1005	0	0	0	0
6	0	0	1006	0	0	0	0
331	173	140	1070	0	0	0	0
12	2	4	1009	0	0	0	0
308	173	140	1038	0	0	0	0
0	0	1	1004	0	0	0	0
78	32	23	1021	0	0	0	0
419	187	206	1086	0	0	0	0
116	54	38	1024	0	0	0	0
1	0	0	1004	0	0	0	0
52	29	19	1007	0	0	0	0
373	164	163	1073	0	0	0	0
107	40	37	1023	0	0	0	0
222	153	101	1046	0	0	0	0
255	137	98	1048	0	0	0	0
163	79	53	1033	0	0	0	0
14	6	6	1007	0	0	0	0
252	137	95	1040	0	0	0	0
240	85	94	1042	0	0	0	0
48	33	24	1012	0	0	0	0
203	112	77	1038	0	0	0	0
32	18	17	1015	0	0	0	0
74	46	36	1028	0	0	0	0
16	15	12	1007	0	0	0	0
7	7	2	1005	0	0	0	0
0	0	1	1004	0	0	0	0
7	3	3	1012	0	0	0	0
552	263	197	1079	0	0	0	0
176	98	81	1030	0	0	0	0
170	88	96	1035	0	0	0	0
189	84	75	1030	0	0	0	0
70	23	37	1015	0	0	0	0
16	4	8	1005	0	0	0	0
394	189	182	1073	0	0	0	0
9	3	4	1004	0	0	0	0
1	0	0	1006	0	0	0	0
3	1	1	1004	0	0	0	0
6	2	2	1009	0	0	0	0
28	19	10	1018	0	0	0	0
20	14	19	1013	0	0	0	0
2	0	0	1004	0	0	0	0
435	218	174	1058	0	0	0	0
261	113	105	1060	0	0	0	0
8	4	0	1010	0	0	0	0
1	4	3	1007	0	0	0	0
33	12	4	1009	0	0	0	0
195	84	77	1041	0	0	0	0
403	266	178	1092	0	0	0	0
10	6	3	1006	0	0	0	0
341	157	139	1063	0	0	0	0
80	53	37	1023	0	0	0	0
348	182	144	1057	0	0	0	0
235	138	90	1040	0	0	0	0
1	0	1	1009	0	0	0	0
216	95	74	1038	0	0	0	0
19	9	14	1016	0	0	0	0
146	71	57	1025	0	0	0	0
197	111	61	1021	0	0	0	0
14	7	7	1008	0	0	0	0
113	62	46	1018	0	0	0	0
24	22	15	1009	0	0	0	0
1	2	0	1005	0	0	0	0
8	2	3	1004	0	0	0	0
97	62	57	1024	0	0	0	0
434	219	209	1064	0	0	0	0
284	141	103	1034	0	0	0	0
231	121	94	1046	0	0	0	0
376	163	158	1066	0	0	0	0
199	95	82	1047	0	0	0	0
7	1	1	1006	0	0	0	0
65	51	28	1018	0	0	0	0
308	97	113	1033	0	0	0	0
4	0	0	1005	0	0	0	0
554	220	216	1088	0	0	0	0
228	144	77	1041	0	0	0	0
163	92	63	1034	0	0	0	0
6	1	5	1004	0	0	0	0
11	2	2	1007	0	0	0	0
217	88	102	1035	0	0	0	0
128	46	42	1044	0	0	0	0
142	79	65	1023	0	0	0	0
10	1	5	1005	0	0	0	0
282	148	107	1041	0	0	0	0
166	66	72	1034	0	0	0	0
42	12	11	1020	0	0	0	0
223	143	83	1034	0	0	0	0
178	101	82	1026	0	0	0	0
2	1	1	1005	0	0	0	0
256	107	103	1048	0	0	0	0
436	217	207	1067	0	0	0	0
119	51	47	1025	0	0	0	0
10	3	1	1010	0	0	0	0
147	78	67	1014	0	0	0	0
2	0	0	1004	0	0	0	0
9	13	2	1006	0	0	0	0
501	238	180	1084	0	0	0	0
152	114	74	1034	0	0	0	0
361	152	168	1058	0	0	0	0
2	0	1	1004	0	0	0	0
5	2	1	1008	0	0	0	0
1	0	0	1004	0	0	0	0
385	190	140	1079	0	0	0	0
453	226	202	1133	0	0	0	0
331	158	152	1067	0	0	0	0
36	10	26	1014	0	0	0	0
24	10	7	1008	0	0	0	0
67	23	20	1018	0	0	0	0
53	26	19	1008	0	0	0	0
10	4	4	1004	0	0	0	0
9	10	4	1005	0	0	0	0
58	32	23	1011	0	0	0	0
42	28	20	1012	0	0	0	0
107	47	31	1025	0	0	0	0
209	123	80	1054	0	0	0	0
0	0	0	1004	0	0	0	0
308	153	115	1061	0	0	0	0
235	102	94	1040	0	0	0	0
23	16	15	1009	0	0	0	0
113	61	57	1022	0	0	0	0
8	2	2	1004	0	0	0	0
103	85	47	1027	0	0	0	0
80	43	36	1020	0	0	0	0
52	13	11	1016	0	0	0	0
3	1	1	1004	0	0	0	0
42	12	9	1013	0	0	0	0
14	3	10	1010	0	0	0	0
69	20	19	1013	0	0	0	0
241	142	102	1050	0	0	0	0
155	74	75	1017	0	0	0	0
109	58	48	1024	0	0	0	0
1	0	0	1004	0	0	0	0
0	0	1	1004	0	0	0	0
234	131	94	1040	0	0	0	0
1	1	3	1006	0	0	0	0
18	6	5	1011	0	0	0	0
7	4	6	1006	0	0	0	0
23	13	20	1006	0	0	0	0
42	11	13	1009	0	0	0	0
2	1	2	1007	0	0	0	0
247	145	95	1048	0	0	0	0
2	3	3	1004	0	0	0	0
47	25	21	1016	0	0	0	0
23	13	5	1008	0	0	0	0
106	57	39	1025	0	0	0	0
370	215	132	1074	0	0	0	0
177	110	58	1032	0	0	0	0
1	0	0	1004	0	0	0	0
359	156	161	1064	0	0	0	0
246	124	137	1045	0	0	0	0
492	239	203	1072	0	0	0	0
317	134	135	1044	0	0	0	0
0	0	3	1006	0	0	0	0
8	0	2	1005	0	0	0	0
4	0	2	1005	0	0	0	0
141	57	55	1024	0	0	0	0
50	22	17	1013	0	0	0	0
34	10	14	1011	0	0	0	0
326	138	136	1052	0	0	0	0
2	0	1	1004	0	0	0	0
33	7	12	1016	0	0	0	0
22	18	10	1012	0	0	0	0
293	136	121	1057	0	0	0	0
3	0	1	1006	0	0	0	0
90	53	36	1016	0	0	0	0
52	32	12	1020	0	0	0	0
320	166	142	1077	0	0	0	0
25	5	6	1010	0	0	0	0
2	2	0	1007	0	0	0	0
160	80	55	1013	0	0	0	0
22	13	12	1006	0	0	0	0
330	181	138	1067	0	0	0	0
26	11	17	1009	0	0	0	0
354	172	146	1056	0	0	0	0
27	3	9	1008	0	0	0	0
4	0	4	1004	0	0	0	0
23	7	6	1014	0	0	0	0
59	52	34	1012	0	0	0	0
191	84	106	1040	0	0	0	0
606	329	250	1084	0	0	0	0
89	35	43	1022	0	0	0	0
8	0	3	1005	0	0	0	0
0	0	0	1005	0	0	0	0
140	70	59	1041	0	0	0	0
161	98	74	1040	0	0	0	0
12	1	8	1005	0	0	0	0
66	23	28	1024	0	0	0	0
1	0	1	1004	0	0	0	0
63	28	20	1013	0	0	0	0
0	0	0	1004	0	0	0	0
41	10	10	1011	0	0	0	0
19	16	10	1009	0	0	0	0
12	9	10	1009	0	0	0	0
235	126	91	1044	0	0	0	0
2	1	0	1007	0	0	0	0
237	104	104	1051	0	0	0	0
230	91	100	1052	0	0	0	0
0	0	0	1005	0	0	0	0
102	46	36	1028	0	0	0	0
7	1	2	1007	0	0	0	0
40	13	10	1011	0	0	0	0
156	45	50	1028	0	0	0	0
20	2	9	1004	0	0	0	0
269	124	109	1049	0	0	0	0
203	80	78	1028	0	0	0	0
57	36	27	1022	0	0	0	0
228	114	96	1046	0	0	0	0
0	1	0	1006	0	0	0	0
337	177	160	1068	0	0	0	0
44	15	15	1012	0	0	0	0
83	50	30	1020	0	0	0	0
12	5	5	1011	0	0	0	0
182	72	69	1027	0	0	0	0
228	125	95	1022	0	0	0	0
29	6	15	1014	0	0	0	0
93	63	51	1028	0	0	0	0
310	158	114	1047	0	0	0	0
343	183	153	1059	0	0	0	0
258	106	123	1060	0	0	0	0
198	104	93	1053	0	0	0	0
2	2	2	1005	0	0	0	0
2	2	2	1005	0	0	0	0
340	182	150	1051	0	0	0	0
9	3	3	1007	0	0	0	0
113	56	40	1026	0	0	0	0
4	0	1	1006	0	0	0	0
4	0	0	1004	0	0	0	0
5	0	1	1005	0	0	0	0
34	17	11	1008	0	0	0	0
99	48	41	1020	0	0	0	0
118	45	38	1018	0	0	0	0
16	7	1	1009	0	0	0	0
291	139	130	1051	0	0	0	0
1	0	2	1004	0	0	0	0
193	89	85	1045	0	0	0	0
18	4	7	1004	0	0	0	0
83	37	39	1023	0	0	0	0
120	63	74	1022	0	0	0	0
205	120	103	1039	0	0	0	0
33	18	17	1016	0	0	0	0
4	0	0	1006	0	0	0	0
14	5	10	1007	0	0	0	0
13	5	7	1012	0	0	0	0
352	146	143	1051	0	0	0	0
4	0	0	1004	0	0	0	0
333	153	125	1046	0	0	0	0
7	0	1	1006	0	0	0	0
0	0	0	1005	0	0	0	0
290	104	121	1041	0	0	0	0
111	48	32	1031	0	0	0	0
294	158	132	1063	0	0	0	0
260	162	145	1064	0	0	0	0
359	154	164	1047	0	0	0	0
4	1	0	1006	0	0	0	0
175	100	64	1031	0	0	0	0
31	9	9	1023	0	0	0	0
7	5	4	1004	0	0	0	0
2	0	0	1004	0	0	0	0
22	9	7	1009	0	0	0	0
416	207	180	1054	0	0	0	0
3	1	0	1006	0	0	0	0
434	174	179	1077	0	0	0	0
392	207	153	1082	0	0	0	0
6	1	2	1007	0	0	0	0
166	89	84	1032	0	0	0	0
29	10	11	1010	0	0	0	0
141	73	71	1037	0	0	0	0
3	1	0	1007	0	0	0	0
4	3	1	1009	0	0	0	0
466	189	186	1083	0	0	0	0
8	3	3	1007	0	0	0	0
1	0	0	1005	0	0	0	0
29	8	9	1012	0	0	0	0
473	274	202	1046	0	0	0	0
4	6	3	1010	0	0	0	0
24	21	14	1010	0	0	0	0
60	26	20	1015	0	0	0	0
151	85	68	1042	0	0	0	0
285	169	118	1080	0	0	0	0
44	32	26	1021	0	0	0	0
3	4	1	1006	0	0	0	0
9	1	2	1004	0	0	0	0
374	207	154	1052	0	0	0	0
234	105	74	1032	0	0	0	0
547	279	222	1084	0	0	0	0
218	94	77	1037	0	0	0	0
342	154	125	1065	0	0	0	0
532	241	213	1068	0	0	0	0
15	8	4	1008	0	0	0	0
2	0	2	1005	0	0	0	0
175	83	82	1028	0	0	0	0
268	118	116	1043	0	0	0	0
47	18	9	1010	0	0	0	0
273	126	98	1061	0	0	0	0
3	1	4	1005	0	0	0	0
10	7	6	1006	0	0	0	0
263	174	125	1045	0	0	0	0
1	0	0	1004	0	0	0	0
44	37	7	1014	0	0	0	0
5	3	3	1004	0	0	0	0
208	109	106	1046	0	0	0	0
40	21	16	1012	0	0	0	0
242	119	102	1041	0	0	0	0
265	133	115	1045	0	0	0	0
263	125	118	1045	0	0	0	0
1	0	2	1004	0	0	0	0
232	156	114	1033	0	0	0	0
5	11	4	1004	0	0	0	0
294	120	119	1047	0	0	0	0
14	6	4	1006	0	0	0	0
337	147	146	1064	0	0	0	0
31	9	17	1009	0	0	0	0
196	93	83	1045	0	0	0	0
217	115	82	1042	0	0	0	0
47	16	12	1009	0	0	0	0
5	2	2	1007	0	0	0	0
6	2	1	1005	0	0	0	0
2	0	0	1004	0	0	0	0
235	129	97	1036	0	0	0	0
9	0	1	1007	0	0	0	0
488	250	195	1111	0	0	0	0
205	133	102	1050	0	0	0	0
218	95	88	1032	0	0	0	0
53	30	25	1012	0	0	0	0
4	2	0	1005	0	0	0	0
9	5	5	1005	0	0	0	0
72	26	25	1013	0	0	0	0
0	0	0	1004	0	0	0	0
10	5	6	1011	0	0	0	0
3	0	1	1006	0	0	0	0
2	0	0	1005	0	0	0	0
25	9	12	1013	0	0	0	0
4	1	2	1008	0	0	0	0
94	36	48	1024	0	0	0	0
59	23	32	1011	0	0	0	0
422	220	168	1061	0	0	0	0
12	2	1	1008	0	0	0	0
18	9	7	1007	0	0	0	0
7	1	2	1004	0	0	0	0
11	7	7	1007	0	0	0	0
176	100	90	1027	0	0	0	0
58	24	30	1017	0	0	0	0
5	1	3	1004	0	0	0	0
26	6	8	1008	0	0	0	0
317	164	144	1045	0	0	0	0
17	12	5	1005	0	0	0	0
14	14	6	1005	0	0	0	0
179	84	65	1020	0	0	0	0
265	120	100	1034	0	0	0	0
258	125	91	1051	0	0	0	0
60	33	19	1021	0	0	0	0
4	1	0	1004	0	0	0	0
337	158	156	1074	0	0	0	0
2	0	4	1004	0	0	0	0
330	214	190	1058	0	0	0	0
147	72	49	1023	0	0	0	0
17	14	8	1007	0	0	0	0
72	42	31	1016	0	0	0	0
251	136	92	1037	0	0	0	0
18	15	8	1013	0	0	0	0
16	10	8	1006	0	0	0	0
419	217	160	1055	0	0	0	0
19	5	5	1012	0	0	0	0
0	0	0	1004	0	0	0	0
162	74	51	1027	0	0	0	0
80	47	29	1029	0	0	0	0
7	11	7	1009	0	0	0	0
10	5	5	1008	0	0	0	0
7	4	2	1008	0	0	0	0
34	39	21	1013	0	0	0	0
72	45	43	1015	0	0	0	0
4	1	1	1004	0	0	0	0
57	30	14	1016	0	0	0	0
2	1	2	1004	0	0	0	0
7	1	1	1005	0	0	0	0
3	0	1	1004	0	0	0	0
3	0	2	1004	0	0	0	0
51	28	19	1011	0	0	0	0
5	1	0	1005	0	0	0	0
2	1	3	1006	0	0	0	0
29	3	8	1015	0	0	0	0
311	145	107	1042	0	0	0	0
241	124	97	1044	0	0	0	0
3	0	1	1004	0	0	0	0
4	0	1	1005	0	0	0	0
2	3	0	1009	0	0	0	0
1	0	1	1004	0	0	0	0
297	146	135	1068	0	0	0	0
1	0	0	1004	0	0	0	0
4	0	1	1005	0	0	0	0
113	67	53	1016	0	0	0	0
2	0	0	1004	0	0	0	0
4	0	4	1006	0	0	0	0
21	8	6	1009	0	0	0	0
3	5	2	1005	0	0	0	0
153	90	64	1036	0	0	0	0
10	1	4	1008	0	0	0	0
263	122	115	1033	0	0	0	0
9	2	1	1006	0	0	0	0
187	95	74	1022	0	0	0	0
27	7	4	1007	0	0	0	0
207	97	63	1035	0	0	0	0
10	1	5	1006	0	0	0	0
174	96	72	1031	0	0	0	0
15	10	8	1005	0	0	0	0
7	4	4	1005	0	0	0	0
2	1	3	1005	0	0	0	0
20	5	7	1010	0	0	0	0
341	130	142	1049	0	0	0	0
219	115	92	1056	0	0	0	0
311	161	132	1045	0	0	0	0
189	106	94	1046	0	0	0	0
258	132	116	1054	0	0	0	0
8	0	5	1004	0	0	0	0
50	28	26	1005	0	0	0	0
227	122	86	1037	0	0	0	0
33	31	9	1008	0	0	0	0
270	131	106	1061	0	0	0	0
11	17	9	1005	0	0	0	0
48	29	18	1012	0	0	0	0
7	2	2	1008	0	0	0	0
1	2	0	1004	0	0	0	0
213	107	84	1033	0	0	0	0
155	55	72	1029	0	0	0	0
307	146	139	1053	0	0	0	0
5	2	0	1006	0	0	0	0
7	4	2	1007	0	0	0	0
30	18	10	1010	0	0	0	0
3	0	0	1009	0	0	0	0
377	191	152	1055	0	0	0	0
308	131	118	1036	0	0	0	0
375	183	152	1049	0	0	0	0
0	0	0	1004	0	0	0	0
35	13	8	1007	0	0	0	0
16	9	6	1005	0	0	0	0
42	52	14	1015	0	0	0	0
19	13	14	1008	0	0	0	0
130	80	51	1030	0	0	0	0
256	126	76	1036	0	0	0	0
144	78	62	1033	0	0	0	0
39	32	16	1010	0	0	0	0
448	182	167	1078	0	0	0	0
167	50	73	1037	0	0	0	0
1	0	0	1005	0	0	0	0
6	4	3	1006	0	0	0	0
34	25	16	1022	0	0	0	0
89	47	40	1020	0	0	0	0
474	191	174	1091	0	0	0	0
244	122	97	1065	0	0	0	0
234	131	74	1036	0	0	0	0
58	25	23	1016	0	0	0	0
2	0	1	1004	0	0	0	0
50	21	18	1008	0	0	0	0
2	0	0	1005	0	0	0	0
5	1	0	1004	0	0	0	0
105	43	34	1025	0	0	0	0
0	0	0	1004	0	0	0	0
47	21	22	1012	0	0	0	0
280	151	104	1047	0	0	0	0
8	5	3	1007	0	0	0	0
2	0	0	1005	0	0	0	0
215	94	80	1036	0	0	0	0
198	106	85	1056	0	0	0	0
20	7	10	1008	0	0	0	0
109	54	41	1032	0	0	0	0
4	4	3	1008	0	0	0	0
12	3	5	1010	0	0	0	0
6	0	4	1005	0	0	0	0
42	27	12	1014	0	0	0	0
217	98	96	1027	0	0	0	0
14	1	2	1006	0	0	0	0
10	2	1	1007	0	0	0	0
192	98	87	1018	0	0	0	0
8	3	4	1007	0	0	0	0
13	6	6	1006	0	0	0	0
182	95	76	1031	0	0	0	0
325	144	130	1058	0	0	0	0
287	122	120	1055	0	0	0	0
317	159	107	1042	0	0	0	0
4	0	0	1005	0	0	0	0
64	26	20	1024	0	0	0	0
256	134	102	1053	0	0	0	0
98	49	34	1016	0	0	0	0
85	28	40	1013	0	0	0	0
228	154	101	1047	0	0	0	0
18	11	11	1010	0	0	0	0
4	0	5	1005	0	0	0	0
1	1	1	1004	0	0	0	0
6	0	1	1007	0	0	0	0
339	144	140	1057	0	0	0	0
32	22	10	1013	0	0	0	0
18	4	10	1011	0	0	0	0
83	63	44	1010	0	0	0	0
6	3	8	1007	0	0	0	0
324	209	134	1056	0	0	0	0
129	86	59	1016	0	0	0	0
35	11	16	1007	0	0	0	0
12	3	7	1007	0	0	0	0
216	83	90	1027	0	0	0	0
285	171	124	1055	0	0	0	0
256	110	115	1044	0	0	0	0
1	1	0	1005	0	0	0	0
83	29	24	1022	0	0	0	0
311	137	148	1055	0	0	0	0
21	15	8	1013	0	0	0	0
234	115	83	1036	0	0	0	0
162	75	69	1031	0	0	0	0
7	2	3	1006	0	0	0	0
404	172	184	1056	0	0	0	0
8	2	2	1005	0	0	0	0
17	6	3	1005	0	0	0	0
122	52	43	1020	0	0	0	0
65	39	39	1018	0	0	0	0
230	121	126	1043	0	0	0	0
2	2	1	1004	0	0	0	0
36	23	22	1021	0	0	0	0
125	49	47	1028	0	0	0	0
2	1	0	1006	0	0	0	0
85	48	34	1026	0	0	0	0
112	55	48	1013	0	0	0	0
513	278	229	1074	0	0	0	0
298	116	110	1051	0	0	0	0
16	6	4	1007	0	0	0	0
3	4	2	1005	0	0	0	0
291	115	115	1034	0	0	0	0
188	91	76	1027	0	0	0	0
195	117	77	1029	0	0	0	0
101	57	32	1018	0	0	0	0
328	137	116	1071	0	0	0	0
1	0	0	1005	0	0	0	0
7	2	2	1008	0	0	0	0
71	24	21	1026	0	0	0	0
256	167	89	1047	0	0	0	0
199	115	113	1032	0	0	0	0
295	191	125	1067	0	0	0	0
1	1	1	1004	0	0	0	0
439	200	190	1089	0	0	0	0
22	9	7	1004	0	0	0	0
325	209	163	1069	0	0	0	0
260	161	126	1040	0	0	0	0
91	52	43	1015	0	0	0	0
262	120	99	1055	0	0	0	0
305	156	120	1043	0	0	0	0
382	189	134	1049	0	0	0	0
12	5	5	1005	0	0	0	0
232	97	97	1035	0	0	0	0
158	104	73	1031	0	0	0	0
81	38	24	1019	0	0	0	0
41	15	18	1013	0	0	0	0
6	0	0	1005	0	0	0	0
6	4	5	1007	0	0	0	0
9	2	4	1004	0	0	0	0
224	118	75	1021	0	0	0	0
11	4	11	1010	0	0	0	0
20	5	6	1013	0	0	0	0
442	166	193	1061	0	0	0	0
222	103	84	1054	0	0	0	0
90	35	65	1017	0	0	0	0
44	12	18	1015	0	0	0	0
209	126	94	1028	0	0	0	0
236	117	94	1059	0	0	0	0
1	3	3	1004	0	0	0	0
14	11	8	1008	0	0	0	0
1	2	4	1011	0	0	0	0
119	59	45	1027	0	0	0	0
34	17	12	1010	0	0	0	0
396	180	144	1083	0	0	0	0
242	137	94	1051	0	0	0	0
37	13	13	1011	0	0	0	0
61	47	24	1025	0	0	0	0
1	1	1	1005	0	0	0	0
106	67	60	1019	0	0	0	0
8	2	4	1008	0	0	0	0
6	0	2	1004	0	0	0	0
226	110	74	1053	0	0	0	0
51	26	14	1015	0	0	0	0
9	5	6	1009	0	0	0	0
1	0	1	1004	0	0	0	0
19	5	4	1007	0	0	0	0
2	0	0	1005	0	0	0	0
160	74	71	1035	0	0	0	0
16	8	10	1010	0	0	0	0
3	1	2	1008	0	0	0	0
233	129	108	1031	0	0	0	0
3	1	0	1004	0	0	0	0
366	193	139	1079	0	0	0	0
389	161	130	1062	0	0	0	0
14	3	8	1004	0	0	0	0
44	27	14	1015	0	0	0	0
3	2	0	1005	0	0	0	0
3	1	0	1005	0	0	0	0
254	145	100	1050	0	0	0	0
134	72	54	1025	0	0	0	0
185	102	83	1040	0	0	0	0
2	0	1	1005	0	0	0	0
138	61	52	1033	0	0	0	0
217	104	90	1042	0	0	0	0
7	3	1	1004	0	0	0	0
3	0	0	1006	0	0	0	0
3	0	0	1004	0	0	0	0
14	5	8	1009	0	0	0	0
2	0	4	1005	0	0	0	0
1	1	2	1004	0	0	0	0
2	0	0	1004	0	0	0	0
83	52	23	1018	0	0	0	0
46	37	11	1021	0	0	0	0
12	4	2	1007	0	0	0	0
214	85	59	1062	0	0	0	0
1	0	0	1005	0	0	0	0
340	177	145	1046	0	0	0	0
7	5	2	1006	0	0	0	0
3	1	3	1004	0	0	0	0
88	48	43	1029	0	0	0	0
336	128	128	1046	0	0	0	0
16	5	7	1010	0	0	0	0
16	3	4	1010	0	0	0	0
238	107	95	1028	0	0	0	0
1	0	0	1007	0	0	0	0
187	65	74	1028	0	0	0	0
0	0	2	1004	0	0	0	0
48	23	22	1005	0	0	0	0
280	155	127	1052	0	0	0	0
7	1	0	1004	0	0	0	0
562	291	224	1092	0	0	0	0
5	2	2	1005	0	0	0	0
127	60	53	1026	0	0	0	0
213	83	85	1017	0	0	0	0
2	1	1	1005	0	0	0	0
169	45	80	1027	0	0	0	0
267	141	104	1049	0	0	0	0
1	0	1	1004	0	0	0	0
0	0	0	1004	0	0	0	0
210	114	88	1054	0	0	0	0
263	115	94	1046	0	0	0	0
0	0	0	1004	0	0	0	0
23	9	9	1006	0	0	0	0
217	98	62	1047	0	0	0	0
5	3	1	1007	0	0	0	0
2	4	0	1004	0	0	0	0
144	77	63	1044	0	0	0	0
254	122	91	1057	0	0	0	0
50	18	22	1015	0	0	0	0
1	1	1	1007	0	0	0	0
479	242	198	1083	0	0	0	0
8	0	1	1007	0	0	0	0
344	170	155	1071	0	0	0	0
27	8	10	1007	0	0	0	0
18	4	3	1004	0	0	0	0
6	0	0	1005	0	0	0	0
225	100	98	1048	0	0	0	0
198	102	87	1037	0	0	0	0
26	10	9	1010	0	0	0	0
260	110	89	1051	0	0	0	0
4	0	0	1004	0	0	0	0
12	8	3	1007	0	0	0	0
149	67	70	1018	0	0	0	0
17	7	4	1007	0	0	0	0
69	25	24	1020	0	0	0	0
19	3	7	1012	0	0	0	0
489	233	198	1059	0	0	0	0
71	30	18	1017	0	0	0	0
284	143	98	1050	0	0	0	0
328	141	119	1058	0	0	0	0
4	2	2	1006	0	0	0	0
323	171	123	1071	0	0	0	0
195	79	69	1034	0	0	0	0
401	184	142	1072	0	0	0	0
9	3	8	1005	0	0	0	0
230	146	111	1053	0	0	0	0
445	222	173	1098	0	0	0	0
3	0	4	1005	0	0	0	0
2	1	0	1005	0	0	0	0
340	153	138	1075	0	0	0	0
101	75	36	1020	0	0	0	0
10	1	2	1005	0	0	0	0
8	3	4	1007	0	0	0	0
149	68	59	1032	0	0	0	0
292	136	127	1047	0	0	0	0
21	18	8	1016	0	0	0	0
214	111	83	1039	0	0	0	0
355	165	156	1048	0	0	0	0
208	122	94	1041	0	0	0	0
2	4	2	1011	0	0	0	0
12	10	7	1006	0	0	0	0
313	158	129	1046	0	0	0	0
170	106	55	1038	0	0	0	0
26	10	7	1008	0	0	0	0
25	11	10	1019	0	0	0	0
143	96	66	1028	0	0	0	0
392	189	135	1073	0	0	0	0
120	40	45	1015	0	0	0	0
7	3	6	1006	0	0	0	0
46	20	24	1010	0	0	0	0
357	170	126	1071	0	0	0	0
154	51	76	1026	0	0	0	0
5	3	2	1004	0	0	0	0
196	73	88	1036	0	0	0	0
8	0	3	1006	0	0	0	0
2	0	1	1007	0	0	0	0
49	13	31	1012	0	0	0	0
17	1	7	1010	0	0	0	0
5	4	3	1005	0	0	0	0
404	234	181	1096	0	0	0	0
4	1	0	1005	0	0	0	0
213	104	72	1047	0	0	0	0
88	31	32	1017	0	0	0	0
312	131	115	1044	0	0	0	0
9	3	4	1006	0	0	0	0
247	146	93	1060	0	0	0	0
279	115	104	1044	0	0	0	0
286	145	112	1067	0	0	0	0
183	95	82	1036	0	0	0	0
0	0	1	1005	0	0	0	0
378	208	135	1088	0	0	0	0
82	55	41	1017	0	0	0	0
387	214	149	1058	0	0	0	0
9	6	5	1011	0	0	0	0
218	76	101	1043	0	0	0	0
8	0	2	1008	0	0	0	0
1	0	0	1006	0	0	0	0
351	110	140	1078	0	0	0	0
393	183	161	1063	0	0	0	0
0	0	1	1005	0	0	0	0
29	11	12	1010	0	0	0	0
0	0	0	1004	0	0	0	0
1	1	2	1006	0	0	0	0
4	0	1	1004	0	0	0	0
283	192	91	1058	0	0	0	0
7	1	4	1009	0	0	0	0
15	10	12	1010	0	0	0	0
444	259	160	1088	0	0	0	0
231	119	106	1044	0	0	0	0
17	11	6	1011	0	0	0	0
3	0	5	1004	0	0	0	0
244	110	100	1051	0	0	0	0
296	120	134	1042	0	0	0	0
36	32	13	1013	0	0	0	0
44	21	11	1022	0	0	0	0
144	103	61	1032	0	0	0	0
40	32	33	1008	0	0	0	0
17	2	6	1006	0	0	0	0
46	10	18	1007	0	0	0	0
271	110	74	1038	0	0	0	0
122	62	59	1032	0	0	0	0
43	20	16	1011	0	0	0	0
8	8	2	1004	0	0	0	0
4	5	6	1006	0	0	0	0
0	0	1	1005	0	0	0	0
175	121	88	1030	0	0	0	0
0	0	1	1010	0	0	0	0
11	3	10	1005	0	0	0	0
18	11	3	1010	0	0	0	0
10	5	15	1010	0	0	0	0
55	23	17	1020	0	0	0	0
414	212	172	1064	0	0	0	0
1	0	0	1004	0	0	0	0
24	6	8	1011	0	0	0	0
251	112	109	1047	0	0	0	0
2	1	0	1004	0	0	0	0
88	42	30	1018	0	0	0	0
193	118	82	1048	0	0	0	0
262	135	115	1045	0	0	0	0
61	33	14	1012	0	0	0	0
6	2	4	1004	0	0	0	0
3	3	3	1004	0	0	0	0
80	26	27	1014	0	0	0	0
305	140	106	1054	0	0	0	0
3	1	2	1004	0	0	0	0
95	80	42	1023	0	0	0	0
14	4	1	1008	0	0	0	0
4	1	1	1012	0	0	0	0
199	91	66	1041	0	0	0	0
1	0	0	1004	0	0	0	0
192	69	76	1034	0	0	0	0
5	1	2	1009	0	0	0	0
185	94	73	1027	0	0	0	0
3	0	4	1004	0	0	0	0
286	142	110	1050	0	0	0	0
333	148	155	1034	0	0	0	0
6	1	2	1006	0	0	0	0
3	0	1	1004	0	0	0	0
220	114	82	1031	0	0	0	0
18	15	4	1015	0	0	0	0
90	51	41	1018	0	0	0	0
24	3	2	1009	0	0	0	0
465	198	174	1063	0	0	0	0
269	148	117	1035	0	0	0	0
240	135	90	1039	0	0	0	0
352	199	150	1048	0	0	0	0
212	95	80	1036	0	0	0	0
20	7	7	1006	0	0	0	0
11	2	2	1005	0	0	0	0
345	175	144	1053	0	0	0	0
188	92	77	1027	0	0	0	0
139	81	66	1029	0	0	0	0
86	47	34	1017	0	0	0	0
1	0	0	1006	0	0	0	0
16	0	2	1009	0	0	0	0
440	236	176	1048	0	0	0	0
3	2	0	1004	0	0	0	0
0	0	0	1005	0	0	0	0
1	0	0	1005	0	0	0	0
9	3	2	1005	0	0	0	0
4	1	3	1005	0	0	0	0
62	36	49	1017	0	0	0	0
465	169	187	1103	0	0	0	0
45	33	19	1020	0	0	0	0
211	104	125	1034	0	0	0	0
61	23	27	1015	0	0	0	0
527	234	234	1113	0	0	0	0
47	35	17	1020	0	0	0	0
172	90	69	1032	0	0	0	0
232	135	98	1042	0	0	0	0
21	22	11	1007	0	0	0	0
220	80	91	1032	0	0	0	0
18	6	9	1008	0	0	0	0
132	63	48	1024	0	0	0	0
206	79	69	1059	0	0	0	0
4	4	2	1006	0	0	0	0
4	0	1	1004	0	0	0	0
26	18	9	1012	0	0	0	0
37	25	11	1016	0	0	0	0
5	3	1	1007	0	0	0	0
152	50	68	1023	0	0	0	0
93	28	43	1021	0	0	0	0
0	0	2	1004	0	0	0	0
4	3	0	1007	0	0	0	0
228	116	90	1041	0	0	0	0
1	1	0	1004	0	0	0	0
124	63	70	1028	0	0	0	0
12	7	4	1010	0	0	0	0
323	154	104	1052	0	0	0	0
83	26	31	1021	0	0	0	0
53	24	27	1010	0	0	0	0
104	52	46	1023	0	0	0	0
142	79	60	1038	0	0	0	0
2	0	0	1004	0	0	0	0
407	215	177	1101	0	0	0	0
436	267	172	1071	0	0	0	0
329	134	108	1060	0	0	0	0
89	56	49	1025	0	0	0	0
7	3	2	1008	0	0	0	0
273	132	117	1052	0	0	0	0
81	55	28	1021	0	0	0	0
98	51	45	1026	0	0	0	0
4	5	1	1006	0	0	0	0
2	0	1	1004	0	0	0	0
94	55	50	1022	0	0	0	0
128	48	59	1023	0	0	0	0
4	0	0	1006	0	0	0	0
382	161	139	1049	0	0	0	0
249	125	101	1042	0	0	0	0
29	14	15	1013	0	0	0	0
7	2	3	1006	0	0	0	0
128	53	56	1027	0	0	0	0
121	76	47	1027	0	0	0	0
53	22	15	1018	0	0	0	0
187	91	93	1028	0	0	0	0
5	0	1	1006	0	0	0	0
1	0	0	1004	0	0	0	0
240	113	95	1046	0	0	0	0
2	0	0	1004	0	0	0	0
296	147	107	1039	0	0	0	0
419	212	161	1075	0	0	0	0
90	55	24	1011	0	0	0	0
109	51	47	1028	0	0	0	0
5	1	2	1004	0	0	0	0
221	107	88	1024	0	0	0	0
50	37	27	1016	0	0	0	0
79	29	25	1020	0	0	0	0
150	72	60	1020	0	0	0	0
3	0	1	1004	0	0	0	0
369	170	179	1061	0	0	0	0
7	4	1	1009	0	0	0	0
