21	7	3	2009	0	0	0	0
13	2	3	2015	0	0	0	0
77	21	28	2014	0	0	0	0
2	0	3	2007	0	0	0	0
315	178	126	2081	0	0	0	0
3	0	0	2009	0	0	0	0
151	58	72	2034	0	0	0	0
241	133	94	2055	0	0	0	0
123	71	43	2039	0	0	0	0
1	0	1	2008	0	0	0	0
283	163	117	2056	0	0	0	0
27	16	9	2010	0	0	0	0
131	87	59	2018	0	0	0	0
52	34	28	2020	0	0	0	0
107	19	21	2027	0	0	0	0
101	52	48	2023	0	0	0	0
72	37	23	2018	0	0	0	0
7	5	4	2006	0	0	0	0
58	18	24	2012	0	0	0	0
188	110	62	2036	0	0	0	0
147	60	77	2033	0	0	0	0
127	60	53	2037	0	0	0	0
49	33	22	2018	0	0	0	0
19	6	6	2011	0	0	0	0
97	57	39	2030	0	0	0	0
5	0	1	2007	0	0	0	0
102	52	38	2029	0	0	0	0
10	1	0	2009	0	0	0	0
300	138	108	2047	0	0	0	0
18	6	9	2013	0	0	0	0
40	24	14	2020	0	0	0	0
111	48	35	2028	0	0	0	0
42	19	24	2011	0	0	0	0
124	67	70	2030	0	0	0	0
186	123	54	2055	0	0	0	0
68	26	18	2016	0	0	0	0
140	67	50	2041	0	0	0	0
44	17	26	2013	0	0	0	0
213	100	79	2041	0	0	0	0
3	0	1	2006	0	0	0	0
150	73	56	2024	0	0	0	0
209	105	91	2050	0	0	0	0
46	15	13	2020	0	0	0	0
21	10	5	2015	0	0	0	0
50	43	22	2024	0	0	0	0
8	3	1	2006	0	0	0	0
23	7	14	2011	0	0	0	0
149	44	61	2036	0	0	0	0
93	45	49	2028	0	0	0	0
72	22	27	2019	0	0	0	0
107	50	44	2028	0	0	0	0
115	76	58	2026	0	0	0	0
41	10	5	2023	0	0	0	0
20	2	7	2011	0	0	0	0
31	21	12	2011	0	0	0	0
160	60	52	2033	0	0	0	0
18	9	11	2011	0	0	0	0
8	0	6	2007	0	0	0	0
223	96	97	2053	0	0	0	0
208	95	91	2042	0	0	0	0
146	61	69	2038	0	0	0	0
108	37	51	2043	0	0	0	0
57	36	23	2017	0	0	0	0
51	22	25	2019	0	0	0	0
30	4	8	2013	0	0	0	0
149	59	46	2021	0	0	0	0
269	124	104	2057	0	0	0	0
25	10	12	2007	0	0	0	0
227	146	92	2034	0	0	0	0
19	6	10	2013	0	0	0	0
8	4	3	2011	0	0	0	0
138	83	58	2027	0	0	0	0
193	73	73	2042	0	0	0	0
2	2	1	2006	0	0	0	0
138	71	55	2052	0	0	0	0
5	3	5	2007	0	0	0	0
121	79	53	2022	0	0	0	0
239	114	102	2046	0	0	0	0
19	14	15	2013	0	0	0	0
87	35	47	2030	0	0	0	0
202	85	92	2039	0	0	0	0
84	49	24	2017	0	0	0	0
260	118	80	2044	0	0	0	0
96	41	30	2027	0	0	0	0
234	111	73	2047	0	0	0	0
14	3	4	2014	0	0	0	0
27	6	6	2008	0	0	0	0
85	47	31	2022	0	0	0	0
28	14	13	2013	0	0	0	0
190	76	61	2053	0	0	0	0
41	26	11	2014	0	0	0	0
66	50	26	2020	0	0	0	0
187	88	64	2035	0	0	0	0
10	4	5	2007	0	0	0	0
11	3	8	2012	0	0	0	0
61	30	25	2016	0	0	0	0
47	17	17	2011	0	0	0	0
136	55	52	2021	0	0	0	0
6	1	5	2006	0	0	0	0
3	0	0	2006	0	0	0	0
44	21	10	2016	0	0	0	0
4	3	2	2006	0	0	0	0
248	109	75	2063	0	0	0	0
48	18	10	2021	0	0	0	0
30	9	9	2014	0	0	0	0
37	15	17	2011	0	0	0	0
7	2	1	2010	0	0	0	0
17	8	17	2024	0	0	0	0
31	15	12	2010	0	0	0	0
142	67	57	2018	0	0	0	0
8	3	3	2009	0	0	0	0
148	55	49	2037	0	0	0	0
5	7	4	2014	0	0	0	0
74	31	27	2022	0	0	0	0
177	98	76	2027	0	0	0	0
232	90	96	2054	0	0	0	0
47	34	22	2013	0	0	0	0
23	24	7	2016	0	0	0	0
60	27	18	2025	0	0	0	0
96	51	55	2022	0	0	0	0
129	67	69	2033	0	0	0	0
33	9	15	2017	0	0	0	0
13	6	9	2009	0	0	0	0
133	66	45	2020	0	0	0	0
38	28	11	2016	0	0	0	0
86	39	31	2030	0	0	0	0
7	3	1	2008	0	0	0	0
3	5	5	2006	0	0	0	0
144	79	55	2026	0	0	0	0
58	20	23	2011	0	0	0	0
3	2	1	2011	0	0	0	0
55	24	18	2017	0	0	0	0
21	11	9	2010	0	0	0	0
111	37	25	2027	0	0	0	0
241	133	118	2047	0	0	0	0
17	3	8	2008	0	0	0	0
80	30	33	2019	0	0	0	0
42	19	15	2017	0	0	0	0
144	53	59	2034	0	0	0	0
5	2	4	2014	0	0	0	0
18	3	5	2012	0	0	0	0
13	0	2	2006	0	0	0	0
253	103	92	2046	0	0	0	0
5	2	2	2007	0	0	0	0
229	126	89	2038	0	0	0	0
3	3	0	2006	0	0	0	0
214	109	64	2052	0	0	0	0
15	5	5	2016	0	0	0	0
115	69	54	2022	0	0	0	0
1	0	0	2006	0	0	0	0
49	14	14	2025	0	0	0	0
11	8	10	2017	0	0	0	0
43	13	13	2014	0	0	0	0
6	2	0	2010	0	0	0	0
18	20	11	2014	0	0	0	0
275	94	96	2056	0	0	0	0
82	35	27	2016	0	0	0	0
24	3	7	2010	0	0	0	0
134	82	67	2026	0	0	0	0
115	71	62	2020	0	0	0	0
10	9	8	2006	0	0	0	0
298	119	115	2064	0	0	0	0
0	0	1	2006	0	0	0	0
160	80	66	2025	0	0	0	0
373	158	139	2089	0	0	0	0
122	45	57	2030	0	0	0	0
192	87	78	2048	0	0	0	0
59	40	39	2010	0	0	0	0
188	87	90	2036	0	0	0	0
83	31	29	2024	0	0	0	0
21	2	5	2012	0	0	0	0
75	53	39	2017	0	0	0	0
99	41	45	2020	0	0	0	0
92	32	30	2032	0	0	0	0
60	28	25	2022	0	0	0	0
14	2	6	2008	0	0	0	0
161	57	48	2043	0	0	0	0
8	5	2	2009	0	0	0	0
10	2	6	2009	0	0	0	0
2	1	3	2008	0	0	0	0
11	5	3	2006	0	0	0	0
4	0	1	2007	0	0	0	0
135	63	65	2027	0	0	0	0
30	10	9	2008	0	0	0	0
142	70	81	2033	0	0	0	0
4	1	2	2007	0	0	0	0
27	26	13	2014	0	0	0	0
17	2	9	2011	0	0	0	0
14	0	5	2009	0	0	0	0
9	10	6	2008	0	0	0	0
130	58	61	2041	0	0	0	0
5	0	1	2006	0	0	0	0
200	105	72	2036	0	0	0	0
58	18	24	2036	0	0	0	0
6	6	7	2009	0	0	0	0
78	27	27	2023	0	0	0	0
5	0	1	2008	0	0	0	0
57	10	22	2022	0	0	0	0
102	55	48	2026	0	0	0	0
21	3	8	2013	0	0	0	0
41	17	8	2018	0	0	0	0
208	101	85	2037	0	0	0	0
80	38	34	2017	0	0	0	0
23	11	9	2014	0	0	0	0
85	33	36	2029	0	0	0	0
140	68	62	2039	0	0	0	0
107	38	41	2023	0	0	0	0
16	1	2	2010	0	0	0	0
95	49	42	2043	0	0	0	0
4	0	1	2006	0	0	0	0
192	88	70	2031	0	0	0	0
76	27	26	2024	0	0	0	0
14	7	5	2012	0	0	0	0
134	62	59	2039	0	0	0	0
307	169	139	2048	0	0	0	0
148	66	54	2036	0	0	0	0
6	2	4	2006	0	0	0	0
24	11	19	2014	0	0	0	0
41	26	19	2017	0	0	0	0
20	6	5	2009	0	0	0	0
21	15	8	2009	0	0	0	0
9	2	5	2007	0	0	0	0
293	145	128	2057	0	0	0	0
26	4	9	2014	0	0	0	0
53	35	26	2021	0	0	0	0
49	24	17	2012	0	0	0	0
97	62	32	2029	0	0	0	0
83	19	25	2013	0	0	0	0
150	80	53	2044	0	0	0	0
330	134	137	2052	0	0	0	0
101	36	47	2024	0	0	0	0
89	38	36	2029	0	0	0	0
171	78	65	2035	0	0	0	0
124	53	67	2021	0	0	0	0
5	0	1	2006	0	0	0	0
54	27	19	2038	0	0	0	0
86	46	32	2016	0	0	0	0
5	0	0	2006	0	0	0	0
12	4	1	2011	0	0	0	0
199	140	98	2048	0	0	0	0
13	3	3	2010	0	0	0	0
12	2	2	2007	0	0	0	0
155	81	58	2033	0	0	0	0
149	60	53	2027	0	0	0	0
70	33	24	2024	0	0	0	0
204	86	75	2056	0	0	0	0
79	20	34	2020	0	0	0	0
118	52	39	2032	0	0	0	0
184	68	82	2040	0	0	0	0
105	51	43	2018	0	0	0	0
7	4	6	2007	0	0	0	0
8	1	1	2008	0	0	0	0
12	12	5	2012	0	0	0	0
6	2	3	2006	0	0	0	0
79	40	31	2036	0	0	0	0
170	92	58	2032	0	0	0	0
40	23	18	2014	0	0	0	0
5	1	0	2007	0	0	0	0
8	5	5	2008	0	0	0	0
7	5	2	2009	0	0	0	0
153	70	52	2026	0	0	0	0
20	4	17	2006	0	0	0	0
21	11	12	2013	0	0	0	0
59	31	25	2030	0	0	0	0
74	39	27	2008	0	0	0	0
18	4	12	2009	0	0	0	0
151	63	70	2028	0	0	0	0
52	16	8	2010	0	0	0	0
255	150	112	2066	0	0	0	0
212	71	82	2066	0	0	0	0
39	8	11	2015	0	0	0	0
128	67	42	2027	0	0	0	0
108	34	48	2028	0	0	0	0
19	4	10	2008	0	0	0	0
132	50	53	2033	0	0	0	0
89	53	51	2017	0	0	0	0
173	45	57	2031	0	0	0	0
110	60	39	2022	0	0	0	0
65	32	36	2014	0	0	0	0
111	46	48	2021	0	0	0	0
125	50	46	2025	0	0	0	0
25	4	13	2007	0	0	0	0
24	6	9	2015	0	0	0	0
78	32	24	2024	0	0	0	0
120	47	48	2033	0	0	0	0
272	165	98	2055	0	0	0	0
59	27	15	2012	0	0	0	0
361	223	161	2083	0	0	0	0
47	20	10	2013	0	0	0	0
7	10	5	2008	0	0	0	0
229	103	86	2039	0	0	0	0
11	0	1	2008	0	0	0	0
53	23	22	2012	0	0	0	0
264	105	96	2042	0	0	0	0
234	93	94	2036	0	0	0	0
142	48	51	2048	0	0	0	0
139	65	51	2036	0	0	0	0
191	78	67	2033	0	0	0	0
43	13	19	2014	0	0	0	0
25	17	9	2013	0	0	0	0
28	5	5	2006	0	0	0	0
180	73	70	2028	0	0	0	0
143	55	41	2045	0	0	0	0
69	40	28	2023	0	0	0	0
169	81	56	2038	0	0	0	0
155	56	68	2032	0	0	0	0
9	8	11	2007	0	0	0	0
16	2	7	2018	0	0	0	0
113	82	45	2040	0	0	0	0
64	19	24	2014	0	0	0	0
126	49	62	2044	0	0	0	0
11	1	5	2009	0	0	0	0
5	7	2	2009	0	0	0	0
55	37	20	2015	0	0	0	0
98	59	45	2037	0	0	0	0
8	2	1	2007	0	0	0	0
136	55	49	2027	0	0	0	0
1	1	0	2007	0	0	0	0
136	66	52	2026	0	0	0	0
2	0	0	2006	0	0	0	0
7	1	2	2009	0	0	0	0
13	1	7	2011	0	0	0	0
75	50	46	2026	0	0	0	0
79	33	46	2026	0	0	0	0
0	0	1	2007	0	0	0	0
23	9	8	2013	0	0	0	0
291	140	129	2055	0	0	0	0
201	100	92	2052	0	0	0	0
205	89	73	2044	0	0	0	0
35	16	13	2011	0	0	0	0
285	120	102	2044	0	0	0	0
9	5	4	2017	0	0	0	0
29	13	8	2010	0	0	0	0
97	47	28	2022	0	0	0	0
68	35	21	2030	0	0	0	0
49	10	16	2019	0	0	0	0
56	26	27	2024	0	0	0	0
14	14	9	2017	0	0	0	0
9	0	10	2009	0	0	0	0
4	3	1	2006	0	0	0	0
29	9	12	2015	0	0	0	0
8	1	6	2008	0	0	0	0
124	78	47	2046	0	0	0	0
21	13	8	2015	0	0	0	0
83	28	35	2030	0	0	0	0
123	66	46	2025	0	0	0	0
184	88	82	2033	0	0	0	0
120	56	51	2040	0	0	0	0
126	49	51	2042	0	0	0	0
97	38	35	2035	0	0	0	0
69	25	14	2025	0	0	0	0
187	70	57	2053	0	0	0	0
51	31	10	2023	0	0	0	0
6	0	3	2007	0	0	0	0
118	41	40	2032	0	0	0	0
228	106	112	2046	0	0	0	0
49	21	16	2017	0	0	0	0
195	105	89	2034	0	0	0	0
40	21	7	2029	0	0	0	0
124	53	47	2038	0	0	0	0
2	1	2	2006	0	0	0	0
122	79	63	2022	0	0	0	0
5	0	1	2010	0	0	0	0
201	76	72	2027	0	0	0	0
162	46	57	2032	0	0	0	0
77	24	18	2014	0	0	0	0
123	48	37	2040	0	0	0	0
234	126	126	2067	0	0	0	0
52	24	11	2021	0	0	0	0
295	136	129	2069	0	0	0	0
60	23	27	2021	0	0	0	0
66	26	22	2030	0	0	0	0
203	76	87	2033	0	0	0	0
48	26	15	2016	0	0	0	0
11	0	7	2011	0	0	0	0
96	59	29	2027	0	0	0	0
111	53	62	2035	0	0	0	0
29	12	8	2012	0	0	0	0
7	3	0	2010	0	0	0	0
121	69	60	2026	0	0	0	0
59	17	18	2019	0	0	0	0
3	3	1	2007	0	0	0	0
6	0	1	2007	0	0	0	0
241	93	93	2060	0	0	0	0
14	3	4	2010	0	0	0	0
15	4	11	2011	0	0	0	0
111	64	58	2020	0	0	0	0
6	3	1	2012	0	0	0	0
188	91	81	2040	0	0	0	0
39	16	21	2022	0	0	0	0
19	20	3	2011	0	0	0	0
38	14	14	2010	0	0	0	0
82	38	38	2020	0	0	0	0
7	1	1	2006	0	0	0	0
27	12	7	2010	0	0	0	0
59	38	21	2022	0	0	0	0
6	6	6	2010	0	0	0	0
56	22	31	2019	0	0	0	0
235	97	87	2041	0	0	0	0
23	6	6	2009	0	0	0	0
5	1	4	2006	0	0	0	0
183	109	101	2063	0	0	0	0
28	11	10	2014	0	0	0	0
197	72	69	2046	0	0	0	0
104	40	58	2022	0	0	0	0
124	45	46	2028	0	0	0	0
280	171	113	2074	0	0	0	0
58	38	18	2017	0	0	0	0
40	15	11	2008	0	0	0	0
168	91	47	2032	0	0	0	0
138	81	82	2032	0	0	0	0
37	19	15	2025	0	0	0	0
133	63	59	2034	0	0	0	0
19	7	11	2013	0	0	0	0
101	64	49	2028	0	0	0	0
86	33	42	2020	0	0	0	0
261	123	88	2054	0	0	0	0
9	1	0	2008	0	0	0	0
15	7	3	2019	0	0	0	0
24	8	10	2015	0	0	0	0
21	8	6	2010	0	0	0	0
83	43	34	2017	0	0	0	0
63	20	28	2012	0	0	0	0
31	9	7	2018	0	0	0	0
233	91	89	2049	0	0	0	0
70	31	42	2021	0	0	0	0
157	87	56	2031	0	0	0	0
98	43	36	2020	0	0	0	0
10	1	2	2016	0	0	0	0
7	0	1	2007	0	0	0	0
8	4	3	2010	0	0	0	0
47	10	10	2017	0	0	0	0
8	0	2	2007	0	0	0	0
68	26	29	2029	0	0	0	0
5	1	1	2008	0	0	0	0
25	10	7	2018	0	0	0	0
7	1	3	2013	0	0	0	0
21	5	8	2010	0	0	0	0
6	1	3	2011	0	0	0	0
103	66	46	2016	0	0	0	0
7	1	2	2007	0	0	0	0
13	11	4	2021	0	0	0	0
211	103	78	2040	0	0	0	0
3	0	1	2006	0	0	0	0
7	2	1	2010	0	0	0	0
8	1	2	2007	0	0	0	0
29	16	12	2018	0	0	0	0
19	8	9	2013	0	0	0	0
288	143	138	2072	0	0	0	0
4	1	0	2011	0	0	0	0
27	6	9	2018	0	0	0	0
145	69	77	2032	0	0	0	0
16	7	3	2012	0	0	0	0
36	12	12	2009	0	0	0	0
254	134	113	2050	0	0	0	0
198	108	81	2036	0	0	0	0
31	20	10	2013	0	0	0	0
277	124	115	2052	0	0	0	0
53	22	36	2009	0	0	0	0
114	55	48	2037	0	0	0	0
11	3	5	2012	0	0	0	0
107	57	38	2022	0	0	0	0
25	12	26	2018	0	0	0	0
70	44	33	2023	0	0	0	0
3	1	0	2006	0	0	0	0
20	8	17	2011	0	0	0	0
9	0	1	2008	0	0	0	0
224	101	99	2039	0	0	0	0
15	2	4	2011	0	0	0	0
73	27	21	2014	0	0	0	0
32	28	14	2015	0	0	0	0
23	19	14	2008	0	0	0	0
203	70	97	2028	0	0	0	0
15	13	12	2015	0	0	0	0
140	60	56	2027	0	0	0	0
10	1	0	2011	0	0	0	0
1	1	1	2007	0	0	0	0
77	38	19	2021	0	0	0	0
31	6	5	2011	0	0	0	0
21	7	7	2007	0	0	0	0
146	68	80	2032	0	0	0	0
101	49	36	2030	0	0	0	0
62	46	22	2013	0	0	0	0
2	0	0	2010	0	0	0	0
105	25	35	2023	0	0	0	0
74	47	25	2026	0	0	0	0
233	128	87	2047	0	0	0	0
16	6	3	2013	0	0	0	0
146	99	74	2038	0	0	0	0
9	7	6	2006	0	0	0	0
7	10	1	2010	0	0	0	0
207	91	76	2033	0	0	0	0
67	29	37	2018	0	0	0	0
79	46	27	2030	0	0	0	0
115	48	46	2027	0	0	0	0
35	15	21	2015	0	0	0	0
26	15	13	2010	0	0	0	0
9	8	12	2009	0	0	0	0
9	1	3	2008	0	0	0	0
217	116	95	2072	0	0	0	0
1	0	2	2007	0	0	0	0
179	78	87	2041	0	0	0	0
200	103	79	2036	0	0	0	0
300	182	140	2041	0	0	0	0
10	0	4	2009	0	0	0	0
50	17	19	2020	0	0	0	0
98	64	53	2033	0	0	0	0
9	0	4	2009	0	0	0	0
142	87	54	2042	0	0	0	0
148	86	58	2022	0	0	0	0
50	22	21	2016	0	0	0	0
0	0	0	2008	0	0	0	0
97	47	41	2026	0	0	0	0
134	79	45	2036	0	0	0	0
47	21	20	2017	0	0	0	0
192	115	70	2040	0	0	0	0
90	34	35	2018	0	0	0	0
63	36	32	2024	0	0	0	0
4	0	1	2014	0	0	0	0
5	3	3	2006	0	0	0	0
257	122	105	2039	0	0	0	0
50	23	15	2012	0	0	0	0
13	9	6	2007	0	0	0	0
12	5	7	2012	0	0	0	0
70	32	44	2015	0	0	0	0
186	69	60	2036	0	0	0	0
55	48	22	2018	0	0	0	0
130	80	55	2025	0	0	0	0
99	25	32	2021	0	0	0	0
213	109	105	2042	0	0	0	0
76	30	33	2023	0	0	0	0
69	30	19	2015	0	0	0	0
18	3	8	2009	0	0	0	0
2	1	2	2006	0	0	0	0
38	7	7	2011	0	0	0	0
2	0	1	2006	0	0	0	0
95	47	43	2026	0	0	0	0
11	9	4	2009	0	0	0	0
292	125	111	2066	0	0	0	0
266	106	111	2069	0	0	0	0
60	36	24	2017	0	0	0	0
204	86	99	2036	0	0	0	0
86	54	50	2029	0	0	0	0
5	0	0	2006	0	0	0	0
143	56	61	2037	0	0	0	0
322	168	112	2047	0	0	0	0
149	62	63	2020	0	0	0	0
8	2	3	2008	0	0	0	0
16	17	8	2009	0	0	0	0
95	57	31	2032	0	0	0	0
0	0	0	2006	0	0	0	0
69	23	22	2021	0	0	0	0
117	78	48	2022	0	0	0	0
61	42	29	2012	0	0	0	0
139	77	61	2030	0	0	0	0
200	90	63	2036	0	0	0	0
23	9	14	2015	0	0	0	0
49	38	18	2014	0	0	0	0
358	163	168	2078	0	0	0	0
9	5	5	2010	0	0	0	0
188	94	83	2034	0	0	0	0
26	17	16	2016	0	0	0	0
14	5	8	2009	0	0	0	0
5	0	0	2009	0	0	0	0
106	54	46	2038	0	0	0	0
109	61	46	2030	0	0	0	0
31	23	4	2011	0	0	0	0
24	12	6	2020	0	0	0	0
70	34	28	2034	0	0	0	0
71	27	23	2020	0	0	0	0
97	51	37	2018	0	0	0	0
2	1	2	2006	0	0	0	0
44	19	17	2019	0	0	0	0
19	4	10	2009	0	0	0	0
137	64	52	2030	0	0	0	0
138	82	55	2033	0	0	0	0
187	94	83	2036	0	0	0	0
69	19	24	2029	0	0	0	0
71	25	35	2027	0	0	0	0
65	34	20	2019	0	0	0	0
9	2	5	2013	0	0	0	0
165	82	36	2041	0	0	0	0
9	3	4	2007	0	0	0	0
3	0	1	2006	0	0	0	0
173	66	74	2038	0	0	0	0
22	4	8	2023	0	0	0	0
1	1	0	2008	0	0	0	0
153	79	58	2039	0	0	0	0
30	9	5	2015	0	0	0	0
402	171	144	2059	0	0	0	0
0	0	1	2007	0	0	0	0
258	98	89	2052	0	0	0	0
1	0	0	2007	0	0	0	0
276	121	102	2045	0	0	0	0
5	1	0	2007	0	0	0	0
30	30	12	2014	0	0	0	0
5	0	1	2009	0	0	0	0
5	2	0	2008	0	0	0	0
174	73	61	2034	0	0	0	0
23	8	16	2011	0	0	0	0
30	14	13	2025	0	0	0	0
96	49	30	2030	0	0	0	0
151	64	63	2031	0	0	0	0
10	3	4	2012	0	0	0	0
40	20	14	2012	0	0	0	0
2	0	0	2007	0	0	0	0
8	2	2	2007	0	0	0	0
182	65	82	2028	0	0	0	0
104	42	44	2024	0	0	0	0
195	102	92	2046	0	0	0	0
37	16	7	2011	0	0	0	0
130	66	61	2040	0	0	0	0
177	62	58	2038	0	0	0	0
32	27	21	2015	0	0	0	0
182	85	73	2029	0	0	0	0
88	45	37	2028	0	0	0	0
130	39	49	2030	0	0	0	0
216	93	82	2044	0	0	0	0
32	7	10	2017	0	0	0	0
46	21	36	2009	0	0	0	0
109	62	40	2031	0	0	0	0
276	132	91	2056	0	0	0	0
154	75	67	2026	0	0	0	0
249	121	124	2049	0	0	0	0
15	8	4	2008	0	0	0	0
7	6	6	2009	0	0	0	0
149	70	83	2041	0	0	0	0
4	0	0	2008	0	0	0	0
336	147	128	2053	0	0	0	0
2	0	0	2007	0	0	0	0
16	8	4	2010	0	0	0	0
168	82	66	2032	0	0	0	0
4	0	2	2006	0	0	0	0
51	12	17	2015	0	0	0	0
202	66	91	2031	0	0	0	0
3	2	4	2006	0	0	0	0
106	45	58	2042	0	0	0	0
28	14	17	2014	0	0	0	0
31	19	6	2024	0	0	0	0
157	106	65	2039	0	0	0	0
20	6	5	2008	0	0	0	0
58	23	30	2013	0	0	0	0
137	83	51	2021	0	0	0	0
4	1	4	2009	0	0	0	0
16	2	2	2007	0	0	0	0
7	3	4	2008	0	0	0	0
100	53	45	2030	0	0	0	0
39	25	20	2012	0	0	0	0
11	0	4	2007	0	0	0	0
79	26	22	2014	0	0	0	0
158	64	72	2030	0	0	0	0
66	44	29	2019	0	0	0	0
19	15	16	2016	0	0	0	0
2	0	0	2008	0	0	0	0
7	2	1	2010	0	0	0	0
95	57	51	2035	0	0	0	0
5	1	2	2006	0	0	0	0
326	188	116	2074	0	0	0	0
16	2	7	2016	0	0	0	0
3	0	1	2008	0	0	0	0
190	84	57	2033	0	0	0	0
138	51	35	2021	0	0	0	0
190	76	79	2038	0	0	0	0
168	88	60	2037	0	0	0	0
24	3	8	2010	0	0	0	0
35	20	17	2019	0	0	0	0
8	1	4	2007	0	0	0	0
28	5	9	2008	0	0	0	0
86	38	35	2023	0	0	0	0
19	3	4	2010	0	0	0	0
38	15	16	2016	0	0	0	0
3	1	3	2009	0	0	0	0
5	3	3	2007	0	0	0	0
16	15	14	2010	0	0	0	0
65	21	23	2021	0	0	0	0
134	66	46	2027	0	0	0	0
13	5	2	2015	0	0	0	0
14	6	5	2009	0	0	0	0
174	91	58	2048	0	0	0	0
26	8	13	2024	0	0	0	0
36	15	15	2013	0	0	0	0
287	114	116	2066	0	0	0	0
61	41	24	2020	0	0	0	0
7	15	10	2006	0	0	0	0
231	111	101	2052	0	0	0	0
9	2	0	2007	0	0	0	0
5	0	1	2009	0	0	0	0
184	82	55	2025	0	0	0	0
95	39	28	2028	0	0	0	0
14	4	5	2012	0	0	0	0
70	22	28	2017	0	0	0	0
22	34	8	2013	0	0	0	0
114	35	30	2029	0	0	0	0
36	18	17	2016	0	0	0	0
111	47	47	2025	0	0	0	0
43	16	19	2016	0	0	0	0
126	69	56	2025	0	0	0	0
15	5	5	2008	0	0	0	0
108	56	41	2017	0	0	0	0
92	41	36	2017	0	0	0	0
0	0	1	2006	0	0	0	0
77	26	17	2022	0	0	0	0
35	14	17	2017	0	0	0	0
50	19	18	2018	0	0	0	0
73	32	31	2032	0	0	0	0
224	92	81	2048	0	0	0	0
68	28	30	2021	0	0	0	0
137	53	60	2041	0	0	0	0
310	123	107	2048	0	0	0	0
64	22	18	2020	0	0	0	0
5	0	0	2006	0	0	0	0
173	95	95	2025	0	0	0	0
17	7	6	2007	0	0	0	0
35	18	13	2013	0	0	0	0
52	30	22	2013	0	0	0	0
37	26	10	2027	0	0	0	0
145	87	67	2021	0	0	0	0
242	95	99	2051	0	0	0	0
226	125	76	2064	0	0	0	0
75	31	35	2024	0	0	0	0
3	1	0	2010	0	0	0	0
38	30	15	2017	0	0	0	0
43	27	12	2014	0	0	0	0
80	42	27	2028	0	0	0	0
4	0	2	2008	0	0	0	0
3	1	1	2006	0	0	0	0
33	18	17	2020	0	0	0	0
128	58	49	2030	0	0	0	0
44	17	12	2010	0	0	0	0
119	60	52	2027	0	0	0	0
161	78	76	2052	0	0	0	0
103	58	46	2029	0	0	0	0
8	1	0	2007	0	0	0	0
99	60	55	2031	0	0	0	0
52	48	21	2017	0	0	0	0
41	12	15	2018	0	0	0	0
50	17	22	2013	0	0	0	0
158	71	61	2035	0	0	0	0
57	23	34	2020	0	0	0	0
205	103	89	2046	0	0	0	0
3	4	1	2009	0	0	0	0
129	63	48	2038	0	0	0	0
54	18	19	2012	0	0	0	0
37	16	19	2011	0	0	0	0
298	115	130	2055	0	0	0	0
5	0	3	2006	0	0	0	0
69	16	30	2017	0	0	0	0
67	18	21	2018	0	0	0	0
106	54	39	2026	0	0	0	0
26	15	10	2013	0	0	0	0
9	3	2	2009	0	0	0	0
110	33	49	2029	0	0	0	0
74	49	43	2017	0	0	0	0
46	14	17	2017	0	0	0	0
10	6	4	2012	0	0	0	0
40	12	19	2015	0	0	0	0
12	10	5	2013	0	0	0	0
51	22	13	2024	0	0	0	0
101	42	38	2035	0	0	0	0
203	64	63	2038	0	0	0	0
17	7	1	2011	0	0	0	0
406	188	167	2120	0	0	0	0
61	35	27	2019	0	0	0	0
22	17	9	2018	0	0	0	0
77	23	30	2024	0	0	0	0
88	20	34	2016	0	0	0	0
128	53	59	2036	0	0	0	0
85	48	31	2015	0	0	0	0
85	33	38	2028	0	0	0	0
95	50	53	2024	0	0	0	0
20	6	7	2018	0	0	0	0
254	139	98	2038	0	0	0	0
22	17	14	2011	0	0	0	0
18	2	6	2008	0	0	0	0
176	80	77	2037	0	0	0	0
244	94	108	2055	0	0	0	0
32	20	19	2018	0	0	0	0
188	85	67	2038	0	0	0	0
274	129	121	2044	0	0	0	0
90	36	34	2014	0	0	0	0
115	51	49	2029	0	0	0	0
23	10	9	2011	0	0	0	0
53	26	13	2018	0	0	0	0
78	44	36	2019	0	0	0	0
96	55	50	2018	0	0	0	0
161	102	46	2040	0	0	0	0
29	15	20	2014	0	0	0	0
54	18	10	2017	0	0	0	0
33	17	7	2017	0	0	0	0
155	79	66	2043	0	0	0	0
116	41	49	2035	0	0	0	0
18	10	8	2012	0	0	0	0
7	2	0	2006	0	0	0	0
109	49	36	2024	0	0	0	0
118	58	46	2033	0	0	0	0
255	118	116	2064	0	0	0	0
96	30	35	2024	0	0	0	0
182	89	73	2046	0	0	0	0
190	79	69	2033	0	0	0	0
107	33	38	2024	0	0	0	0
274	116	104	2048	0	0	0	0
170	58	70	2050	0	0	0	0
46	19	20	2012	0	0	0	0
36	9	10	2024	0	0	0	0
172	84	57	2055	0	0	0	0
54	21	24	2016	0	0	0	0
41	21	6	2009	0	0	0	0
5	1	1	2008	0	0	0	0
50	19	17	2021	0	0	0	0
5	0	1	2008	0	0	0	0
15	3	3	2011	0	0	0	0
82	43	44	2009	0	0	0	0
5	1	2	2009	0	0	0	0
55	12	10	2029	0	0	0	0
20	12	9	2016	0	0	0	0
0	0	1	2006	0	0	0	0
82	34	19	2013	0	0	0	0
13	3	8	2011	0	0	0	0
244	93	124	2068	0	0	0	0
6	1	1	2007	0	0	0	0
13	13	5	2009	0	0	0	0
8	4	5	2016	0	0	0	0
8	2	4	2009	0	0	0	0
77	24	25	2012	0	0	0	0
164	107	108	2031	0	0	0	0
9	7	11	2007	0	0	0	0
7	3	3	2010	0	0	0	0
27	21	11	2013	0	0	0	0
67	34	28	2017	0	0	0	0
44	20	11	2020	0	0	0	0
10	0	2	2009	0	0	0	0
90	38	22	2023	0	0	0	0
83	28	46	2025	0	0	0	0
184	99	89	2049	0	0	0	0
207	118	61	2042	0	0	0	0
35	7	11	2015	0	0	0	0
41	14	19	2019	0	0	0	0
18	1	5	2013	0	0	0	0
124	53	59	2038	0	0	0	0
287	87	105	2046	0	0	0	0
54	39	21	2019	0	0	0	0
52	29	21	2018	0	0	0	0
237	100	74	2030	0	0	0	0
101	49	44	2025	0	0	0	0
270	152	104	2077	0	0	0	0
429	172	162	2080	0	0	0	0
37	18	14	2013	0	0	0	0
14	8	8	2010	0	0	0	0
14	2	1	2012	0	0	0	0
133	68	52	2028	0	0	0	0
1	2	0	2009	0	0	0	0
38	10	14	2009	0	0	0	0
129	41	45	2027	0	0	0	0
18	4	11	2011	0	0	0	0
134	39	48	2030	0	0	0	0
151	69	52	2038	0	0	0	0
52	21	17	2022	0	0	0	0
52	40	13	2026	0	0	0	0
219	96	90	2041	0	0	0	0
30	13	18	2008	0	0	0	0
43	21	20	2019	0	0	0	0
52	28	16	2021	0	0	0	0
171	107	80	2044	0	0	0	0
97	54	39	2021	0	0	0	0
188	72	66	2040	0	0	0	0
203	100	83	2051	0	0	0	0
3	0	2	2007	0	0	0	0
248	100	84	2061	0	0	0	0
144	50	56	2039	0	0	0	0
167	90	66	2054	0	0	0	0
32	4	11	2010	0	0	0	0
106	38	37	2020	0	0	0	0
115	35	35	2026	0	0	0	0
130	66	63	2025	0	0	0	0
98	44	16	2025	0	0	0	0
77	18	28	2010	0	0	0	0
5	3	2	2007	0	0	0	0
101	42	24	2024	0	0	0	0
112	48	46	2029	0	0	0	0
65	24	16	2016	0	0	0	0
48	23	18	2018	0	0	0	0
130	77	58	2039	0	0	0	0
1	0	0	2006	0	0	0	0
2	1	2	2007	0	0	0	0
0	0	0	2006	0	0	0	0
5	1	2	2007	0	0	0	0
5	0	3	2009	0	0	0	0
76	20	32	2010	0	0	0	0
246	131	87	2033	0	0	0	0
3	5	2	2006	0	0	0	0
165	52	50	2038	0	0	0	0
42	39	26	2015	0	0	0	0
56	29	18	2022	0	0	0	0
20	3	7	2017	0	0	0	0
46	35	21	2015	0	0	0	0
148	74	63	2035	0	0	0	0
11	1	0	2013	0	0	0	0
40	23	25	2017	0	0	0	0
168	68	80	2041	0	0	0	0
134	23	70	2044	0	0	0	0
5	3	5	2006	0	0	0	0
178	121	90	2049	0	0	0	0
19	7	9	2012	0	0	0	0
29	7	8	2013	0	0	0	0
59	36	24	2019	0	0	0	0
142	56	46	2024	0	0	0	0
35	9	8	2013	0	0	0	0
254	124	120	2080	0	0	0	0
14	3	5	2010	0	0	0	0
13	4	9	2013	0	0	0	0
247	110	99	2052	0	0	0	0
6	3	2	2007	0	0	0	0
216	113	72	2043	0	0	0	0
23	7	19	2012	0	0	0	0
54	23	29	2015	0	0	0	0
271	164	118	2056	0	0	0	0
244	103	87	2041	0	0	0	0
98	40	48	2028	0	0	0	0
9	8	4	2016	0	0	0	0
60	24	16	2021	0	0	0	0
19	8	4	2013	0	0	0	0
35	21	12	2014	0	0	0	0
167	62	68	2037	0	0	0	0
14	5	4	2010	0	0	0	0
210	91	75	2067	0	0	0	0
25	15	15	2010	0	0	0	0
6	1	0	2006	0	0	0	0
131	64	67	2040	0	0	0	0
93	40	44	2024	0	0	0	0
17	6	5	2010	0	0	0	0
12	8	5	2011	0	0	0	0
188	86	79	2042	0	0	0	0
45	17	14	2009	0	0	0	0
8	8	8	2017	0	0	0	0
24	10	5	2019	0	0	0	0
58	27	27	2034	0	0	0	0
36	23	17	2016	0	0	0	0
138	44	56	2036	0	0	0	0
145	62	60	2039	0	0	0	0
0	0	0	2007	0	0	0	0
116	69	45	2030	0	0	0	0
2	0	0	2009	0	0	0	0
363	135	144	2063	0	0	0	0
53	22	18	2018	0	0	0	0
11	7	6	2010	0	0	0	0
64	21	30	2018	0	0	0	0
42	24	15	2015	0	0	0	0
14	1	4	2014	0	0	0	0
8	1	4	2010	0	0	0	0
125	57	46	2026	0	0	0	0
11	2	1	2008	0	0	0	0
4	1	0	2006	0	0	0	0
20	15	5	2010	0	0	0	0
100	68	48	2025	0	0	0	0
100	50	40	2018	0	0	0	0
60	39	37	2025	0	0	0	0
153	88	70	2044	0	0	0	0
88	37	33	2020	0	0	0	0
10	3	5	2015	0	0	0	0
13	3	11	2007	0	0	0	0
132	53	59	2023	0	0	0	0
75	33	24	2016	0	0	0	0
41	14	17	2020	0	0	0	0
208	113	102	2030	0	0	0	0
15	11	9	2009	0	0	0	0
311	126	123	2055	0	0	0	0
175	90	78	2060	0	0	0	0
21	12	13	2012	0	0	0	0
246	100	97	2039	0	0	0	0
29	11	15	2008	0	0	0	0
5	0	2	2006	0	0	0	0
5	0	0	2007	0	0	0	0
158	73	63	2042	0	0	0	0
34	23	8	2009	0	0	0	0
58	36	32	2021	0	0	0	0
72	28	31	2019	0	0	0	0
161	72	65	2042	0	0	0	0
198	119	98	2063	0	0	0	0
42	22	15	2015	0	0	0	0
4	2	0	2008	0	0	0	0
77	24	25	2017	0	0	0	0
287	142	117	2069	0	0	0	0
234	110	80	2035	0	0	0	0
321	128	159	2076	0	0	0	0
22	10	11	2009	0	0	0	0
76	40	27	2023	0	0	0	0
19	0	7	2008	0	0	0	0
51	30	18	2025	0	0	0	0
45	15	16	2027	0	0	0	0
152	69	63	2045	0	0	0	0
215	102	82	2040	0	0	0	0
119	79	42	2033	0	0	0	0
89	70	39	2023	0	0	0	0
23	13	5	2009	0	0	0	0
37	17	12	2012	0	0	0	0
33	22	5	2024	0	0	0	0
54	27	24	2009	0	0	0	0
35	14	12	2014	0	0	0	0
11	11	7	2011	0	0	0	0
12	0	3	2011	0	0	0	0
