152	81	62	3042	0	0	0	0
14	7	13	3013	0	0	0	0
227	92	80	3049	0	0	0	0
58	28	21	3025	0	0	0	0
18	8	10	3016	0	0	0	0
157	67	74	3037	0	0	0	0
10	1	8	3010	0	0	0	0
215	79	69	3055	0	0	0	0
9	10	4	3014	0	0	0	0
279	94	95	3068	0	0	0	0
148	79	66	3067	0	0	0	0
124	44	50	3043	0	0	0	0
73	29	33	3033	0	0	0	0
115	54	63	3034	0	0	0	0
158	68	65	3036	0	0	0	0
75	22	31	3014	0	0	0	0
4	1	1	3010	0	0	0	0
204	112	88	3028	0	0	0	0
244	110	91	3065	0	0	0	0
46	22	21	3019	0	0	0	0
37	17	18	3018	0	0	0	0
126	42	45	3044	0	0	0	0
149	75	64	3041	0	0	0	0
202	69	72	3033	0	0	0	0
172	94	69	3049	0	0	0	0
11	5	4	3013	0	0	0	0
4	0	0	3009	0	0	0	0
172	81	69	3046	0	0	0	0
286	147	126	3088	0	0	0	0
87	43	39	3020	0	0	0	0
24	4	5	3019	0	0	0	0
89	42	37	3028	0	0	0	0
384	214	187	3088	0	0	0	0
9	1	4	3014	0	0	0	0
123	64	60	3027	0	0	0	0
249	117	104	3075	0	0	0	0
141	50	63	3057	0	0	0	0
94	55	45	3032	0	0	0	0
65	27	14	3026	0	0	0	0
92	24	32	3025	0	0	0	0
33	6	10	3021	0	0	0	0
84	39	37	3048	0	0	0	0
444	181	145	3094	0	0	0	0
278	108	99	3055	0	0	0	0
30	10	22	3015	0	0	0	0
140	63	59	3044	0	0	0	0
546	212	205	3113	0	0	0	0
5	0	2	3010	0	0	0	0
207	121	87	3043	0	0	0	0
15	3	8	3009	0	0	0	0
150	62	53	3065	0	0	0	0
344	162	145	3076	0	0	0	0
13	13	7	3016	0	0	0	0
319	112	112	3069	0	0	0	0
79	16	21	3030	0	0	0	0
246	114	79	3086	0	0	0	0
99	55	41	3047	0	0	0	0
220	86	85	3044	0	0	0	0
174	68	68	3035	0	0	0	0
300	132	139	3068	0	0	0	0
24	10	13	3016	0	0	0	0
454	183	177	3085	0	0	0	0
111	43	37	3022	0	0	0	0
232	116	81	3062	0	0	0	0
166	68	76	3033	0	0	0	0
246	96	114	3068	0	0	0	0
3	3	2	3011	0	0	0	0
124	51	52	3030	0	0	0	0
103	45	34	3041	0	0	0	0
56	16	26	3021	0	0	0	0
91	58	26	3022	0	0	0	0
237	98	78	3051	0	0	0	0
1	0	1	3010	0	0	0	0
48	6	18	3021	0	0	0	0
8	10	3	3015	0	0	0	0
54	13	18	3010	0	0	0	0
26	2	5	3018	0	0	0	0
555	219	189	3094	0	0	0	0
397	168	152	3074	0	0	0	0
10	6	7	3017	0	0	0	0
199	100	79	3051	0	0	0	0
2	3	1	3010	0	0	0	0
4	1	3	3010	0	0	0	0
263	85	106	3075	0	0	0	0
180	41	77	3036	0	0	0	0
65	28	21	3021	0	0	0	0
37	8	15	3022	0	0	0	0
33	21	11	3019	0	0	0	0
384	160	137	3058	0	0	0	0
305	166	121	3079	0	0	0	0
117	71	44	3037	0	0	0	0
62	38	24	3024	0	0	0	0
52	26	11	3027	0	0	0	0
20	0	11	3018	0	0	0	0
162	72	66	3035	0	0	0	0
21	9	10	3013	0	0	0	0
31	9	13	3017	0	0	0	0
16	4	4	3015	0	0	0	0
377	136	141	3087	0	0	0	0
4	4	2	3009	0	0	0	0
62	37	36	3029	0	0	0	0
62	40	42	3036	0	0	0	0
108	62	49	3032	0	0	0	0
66	19	22	3032	0	0	0	0
174	83	70	3036	0	0	0	0
226	100	82	3057	0	0	0	0
125	40	40	3021	0	0	0	0
16	6	4	3010	0	0	0	0
11	2	5	3013	0	0	0	0
114	44	32	3029	0	0	0	0
192	66	83	3054	0	0	0	0
25	6	16	3019	0	0	0	0
136	72	57	3035	0	0	0	0
338	179	126	3082	0	0	0	0
141	62	59	3038	0	0	0	0
230	85	87	3062	0	0	0	0
14	6	4	3015	0	0	0	0
52	15	22	3021	0	0	0	0
95	44	50	3022	0	0	0	0
243	97	86	3047	0	0	0	0
274	88	101	3048	0	0	0	0
437	218	168	3087	0	0	0	0
30	14	11	3027	0	0	0	0
94	44	41	3029	0	0	0	0
205	81	94	3045	0	0	0	0
313	119	130	3062	0	0	0	0
62	36	30	3031	0	0	0	0
330	125	142	3067	0	0	0	0
203	98	112	3045	0	0	0	0
83	25	31	3032	0	0	0	0
12	2	5	3011	0	0	0	0
268	114	106	3077	0	0	0	0
288	140	118	3061	0	0	0	0
99	40	40	3028	0	0	0	0
89	37	32	3036	0	0	0	0
52	25	27	3022	0	0	0	0
361	165	124	3099	0	0	0	0
45	7	14	3012	0	0	0	0
247	109	86	3052	0	0	0	0
144	44	44	3034	0	0	0	0
225	85	87	3063	0	0	0	0
103	32	40	3028	0	0	0	0
90	44	53	3042	0	0	0	0
216	99	89	3048	0	0	0	0
209	97	82	3072	0	0	0	0
149	81	49	3049	0	0	0	0
264	106	86	3060	0	0	0	0
297	111	115	3051	0	0	0	0
22	7	5	3010	0	0	0	0
159	66	68	3054	0	0	0	0
447	174	142	3086	0	0	0	0
14	5	4	3009	0	0	0	0
107	59	39	3032	0	0	0	0
117	40	34	3025	0	0	0	0
175	68	49	3045	0	0	0	0
342	153	121	3067	0	0	0	0
108	47	43	3035	0	0	0	0
50	15	19	3021	0	0	0	0
88	19	28	3034	0	0	0	0
23	6	5	3017	0	0	0	0
35	9	16	3020	0	0	0	0
102	29	38	3023	0	0	0	0
153	74	57	3037	0	0	0	0
388	119	163	3084	0	0	0	0
139	89	50	3030	0	0	0	0
257	139	93	3070	0	0	0	0
9	1	2	3009	0	0	0	0
301	113	102	3059	0	0	0	0
5	2	2	3015	0	0	0	0
156	61	48	3045	0	0	0	0
109	41	33	3031	0	0	0	0
63	21	25	3024	0	0	0	0
293	109	87	3077	0	0	0	0
354	154	145	3098	0	0	0	0
7	3	3	3014	0	0	0	0
139	64	57	3032	0	0	0	0
52	15	20	3017	0	0	0	0
134	76	58	3022	0	0	0	0
201	61	64	3034	0	0	0	0
184	84	78	3051	0	0	0	0
42	13	12	3021	0	0	0	0
85	38	32	3019	0	0	0	0
106	48	46	3033	0	0	0	0
234	74	91	3057	0	0	0	0
115	47	54	3033	0	0	0	0
45	14	17	3015	0	0	0	0
260	138	111	3054	0	0	0	0
129	51	44	3027	0	0	0	0
163	83	72	3037	0	0	0	0
50	18	14	3017	0	0	0	0
193	80	75	3048	0	0	0	0
7	0	2	3010	0	0	0	0
433	175	162	3076	0	0	0	0
56	18	24	3034	0	0	0	0
73	38	33	3040	0	0	0	0
49	20	22	3017	0	0	0	0
16	4	4	3014	0	0	0	0
127	71	47	3058	0	0	0	0
100	43	42	3028	0	0	0	0
14	4	2	3010	0	0	0	0
367	178	144	3091	0	0	0	0
240	101	86	3055	0	0	0	0
27	5	11	3013	0	0	0	0
78	36	30	3025	0	0	0	0
90	35	42	3026	0	0	0	0
18	0	4	3017	0	0	0	0
56	22	13	3030	0	0	0	0
93	41	37	3025	0	0	0	0
15	1	8	3012	0	0	0	0
266	94	79	3056	0	0	0	0
273	116	107	3074	0	0	0	0
157	44	60	3039	0	0	0	0
16	7	8	3012	0	0	0	0
380	166	156	3098	0	0	0	0
20	12	5	3015	0	0	0	0
6	4	1	3010	0	0	0	0
339	139	121	3089	0	0	0	0
52	38	15	3018	0	0	0	0
138	76	50	3041	0	0	0	0
98	28	34	3020	0	0	0	0
72	21	26	3027	0	0	0	0
26	8	10	3014	0	0	0	0
44	13	19	3024	0	0	0	0
23	12	8	3014	0	0	0	0
30	9	18	3012	0	0	0	0
90	37	40	3023	0	0	0	0
142	68	53	3037	0	0	0	0
61	11	26	3021	0	0	0	0
202	73	83	3047	0	0	0	0
130	68	48	3025	0	0	0	0
191	64	60	3047	0	0	0	0
334	156	133	3069	0	0	0	0
241	136	92	3064	0	0	0	0
113	60	26	3033	0	0	0	0
164	81	52	3059	0	0	0	0
99	35	38	3036	0	0	0	0
167	63	59	3060	0	0	0	0
163	70	67	3047	0	0	0	0
43	23	20	3024	0	0	0	0
66	31	27	3018	0	0	0	0
369	175	183	3078	0	0	0	0
240	122	112	3072	0	0	0	0
236	115	105	3046	0	0	0	0
5	0	0	3012	0	0	0	0
164	58	66	3055	0	0	0	0
174	79	76	3043	0	0	0	0
52	27	13	3021	0	0	0	0
209	82	84	3035	0	0	0	0
342	152	131	3084	0	0	0	0
191	91	81	3037	0	0	0	0
8	3	9	3014	0	0	0	0
313	158	149	3082	0	0	0	0
3	1	3	3012	0	0	0	0
177	77	96	3049	0	0	0	0
89	40	48	3038	0	0	0	0
189	69	85	3048	0	0	0	0
134	63	60	3032	0	0	0	0
113	50	52	3029	0	0	0	0
193	79	75	3042	0	0	0	0
222	113	94	3077	0	0	0	0
23	9	2	3016	0	0	0	0
164	106	67	3050	0	0	0	0
25	12	15	3014	0	0	0	0
71	25	45	3019	0	0	0	0
19	7	4	3014	0	0	0	0
147	74	77	3045	0	0	0	0
45	9	15	3020	0	0	0	0
400	186	149	3098	0	0	0	0
72	34	35	3034	0	0	0	0
91	31	28	3032	0	0	0	0
107	50	47	3031	0	0	0	0
197	107	88	3057	0	0	0	0
96	48	28	3033	0	0	0	0
182	88	75	3050	0	0	0	0
8	9	7	3012	0	0	0	0
29	16	13	3015	0	0	0	0
462	233	172	3097	0	0	0	0
281	113	110	3071	0	0	0	0
195	68	84	3048	0	0	0	0
169	73	60	3050	0	0	0	0
17	5	1	3015	0	0	0	0
143	79	79	3035	0	0	0	0
236	107	135	3053	0	0	0	0
338	116	117	3071	0	0	0	0
12	2	4	3009	0	0	0	0
272	131	99	3069	0	0	0	0
17	5	5	3014	0	0	0	0
7	1	2	3009	0	0	0	0
34	11	14	3016	0	0	0	0
95	51	51	3029	0	0	0	0
24	6	16	3018	0	0	0	0
101	50	56	3041	0	0	0	0
33	7	5	3021	0	0	0	0
269	108	118	3036	0	0	0	0
62	18	22	3022	0	0	0	0
105	56	42	3039	0	0	0	0
23	9	7	3014	0	0	0	0
113	57	39	3036	0	0	0	0
259	106	92	3051	0	0	0	0
262	90	94	3059	0	0	0	0
349	147	120	3075	0	0	0	0
260	109	116	3043	0	0	0	0
8	2	8	3015	0	0	0	0
230	111	79	3061	0	0	0	0
120	51	42	3045	0	0	0	0
453	198	177	3100	0	0	0	0
7	6	3	3015	0	0	0	0
69	23	28	3026	0	0	0	0
262	113	116	3056	0	0	0	0
41	34	27	3019	0	0	0	0
12	5	11	3016	0	0	0	0
92	38	36	3031	0	0	0	0
83	43	31	3041	0	0	0	0
85	37	34	3031	0	0	0	0
305	140	132	3069	0	0	0	0
71	37	26	3036	0	0	0	0
185	81	75	3048	0	0	0	0
1	0	0	3012	0	0	0	0
82	38	45	3026	0	0	0	0
129	28	42	3032	0	0	0	0
30	12	12	3021	0	0	0	0
252	93	80	3073	0	0	0	0
216	71	108	3067	0	0	0	0
239	115	71	3068	0	0	0	0
187	84	72	3049	0	0	0	0
159	66	59	3043	0	0	0	0
29	16	13	3014	0	0	0	0
192	90	73	3064	0	0	0	0
36	12	20	3028	0	0	0	0
156	69	54	3040	0	0	0	0
199	90	78	3039	0	0	0	0
13	9	3	3016	0	0	0	0
138	62	67	3039	0	0	0	0
113	62	54	3030	0	0	0	0
140	62	50	3035	0	0	0	0
132	49	52	3033	0	0	0	0
74	16	28	3022	0	0	0	0
281	74	87	3047	0	0	0	0
132	78	75	3041	0	0	0	0
128	39	55	3045	0	0	0	0
126	51	49	3042	0	0	0	0
60	29	22	3023	0	0	0	0
206	108	85	3073	0	0	0	0
295	109	133	3084	0	0	0	0
73	34	26	3022	0	0	0	0
327	107	135	3067	0	0	0	0
58	24	22	3021	0	0	0	0
269	118	95	3066	0	0	0	0
104	50	46	3038	0	0	0	0
190	64	54	3044	0	0	0	0
173	65	57	3040	0	0	0	0
2	2	3	3011	0	0	0	0
17	4	8	3015	0	0	0	0
38	22	15	3020	0	0	0	0
56	36	26	3031	0	0	0	0
25	5	7	3016	0	0	0	0
112	62	39	3031	0	0	0	0
381	158	135	3105	0	0	0	0
86	38	37	3033	0	0	0	0
420	157	136	3111	0	0	0	0
105	46	43	3038	0	0	0	0
512	171	165	3106	0	0	0	0
173	78	73	3062	0	0	0	0
22	6	5	3012	0	0	0	0
2	0	0	3009	0	0	0	0
88	43	45	3027	0	0	0	0
84	41	49	3027	0	0	0	0
97	48	33	3042	0	0	0	0
45	21	16	3021	0	0	0	0
169	88	65	3044	0	0	0	0
144	88	47	3039	0	0	0	0
176	70	77	3051	0	0	0	0
133	81	48	3021	0	0	0	0
6	0	1	3014	0	0	0	0
39	14	16	3019	0	0	0	0
51	31	23	3020	0	0	0	0
13	2	6	3013	0	0	0	0
285	119	111	3066	0	0	0	0
115	45	48	3035	0	0	0	0
486	229	180	3087	0	0	0	0
89	48	37	3039	0	0	0	0
25	11	10	3021	0	0	0	0
98	51	45	3039	0	0	0	0
357	183	143	3095	0	0	0	0
63	17	20	3020	0	0	0	0
50	25	21	3019	0	0	0	0
134	62	59	3045	0	0	0	0
168	56	76	3036	0	0	0	0
76	23	37	3022	0	0	0	0
18	13	7	3013	0	0	0	0
113	57	41	3033	0	0	0	0
33	13	11	3023	0	0	0	0
68	13	34	3023	0	0	0	0
7	2	2	3018	0	0	0	0
41	8	11	3017	0	0	0	0
103	47	36	3023	0	0	0	0
42	15	13	3019	0	0	0	0
314	129	121	3069	0	0	0	0
10	2	1	3009	0	0	0	0
133	47	49	3044	0	0	0	0
269	164	121	3080	0	0	0	0
386	166	147	3063	0	0	0	0
11	7	5	3010	0	0	0	0
15	10	8	3020	0	0	0	0
137	58	54	3046	0	0	0	0
255	108	78	3059	0	0	0	0
36	12	16	3020	0	0	0	0
17	1	6	3018	0	0	0	0
240	117	120	3063	0	0	0	0
281	119	106	3047	0	0	0	0
224	91	72	3053	0	0	0	0
477	188	181	3121	0	0	0	0
25	5	13	3012	0	0	0	0
251	91	80	3053	0	0	0	0
11	2	4	3009	0	0	0	0
47	16	11	3015	0	0	0	0
244	121	117	3038	0	0	0	0
42	31	14	3020	0	0	0	0
27	8	8	3014	0	0	0	0
17	8	5	3016	0	0	0	0
3	1	5	3010	0	0	0	0
145	43	45	3050	0	0	0	0
42	27	19	3028	0	0	0	0
271	137	85	3052	0	0	0	0
70	21	24	3023	0	0	0	0
6	1	3	3011	0	0	0	0
155	64	56	3038	0	0	0	0
522	255	177	3122	0	0	0	0
328	144	154	3088	0	0	0	0
319	138	109	3055	0	0	0	0
2	3	2	3009	0	0	0	0
313	145	101	3076	0	0	0	0
42	36	24	3024	0	0	0	0
138	68	50	3045	0	0	0	0
162	92	70	3044	0	0	0	0
17	10	17	3017	0	0	0	0
278	108	136	3062	0	0	0	0
79	44	22	3025	0	0	0	0
287	118	99	3069	0	0	0	0
237	92	114	3058	0	0	0	0
97	39	47	3024	0	0	0	0
2	1	0	3009	0	0	0	0
7	2	0	3013	0	0	0	0
15	5	4	3017	0	0	0	0
78	32	26	3022	0	0	0	0
114	35	39	3038	0	0	0	0
95	31	33	3022	0	0	0	0
95	31	37	3031	0	0	0	0
27	7	6	3015	0	0	0	0
310	107	131	3080	0	0	0	0
170	78	77	3032	0	0	0	0
8	3	0	3017	0	0	0	0
337	138	148	3099	0	0	0	0
29	6	16	3014	0	0	0	0
245	110	114	3044	0	0	0	0
449	189	163	3105	0	0	0	0
309	103	134	3079	0	0	0	0
117	50	40	3034	0	0	0	0
22	4	5	3013	0	0	0	0
136	68	58	3032	0	0	0	0
44	17	20	3028	0	0	0	0
95	54	28	3045	0	0	0	0
160	71	85	3043	0	0	0	0
269	94	115	3066	0	0	0	0
192	92	64	3030	0	0	0	0
150	80	60	3058	0	0	0	0
295	110	105	3071	0	0	0	0
335	190	130	3075	0	0	0	0
251	129	94	3048	0	0	0	0
29	9	7	3021	0	0	0	0
15	3	13	3010	0	0	0	0
33	23	18	3022	0	0	0	0
208	75	81	3051	0	0	0	0
235	101	103	3050	0	0	0	0
279	97	119	3071	0	0	0	0
19	3	4	3015	0	0	0	0
216	97	83	3060	0	0	0	0
100	26	45	3029	0	0	0	0
271	143	122	3087	0	0	0	0
21	6	7	3015	0	0	0	0
383	162	132	3080	0	0	0	0
228	116	85	3041	0	0	0	0
57	25	18	3017	0	0	0	0
44	23	22	3019	0	0	0	0
279	115	103	3067	0	0	0	0
80	39	27	3023	0	0	0	0
27	6	8	3014	0	0	0	0
129	77	62	3035	0	0	0	0
244	97	104	3050	0	0	0	0
165	63	55	3038	0	0	0	0
14	7	8	3018	0	0	0	0
125	66	59	3030	0	0	0	0
31	13	6	3015	0	0	0	0
181	75	62	3034	0	0	0	0
18	6	7	3019	0	0	0	0
166	69	57	3050	0	0	0	0
15	5	4	3013	0	0	0	0
3	0	5	3009	0	0	0	0
295	88	128	3046	0	0	0	0
62	40	31	3032	0	0	0	0
74	35	36	3027	0	0	0	0
70	18	19	3024	0	0	0	0
297	132	119	3072	0	0	0	0
88	53	53	3031	0	0	0	0
105	38	41	3033	0	0	0	0
154	64	54	3055	0	0	0	0
197	83	84	3063	0	0	0	0
212	97	90	3055	0	0	0	0
275	126	104	3072	0	0	0	0
44	21	14	3030	0	0	0	0
62	18	22	3018	0	0	0	0
303	120	133	3072	0	0	0	0
20	4	5	3019	0	0	0	0
152	70	49	3030	0	0	0	0
23	11	12	3010	0	0	0	0
113	37	30	3030	0	0	0	0
157	88	62	3060	0	0	0	0
138	65	44	3050	0	0	0	0
136	59	63	3038	0	0	0	0
142	58	75	3033	0	0	0	0
182	79	57	3064	0	0	0	0
300	141	123	3083	0	0	0	0
33	18	18	3026	0	0	0	0
189	76	97	3061	0	0	0	0
43	14	22	3018	0	0	0	0
42	14	27	3029	0	0	0	0
212	78	82	3043	0	0	0	0
293	138	115	3070	0	0	0	0
70	21	44	3034	0	0	0	0
42	26	19	3030	0	0	0	0
23	9	14	3014	0	0	0	0
106	35	46	3026	0	0	0	0
25	8	16	3013	0	0	0	0
17	10	6	3021	0	0	0	0
133	51	38	3040	0	0	0	0
47	18	16	3023	0	0	0	0
49	13	15	3024	0	0	0	0
141	58	57	3042	0	0	0	0
160	72	75	3058	0	0	0	0
403	171	146	3088	0	0	0	0
9	3	4	3009	0	0	0	0
41	11	16	3022	0	0	0	0
165	67	69	3047	0	0	0	0
56	37	20	3027	0	0	0	0
18	16	15	3020	0	0	0	0
3	1	3	3010	0	0	0	0
205	103	70	3054	0	0	0	0
25	6	15	3017	0	0	0	0
51	15	16	3018	0	0	0	0
372	147	136	3084	0	0	0	0
329	177	124	3071	0	0	0	0
267	98	82	3064	0	0	0	0
34	10	11	3014	0	0	0	0
333	155	103	3077	0	0	0	0
53	18	16	3025	0	0	0	0
27	8	5	3022	0	0	0	0
32	4	9	3020	0	0	0	0
239	112	96	3064	0	0	0	0
71	41	31	3033	0	0	0	0
129	72	52	3048	0	0	0	0
117	41	45	3036	0	0	0	0
189	69	64	3040	0	0	0	0
176	51	56	3044	0	0	0	0
242	108	85	3091	0	0	0	0
47	10	23	3024	0	0	0	0
13	3	2	3010	0	0	0	0
178	76	86	3042	0	0	0	0
255	88	72	3077	0	0	0	0
37	6	10	3024	0	0	0	0
31	14	15	3012	0	0	0	0
70	38	21	3033	0	0	0	0
38	16	8	3012	0	0	0	0
98	38	33	3035	0	0	0	0
10	6	3	3010	0	0	0	0
26	5	11	3015	0	0	0	0
61	13	22	3021	0	0	0	0
184	75	67	3036	0	0	0	0
96	24	32	3022	0	0	0	0
31	10	10	3016	0	0	0	0
61	22	24	3016	0	0	0	0
441	156	196	3079	0	0	0	0
22	14	16	3021	0	0	0	0
36	14	17	3023	0	0	0	0
349	133	135	3073	0	0	0	0
189	97	58	3032	0	0	0	0
219	86	87	3035	0	0	0	0
15	1	14	3009	0	0	0	0
66	35	20	3022	0	0	0	0
185	89	85	3063	0	0	0	0
459	171	168	3080	0	0	0	0
9	4	9	3015	0	0	0	0
312	97	104	3087	0	0	0	0
248	101	79	3071	0	0	0	0
30	20	9	3014	0	0	0	0
48	15	20	3022	0	0	0	0
254	113	124	3040	0	0	0	0
37	21	13	3018	0	0	0	0
211	92	68	3060	0	0	0	0
243	144	100	3050	0	0	0	0
100	59	39	3029	0	0	0	0
109	46	58	3037	0	0	0	0
129	42	27	3033	0	0	0	0
87	48	38	3019	0	0	0	0
83	39	28	3035	0	0	0	0
84	29	28	3029	0	0	0	0
300	118	123	3062	0	0	0	0
12	2	9	3010	0	0	0	0
152	71	60	3047	0	0	0	0
116	51	66	3024	0	0	0	0
59	18	16	3027	0	0	0	0
42	26	22	3016	0	0	0	0
67	30	45	3033	0	0	0	0
102	49	53	3041	0	0	0	0
24	6	13	3012	0	0	0	0
69	22	21	3021	0	0	0	0
13	2	3	3017	0	0	0	0
337	117	117	3075	0	0	0	0
316	114	114	3052	0	0	0	0
29	5	17	3014	0	0	0	0
293	124	117	3093	0	0	0	0
85	51	27	3035	0	0	0	0
202	76	75	3054	0	0	0	0
75	43	34	3028	0	0	0	0
50	21	25	3016	0	0	0	0
154	68	67	3030	0	0	0	0
235	113	108	3061	0	0	0	0
214	66	78	3040	0	0	0	0
75	36	31	3024	0	0	0	0
32	11	12	3016	0	0	0	0
114	49	60	3030	0	0	0	0
176	88	59	3048	0	0	0	0
330	131	128	3096	0	0	0	0
314	127	122	3079	0	0	0	0
193	107	79	3049	0	0	0	0
110	59	56	3036	0	0	0	0
338	104	122	3068	0	0	0	0
22	7	5	3013	0	0	0	0
295	125	119	3092	0	0	0	0
233	88	84	3054	0	0	0	0
204	119	67	3062	0	0	0	0
266	126	97	3051	0	0	0	0
176	75	47	3061	0	0	0	0
173	71	65	3059	0	0	0	0
250	118	93	3058	0	0	0	0
133	38	56	3025	0	0	0	0
12	3	3	3012	0	0	0	0
181	81	74	3033	0	0	0	0
223	96	101	3050	0	0	0	0
230	127	100	3076	0	0	0	0
40	18	16	3020	0	0	0	0
66	37	26	3030	0	0	0	0
268	108	110	3060	0	0	0	0
175	87	72	3047	0	0	0	0
25	16	6	3027	0	0	0	0
165	93	65	3036	0	0	0	0
243	93	95	3061	0	0	0	0
371	141	129	3096	0	0	0	0
38	19	16	3024	0	0	0	0
156	58	50	3028	0	0	0	0
285	107	107	3085	0	0	0	0
15	14	7	3010	0	0	0	0
283	112	112	3052	0	0	0	0
288	131	86	3061	0	0	0	0
131	53	57	3046	0	0	0	0
11	4	6	3010	0	0	0	0
332	137	122	3082	0	0	0	0
8	6	6	3015	0	0	0	0
157	72	42	3029	0	0	0	0
224	119	111	3055	0	0	0	0
25	11	10	3012	0	0	0	0
42	18	11	3026	0	0	0	0
15	7	5	3010	0	0	0	0
307	131	114	3079	0	0	0	0
54	11	12	3019	0	0	0	0
176	70	84	3043	0	0	0	0
165	78	69	3052	0	0	0	0
26	9	3	3014	0	0	0	0
111	73	52	3045	0	0	0	0
401	157	145	3098	0	0	0	0
50	21	20	3025	0	0	0	0
174	85	93	3066	0	0	0	0
211	93	82	3059	0	0	0	0
515	193	221	3101	0	0	0	0
253	120	106	3055	0	0	0	0
153	55	43	3057	0	0	0	0
139	60	68	3044	0	0	0	0
164	72	53	3044	0	0	0	0
222	106	103	3051	0	0	0	0
144	55	68	3040	0	0	0	0
147	77	78	3051	0	0	0	0
54	20	27	3025	0	0	0	0
49	23	18	3024	0	0	0	0
68	32	25	3028	0	0	0	0
215	91	72	3035	0	0	0	0
104	54	50	3039	0	0	0	0
136	51	44	3040	0	0	0	0
165	57	64	3038	0	0	0	0
39	21	24	3019	0	0	0	0
41	16	14	3015	0	0	0	0
347	115	120	3095	0	0	0	0
167	96	71	3042	0	0	0	0
303	134	122	3065	0	0	0	0
106	23	28	3032	0	0	0	0
5	3	2	3010	0	0	0	0
119	86	45	3060	0	0	0	0
60	26	18	3025	0	0	0	0
133	56	53	3039	0	0	0	0
124	66	43	3024	0	0	0	0
266	129	114	3076	0	0	0	0
130	42	43	3042	0	0	0	0
509	228	220	3122	0	0	0	0
181	80	63	3051	0	0	0	0
3	1	4	3010	0	0	0	0
5	2	7	3016	0	0	0	0
53	38	31	3020	0	0	0	0
7	2	3	3011	0	0	0	0
137	80	58	3032	0	0	0	0
288	123	105	3075	0	0	0	0
185	87	84	3059	0	0	0	0
105	28	53	3028	0	0	0	0
60	16	20	3024	0	0	0	0
20	3	7	3013	0	0	0	0
28	13	12	3014	0	0	0	0
5	1	4	3013	0	0	0	0
141	58	48	3035	0	0	0	0
219	112	77	3072	0	0	0	0
283	153	103	3064	0	0	0	0
151	68	58	3042	0	0	0	0
205	79	71	3059	0	0	0	0
280	142	92	3064	0	0	0	0
8	4	4	3010	0	0	0	0
202	82	63	3048	0	0	0	0
23	9	10	3014	0	0	0	0
41	12	11	3020	0	0	0	0
9	2	2	3016	0	0	0	0
285	81	99	3055	0	0	0	0
246	95	79	3051	0	0	0	0
61	19	22	3021	0	0	0	0
229	111	87	3062	0	0	0	0
15	8	3	3016	0	0	0	0
200	73	60	3041	0	0	0	0
144	72	43	3035	0	0	0	0
431	150	131	3080	0	0	0	0
258	162	129	3054	0	0	0	0
249	114	70	3054	0	0	0	0
191	67	66	3034	0	0	0	0
51	11	12	3028	0	0	0	0
7	1	3	3013	0	0	0	0
318	144	136	3081	0	0	0	0
201	91	89	3064	0	0	0	0
153	59	54	3044	0	0	0	0
21	11	7	3015	0	0	0	0
32	18	10	3023	0	0	0	0
68	25	29	3028	0	0	0	0
98	48	41	3036	0	0	0	0
267	138	88	3068	0	0	0	0
135	58	50	3051	0	0	0	0
280	119	96	3078	0	0	0	0
71	41	42	3032	0	0	0	0
51	47	31	3026	0	0	0	0
8	1	4	3012	0	0	0	0
298	100	126	3064	0	0	0	0
163	61	71	3029	0	0	0	0
230	109	107	3047	0	0	0	0
66	39	19	3027	0	0	0	0
105	47	30	3027	0	0	0	0
15	0	2	3014	0	0	0	0
196	85	76	3039	0	0	0	0
25	13	13	3017	0	0	0	0
212	84	69	3063	0	0	0	0
23	9	9	3013	0	0	0	0
130	45	60	3057	0	0	0	0
36	13	18	3014	0	0	0	0
78	41	29	3024	0	0	0	0
397	176	150	3102	0	0	0	0
12	4	4	3010	0	0	0	0
245	105	105	3068	0	0	0	0
266	103	118	3057	0	0	0	0
289	161	125	3076	0	0	0	0
71	54	26	3034	0	0	0	0
235	87	90	3055	0	0	0	0
106	36	37	3036	0	0	0	0
58	25	29	3017	0	0	0	0
193	81	72	3043	0	0	0	0
220	101	108	3046	0	0	0	0
4	1	2	3012	0	0	0	0
136	46	46	3043	0	0	0	0
372	148	115	3077	0	0	0	0
61	13	19	3024	0	0	0	0
73	31	20	3028	0	0	0	0
236	99	87	3071	0	0	0	0
38	19	13	3013	0	0	0	0
14	1	5	3017	0	0	0	0
80	41	32	3029	0	0	0	0
36	9	10	3016	0	0	0	0
132	39	47	3045	0	0	0	0
7	6	0	3012	0	0	0	0
138	30	61	3044	0	0	0	0
322	163	126	3082	0	0	0	0
187	87	86	3068	0	0	0	0
174	80	73	3066	0	0	0	0
135	57	47	3050	0	0	0	0
291	154	118	3054	0	0	0	0
133	46	71	3036	0	0	0	0
383	178	166	3082	0	0	0	0
207	61	80	3048	0	0	0	0
103	47	46	3023	0	0	0	0
25	11	8	3022	0	0	0	0
4	0	1	3010	0	0	0	0
40	21	12	3024	0	0	0	0
15	3	4	3015	0	0	0	0
419	205	159	3125	0	0	0	0
250	101	87	3074	0	0	0	0
47	15	25	3018	0	0	0	0
27	7	7	3013	0	0	0	0
181	69	79	3038	0	0	0	0
4	1	1	3011	0	0	0	0
6	5	3	3014	0	0	0	0
504	226	166	3104	0	0	0	0
83	47	33	3037	0	0	0	0
246	95	106	3056	0	0	0	0
14	9	5	3017	0	0	0	0
39	17	24	3020	0	0	0	0
37	20	16	3018	0	0	0	0
18	5	6	3012	0	0	0	0
362	117	123	3073	0	0	0	0
130	53	50	3037	0	0	0	0
6	2	4	3014	0	0	0	0
235	89	91	3058	0	0	0	0
356	187	146	3088	0	0	0	0
124	55	37	3037	0	0	0	0
125	66	56	3050	0	0	0	0
103	48	29	3030	0	0	0	0
33	15	10	3017	0	0	0	0
7	1	3	3012	0	0	0	0
44	17	10	3032	0	0	0	0
43	12	15	3017	0	0	0	0
69	29	20	3033	0	0	0	0
114	59	40	3037	0	0	0	0
11	3	1	3013	0	0	0	0
153	92	54	3049	0	0	0	0
54	14	8	3019	0	0	0	0
43	25	18	3019	0	0	0	0
233	133	73	3066	0	0	0	0
65	26	23	3047	0	0	0	0
214	80	103	3058	0	0	0	0
163	66	76	3034	0	0	0	0
39	10	5	3022	0	0	0	0
294	124	97	3055	0	0	0	0
107	45	66	3031	0	0	0	0
158	72	61	3031	0	0	0	0
32	10	18	3021	0	0	0	0
266	124	107	3046	0	0	0	0
84	32	13	3030	0	0	0	0
162	103	53	3043	0	0	0	0
28	9	9	3015	0	0	0	0
13	6	2	3013	0	0	0	0
37	14	21	3019	0	0	0	0
168	62	70	3037	0	0	0	0
91	25	39	3017	0	0	0	0
141	81	50	3026	0	0	0	0
27	21	17	3021	0	0	0	0
100	36	39	3027	0	0	0	0
153	63	63	3064	0	0	0	0
86	48	42	3039	0	0	0	0
228	127	91	3035	0	0	0	0
100	33	44	3019	0	0	0	0
105	43	37	3026	0	0	0	0
131	72	64	3043	0	0	0	0
79	46	51	3041	0	0	0	0
161	69	47	3032	0	0	0	0
259	105	101	3063	0	0	0	0
282	146	111	3079	0	0	0	0
7	1	4	3012	0	0	0	0
156	80	52	3055	0	0	0	0
385	192	167	3094	0	0	0	0
82	37	35	3026	0	0	0	0
86	31	36	3038	0	0	0	0
5	1	4	3010	0	0	0	0
22	5	6	3012	0	0	0	0
136	63	41	3027	0	0	0	0
179	77	69	3054	0	0	0	0
77	37	29	3027	0	0	0	0
161	94	80	3044	0	0	0	0
33	3	14	3016	0	0	0	0
141	58	60	3034	0	0	0	0
252	119	121	3073	0	0	0	0
276	119	109	3054	0	0	0	0
198	102	80	3045	0	0	0	0
109	48	44	3036	0	0	0	0
41	8	12	3014	0	0	0	0
70	41	24	3038	0	0	0	0
96	48	49	3036	0	0	0	0
104	69	50	3027	0	0	0	0
124	40	48	3020	0	0	0	0
310	127	118	3075	0	0	0	0
107	54	48	3036	0	0	0	0
3	0	2	3011	0	0	0	0
176	76	84	3074	0	0	0	0
226	74	74	3055	0	0	0	0
19	7	7	3012	0	0	0	0
7	1	4	3011	0	0	0	0
81	20	42	3033	0	0	0	0
28	5	14	3011	0	0	0	0
29	20	13	3019	0	0	0	0
79	54	52	3028	0	0	0	0
35	17	10	3019	0	0	0	0
191	74	69	3031	0	0	0	0
333	140	132	3046	0	0	0	0
286	113	114	3050	0	0	0	0
111	44	35	3043	0	0	0	0
33	5	7	3016	0	0	0	0
120	68	49	3037	0	0	0	0
50	19	17	3017	0	0	0	0
259	106	109	3055	0	0	0	0
138	53	38	3059	0	0	0	0
125	45	49	3034	0	0	0	0
43	27	32	3021	0	0	0	0
178	81	80	3054	0	0	0	0
152	76	55	3033	0	0	0	0
263	119	120	3068	0	0	0	0
331	160	132	3064	0	0	0	0
191	73	82	3049	0	0	0	0
69	24	15	3024	0	0	0	0
66	26	23	3021	0	0	0	0
27	19	4	3014	0	0	0	0
217	130	95	3045	0	0	0	0
52	22	18	3015	0	0	0	0
193	82	70	3054	0	0	0	0
284	105	105	3068	0	0	0	0
284	105	122	3073	0	0	0	0
142	50	36	3033	0	0	0	0
218	84	98	3057	0	0	0	0
97	53	51	3034	0	0	0	0
35	11	9	3018	0	0	0	0
371	155	128	3091	0	0	0	0
49	33	33	3018	0	0	0	0
67	27	27	3031	0	0	0	0
35	9	6	3015	0	0	0	0
177	88	58	3056	0	0	0	0
138	69	57	3039	0	0	0	0
124	45	61	3037	0	0	0	0
17	1	6	3010	0	0	0	0
256	125	98	3070	0	0	0	0
202	74	76	3044	0	0	0	0
7	4	2	3013	0	0	0	0
157	74	55	3048	0	0	0	0
127	51	67	3030	0	0	0	0
143	66	48	3045	0	0	0	0
58	11	14	3031	0	0	0	0
22	6	5	3014	0	0	0	0
12	9	8	3015	0	0	0	0
290	120	110	3063	0	0	0	0
252	82	109	3077	0	0	0	0
21	8	11	3020	0	0	0	0
172	82	69	3039	0	0	0	0
343	151	167	3077	0	0	0	0
238	81	91	3046	0	0	0	0
36	13	12	3024	0	0	0	0
292	105	96	3062	0	0	0	0
295	152	133	3091	0	0	0	0
334	152	128	3080	0	0	0	0
117	37	51	3041	0	0	0	0
219	98	107	3062	0	0	0	0
125	78	50	3033	0	0	0	0
46	22	18	3024	0	0	0	0
131	54	43	3028	0	0	0	0
301	110	98	3081	0	0	0	0
239	96	88	3068	0	0	0	0
106	47	44	3032	0	0	0	0
129	48	47	3044	0	0	0	0
6	2	0	3014	0	0	0	0
153	54	71	3041	0	0	0	0
161	54	62	3041	0	0	0	0
53	21	28	3017	0	0	0	0
28	11	6	3021	0	0	0	0
14	6	7	3016	0	0	0	0
133	64	59	3028	0	0	0	0
343	126	153	3063	0	0	0	0
193	86	61	3063	0	0	0	0
20	8	7	3016	0	0	0	0
105	67	55	3030	0	0	0	0
228	126	88	3059	0	0	0	0
425	193	169	3093	0	0	0	0
179	83	65	3047	0	0	0	0
18	10	13	3019	0	0	0	0
199	57	73	3038	0	0	0	0
271	132	121	3073	0	0	0	0
155	54	41	3043	0	0	0	0
92	46	22	3043	0	0	0	0
21	5	6	3017	0	0	0	0
243	117	99	3047	0	0	0	0
297	136	116	3096	0	0	0	0
64	9	16	3018	0	0	0	0
19	4	4	3009	0	0	0	0
48	10	20	3018	0	0	0	0
190	103	75	3069	0	0	0	0
47	15	15	3015	0	0	0	0
234	108	97	3060	0	0	0	0
46	21	15	3017	0	0	0	0
