1.5	0.0	0.0	0.0
2.25	0.7142857142857143	0.0	0.0
0.25	0.0	0.0	0.0
2.75	0.9	0.5	0.0
0.5	0.0	0.0	0.0
0.5	0.0	0.0	0.0
1.5	0.0	0.0	0.0
1.0	1.0	0.0	0.0
1.25	0.0	1.0	1.0
0.5	0.0	1.0	0.0
0.75	0.0	0.0	0.0
1.75	0.0	0.0	0.0
0.75	0.0	0.0	0.0
0.5	1.25	0.0	0.0
1.25	0.6923076923076923	0.0	0.0
1.75	0.0	0.0	0.0
1.75	0.0	0.0	0.0
0.75	0.0	0.0	0.0
0.25	0.0	0.0	0.0
2.25	1.625	0.0	0.0
1.0	0.0	0.0	0.0
1.0	0.0	0.0	0.0
2.5	0.9	0.0	0.0
1.0	0.0	0.0	0.0
1.75	0.0	0.0	0.0
1.0	2.0	0.0	0.0
0.25	0.0	0.0	0.0
1.5	0.5	0.3333333333333333	0.0
0.75	1.0	0.0	0.0
1.75	2.0	0.0	0.0
1.25	2.0	0.0	0.0
1.25	0.0	0.0	0.0
1.5	1.0	1.0	0.0
1.0	2.0	0.0	0.0
1.5	0.6666666666666666	0.0	0.0
1.25	0.625	0.5	0.0
0.5	0.0	0.0	0.0
0.5	0.0	0.0	0.0
1.5	1.0	0.0	0.0
1.25	0.0	0.0	0.0
1.25	0.0	0.0	0.0
2.25	0.0	0.0	0.0
2.5	0.0	0.0	0.0
0.75	0.0	1.0	0.0
1.5	0.0	0.0	0.0
0.75	0.0	0.0	0.0
0.75	0.8888888888888888	0.0	0.0
1.0	0.0	0.0	0.0
1.5	0.0	0.0	0.0
1.0	0.0	0.0	0.0
0.5	1.7777777777777777	2.0	0.0
0.25	0.0	0.0	0.0
1.5	0.0	1.5	0.0
0.75	0.0	1.0	0.0
1.0	0.0	0.0	0.0
1.25	1.0	0.0	0.0
1.5	1.3	0.0	0.0
2.25	0.0	0.0	0.0
2.0	0.0	0.0	0.0
0.5	0.5	0.0	0.0
1.75	0.0	0.0	0.0
0.75	0.0	0.0	0.0
1.75	1.1666666666666667	0.0	0.0
1.0	0.0	0.0	0.0
1.25	0.5	0.0	0.0
0.75	0.6666666666666666	0.0	0.0
1.25	0.5	0.0	0.0
1.75	1.3333333333333333	2.0	0.0
0.0	0.0	0.0	0.0
0.5	0.0	0.0	0.0
1.25	0.0	1.0	0.0
1.0	1.1666666666666667	0.0	0.0
1.0	1.0	0.0	0.0
1.0	0.0	0.0	0.0
0.75	0.6428571428571429	1.0	0.0
0.5	0.0	0.0	0.0
1.75	0.0	0.0	0.0
1.75	1.8	0.2	0.0
1.0	0.0	0.0	0.0
0.75	2.0	0.0	0.0
0.5	0.5	0.0	0.0
2.0	1.0	0.0	0.0
0.5	0.0	0.0	0.0
2.75	0.3333333333333333	0.0	0.0
1.5	0.5	0.0	0.0
2.0	0.0	4.0	0.0
1.25	0.0	0.0	0.0
1.25	0.0	0.0	0.0
1.5	0.8333333333333334	0.0	0.0
2.5	0.6	0.5555555555555556	0.0
1.0	0.0	0.0	0.0
1.25	0.0	0.0	0.0
1.0	1.0	0.0	0.0
2.75	0.6363636363636364	0.0	0.0
2.0	1.0	1.5	0.0
1.0	0.0	0.0	0.0
0.5	0.0	0.0	0.0
0.0	0.0	0.0	0.0
0.5	0.0	0.0	0.0
0.75	0.0	0.0	0.0
0.5	0.0	0.0	0.0
0.5	0.0	0.0	0.0
1.25	2.0	0.0	0.0
0.5	2.0	0.0	0.0
3.0	0.0	0.0	0.0
2.0	0.3333333333333333	0.25	0.0
0.75	0.0	0.0	0.0
1.75	0.0	0.0	0.0
0.5	1.0	0.0	0.0
0.25	0.0	0.0	0.0
1.25	1.5	1.0	0.0
2.5	0.6666666666666666	0.0	0.0
1.25	0.75	0.0	0.0
2.0	0.0	0.0	0.0
1.5	0.0	1.0	0.0
0.75	0.0	0.0	0.0
1.25	0.6666666666666666	0.0	0.0
1.0	0.0	0.0	0.0
1.0	0.0	0.0	0.0
0.25	0.0	0.0	0.0
0.5	0.0	0.0	0.0
1.75	0.5	0.0	0.0
0.5	0.0	0.0	0.0
1.25	0.0	0.0	0.0
1.75	1.0	0.0	0.0
1.25	1.0	1.5	0.0
0.5	1.0	0.0	0.0
0.75	0.0	0.0	0.0
1.0	0.0	0.0	0.0
1.25	2.1666666666666665	0.0	0.0
1.0	0.0	0.0	0.0
2.5	0.875	2.0	0.0
0.25	0.0	0.0	0.0
0.75	0.75	0.0	0.0
1.75	0.6	0.0	0.0
2.0	1.125	0.0	0.0
0.25	0.0	0.0	0.0
2.0	0.0	0.0	0.0
1.5	0.0	0.0	0.0
0.75	2.2	0.5	0.0
0.25	0.8333333333333334	0.0	0.0
1.0	1.5	0.0	0.0
1.25	1.0	0.0	0.0
0.75	0.0	0.0	0.0
1.5	1.5	0.0	0.0
1.0	0.0	1.0	0.0
1.5	1.2857142857142858	0.0	0.0
1.25	1.0	0.0	0.0
2.75	1.0	0.6666666666666666	0.0
1.0	0.0	0.0	0.0
1.75	0.3333333333333333	0.0	0.0
0.75	0.0	0.0	0.0
0.25	0.0	0.0	0.0
1.0	0.0	0.0	0.0
1.5	0.4444444444444444	0.0	0.0
0.75	0.0	0.0	0.0
1.5	0.0	0.0	0.0
1.75	0.0	0.0	0.0
1.5	1.0	0.0	0.0
1.25	0.0	0.0	0.0
1.5	0.7777777777777778	0.0	0.0
0.75	0.0	0.0	0.0
0.25	0.0	0.0	0.0
0.5	0.0	0.0	0.0
1.0	0.0	0.0	0.0
0.25	2.0	0.5	0.0
1.25	1.25	2.0	0.0
0.5	0.0	0.0	0.0
1.5	0.6666666666666666	0.0	0.0
0.75	1.25	3.0	0.0
1.0	0.0	0.0	0.0
1.25	0.0	0.0	0.0
1.75	1.1666666666666667	2.0	0.0
0.75	1.25	0.0	0.0
1.25	0.0	1.0	0.0
1.0	0.0	0.0	0.0
2.0	0.0	0.0	0.0
1.0	2.0	0.0	0.0
2.0	1.4285714285714286	0.0	0.0
1.5	0.6666666666666666	1.25	0.0
1.25	0.0	0.0	0.0
2.0	1.0	0.0	0.0
2.75	0.5	0.0	0.0
1.0	0.0	0.0	0.0
2.25	1.0	1.0	0.0
1.75	1.0	1.0	0.0
2.0	0.4	0.0	0.0
0.75	0.0	0.0	0.0
0.5	0.0	0.0	0.0
0.75	0.0	0.0	0.0
1.5	0.0	0.0	0.0
1.5	0.6666666666666666	0.3333333333333333	0.0
2.25	1.5	0.0	0.0
1.0	0.6	0.0	0.0
1.25	0.0	0.0	0.0
0.25	0.0	0.0	0.0
0.75	0.0	0.0	0.0
1.5	0.0	0.0	0.0
1.75	0.0	0.0	0.0
0.75	0.0	0.0	0.0
1.25	0.6666666666666666	1.0	0.0
0.75	1.0	0.0	0.0
1.5	0.625	0.0	0.0
1.0	0.0	0.0	0.0
1.0	0.0	0.0	0.0
1.75	0.0	0.0	0.0
2.75	0.8181818181818182	0.0	0.0
0.25	0.6666666666666666	0.0	0.0
2.0	0.0	0.0	0.0
1.25	1.6666666666666667	1.0	0.0
2.0	0.0	0.0	0.0
1.25	0.0	0.0	0.0
1.5	0.0	0.0	0.0
0.5	1.0	0.0	0.0
1.0	0.0	0.0	0.0
1.5	0.5714285714285714	0.0	0.0
0.75	0.0	0.0	0.0
1.25	1.0	3.0	0.0
0.5	0.0	0.0	0.0
2.0	0.0	0.0	0.0
0.5	0.0	0.0	0.0
0.25	0.0	0.0	0.0
1.5	1.6	0.3333333333333333	0.0
1.25	0.0	0.0	0.0
2.5	0.4	0.0	0.0
0.5	0.0	0.0	0.0
0.5	0.0	0.0	0.0
0.25	0.0	0.0	0.0
1.5	1.3333333333333333	0.0	0.0
2.75	1.0	0.0	0.0
1.0	0.8333333333333334	2.0	0.0
1.25	1.0	0.0	0.0
1.0	0.0	0.0	0.0
2.25	0.6666666666666666	2.0	0.0
1.25	0.0	0.0	0.0
1.0	0.0	0.0	0.0
1.0	0.0	0.0	0.0
1.25	0.0	0.0	0.0
2.0	0.0	0.0	0.0
1.25	0.0	0.0	0.0
1.75	0.0	0.0	0.0
0.0	0.0	0.0	0.0
1.25	1.6666666666666667	0.0	0.0
1.0	0.8	0.0	0.0
1.25	0.0	0.0	0.0
1.5	0.0	0.0	0.0
1.5	0.0	0.0	0.0
0.5	0.0	0.0	0.0
0.75	0.6666666666666666	0.0	0.0
2.5	0.3333333333333333	0.0	0.0
0.75	0.0	0.0	0.0
0.75	0.0	0.5	0.0
1.5	0.0	0.0	0.0
1.0	1.0	0.0	0.0
1.25	2.0	0.0	0.0
1.25	0.0	0.0	0.0
1.25	1.0	0.0	0.0
0.25	0.0	0.0	0.0
0.25	0.0	0.0	0.0
0.75	0.0	0.0	0.0
0.75	0.0	0.0	0.0
0.75	0.0	0.0	0.0
0.75	0.0	0.0	0.0
0.25	3.0	0.0	0.0
0.75	0.0	0.0	0.0
1.5	0.0	0.0	0.0
2.25	0.5	0.0	0.0
0.5	0.0	0.0	0.0
1.75	0.0	0.0	0.0
1.0	0.0	0.0	0.0
0.5	0.4	2.0	0.0
0.75	0.0	0.0	0.0
2.75	0.9333333333333333	0.8	0.0
0.25	0.0	0.0	0.0
1.25	0.6666666666666666	0.0	0.0
2.25	1.1	0.0	0.0
1.25	0.9090909090909091	0.0	0.0
0.75	1.0	0.0	0.0
0.75	0.0	0.0	0.0
1.0	0.0	0.0	0.0
0.25	0.0	0.0	0.0
2.25	0.0	0.0	0.0
1.75	0.0	0.0	0.0
1.25	1.8333333333333333	2.5	0.0
1.5	1.25	0.0	0.0
0.25	0.0	0.0	0.0
1.5	1.0	0.0	0.0
1.75	0.0	0.0	0.0
2.0	0.0	0.0	0.0
0.75	0.0	0.0	0.0
1.0	0.0	0.0	0.0
1.5	0.0	0.0	0.0
1.5	0.9	0.0	0.0
1.0	0.5	0.0	0.0
0.75	0.0	0.0	0.0
1.25	1.0	0.0	0.0
2.0	1.0	0.0	0.0
2.5	0.5714285714285714	2.0	0.0
0.75	0.0	0.0	0.0
1.25	0.6666666666666666	0.0	0.0
0.75	0.0	0.0	0.0
0.5	0.0	0.0	0.0
1.75	1.0	0.0	0.0
1.5	0.0	0.0	0.0
1.0	0.0	0.0	0.0
1.0	0.6	1.2857142857142858	0.0
1.0	2.0	0.0	0.0
0.75	0.0	0.0	0.0
0.25	0.0	0.0	0.0
1.0	2.0	0.0	0.0
1.25	1.25	1.0	0.0
1.25	0.0	0.0	0.0
2.0	0.0	0.0	0.0
0.5	0.0	0.0	0.0
1.0	0.0	3.0	0.0
0.0	0.0	0.0	0.0
1.0	1.0	0.0	0.0
1.25	0.25	0.0	0.0
1.0	0.0	0.0	0.0
1.75	1.3333333333333333	0.0	0.0
1.25	0.0	0.0	0.0
1.5	0.7	0.0	0.0
2.25	0.6666666666666666	0.0	0.0
0.25	0.0	0.0	0.0
0.5	1.7142857142857142	1.25	0.0
1.0	0.0	0.0	0.0
0.5	0.6666666666666666	0.0	0.0
0.75	0.6666666666666666	0.0	0.0
1.5	0.0	0.0	0.0
1.0	0.0	0.0	0.0
1.25	0.0	1.6666666666666667	0.0
1.0	1.6	0.3333333333333333	0.0
1.75	0.0	0.0	0.0
0.5	0.0	0.0	0.0
2.25	1.8333333333333333	2.0	0.0
1.0	1.0	0.0	0.0
2.75	0.0	0.0	0.0
2.0	0.0	0.0	0.0
1.25	0.0	0.0	0.0
0.5	0.0	0.0	0.0
1.75	2.0	1.0	0.0
0.5	0.0	0.0	0.0
0.75	0.0	0.0	0.0
1.25	0.0	0.0	0.0
1.0	1.0	0.5	0.0
1.5	0.6	1.0	0.0
1.0	0.0	0.0	0.0
0.5	0.0	0.0	0.0
1.25	0.6666666666666666	2.0	0.0
1.5	0.0	0.0	0.0
1.25	0.0	0.0	0.0
1.5	0.0	0.0	0.0
0.5	0.0	0.0	0.0
1.25	0.0	0.0	0.0
0.5	2.0	0.0	0.0
2.25	0.0	0.0	0.0
0.5	1.3333333333333333	0.0	0.0
0.5	0.0	0.0	0.0
1.75	4.0	0.0	0.0
0.5	0.0	0.0	0.0
2.0	0.0	0.0	0.0
1.0	0.0	0.0	0.0
0.75	0.0	0.0	0.0
0.5	1.5	1.6666666666666667	0.0
0.75	0.6666666666666666	0.0	0.0
0.75	0.3333333333333333	0.0	0.0
0.75	0.0	0.0	0.0
1.0	0.0	0.0	0.0
1.0	1.375	1.0	0.0
2.5	0.8	0.0	0.0
0.75	0.0	0.0	0.0
0.75	1.3636363636363635	1.0	0.0
1.0	0.0	0.0	0.0
0.5	0.0	0.0	0.0
0.5	2.25	0.0	1.0
1.5	0.8333333333333334	0.0	0.0
0.75	0.5	0.0	0.0
2.0	1.0	0.0	0.0
1.25	1.75	0.0	0.0
1.25	0.0	0.0	0.0
1.5	0.75	2.0	0.0
2.25	0.8333333333333334	0.0	0.0
0.75	0.0	0.0	0.0
0.5	0.0	0.0	0.0
0.75	0.0	0.0	0.0
2.75	2.0	0.0	0.0
0.75	0.0	0.0	0.0
1.75	0.8	2.0	0.0
1.25	0.75	1.0	0.0
1.0	0.0	0.0	0.0
1.5	2.0	0.0	0.0
1.0	0.0	0.0	0.0
1.0	0.0	0.0	0.0
1.25	0.0	0.0	0.0
1.5	0.0	0.0	0.0
2.0	1.0	0.0	0.0
1.25	0.0	0.0	0.0
1.0	0.0	0.0	0.0
1.5	0.0	0.0	0.0
0.5	0.5	0.0	0.0
1.0	0.875	0.6	0.0
1.0	0.0	0.0	0.0
1.0	1.0	0.0	0.0
1.25	0.0	0.0	0.0
1.5	0.0	0.0	0.0
1.0	1.0	0.5	0.0
1.25	0.0	0.0	0.0
0.5	0.0	0.0	0.0
0.75	0.0	0.0	0.0
0.75	0.5	0.0	0.0
1.5	0.5	1.0	0.0
2.25	0.0	0.0	0.0
1.25	0.6	0.0	0.0
0.75	0.5	0.0	0.0
0.5	0.0	0.0	0.0
0.75	0.0	0.0	0.0
0.75	0.0	0.0	0.0
1.75	1.0	0.0	0.0
1.5	0.0	0.0	0.0
1.75	2.0	0.0	0.0
0.5	0.0	0.0	0.0
1.25	1.0	0.0	0.0
0.75	1.0	1.0	0.0
0.25	0.0	0.0	0.0
2.5	0.0	0.0	0.0
1.0	0.0	0.0	0.0
1.75	1.2857142857142858	2.0	0.0
1.75	0.6666666666666666	0.0	0.0
2.25	2.0	1.0	0.0
1.5	0.0	0.0	0.0
1.5	0.0	0.0	0.0
0.5	0.0	0.0	0.0
1.75	1.0	0.0	0.0
0.25	1.0	0.0	0.0
2.0	2.0	0.0	0.0
0.75	0.0	0.0	0.0
1.75	0.0	0.0	0.0
2.0	0.0	0.0	0.0
0.25	1.0	0.0	0.0
1.5	0.0	0.0	0.0
2.0	0.0	0.0	0.0
1.0	0.0	0.0	0.0
0.5	0.0	0.0	0.0
0.5	0.0	0.0	0.0
1.0	0.0	0.0	0.0
1.75	0.0	0.0	0.0
3.0	0.0	0.0	0.0
1.5	0.0	0.0	0.0
0.75	1.125	0.0	0.0
0.75	0.0	0.0	0.0
0.75	0.0	0.0	0.0
1.0	0.0	0.0	0.0
0.5	0.0	0.0	0.0
0.0	0.0	0.0	0.0
0.75	0.0	0.0	0.0
1.25	0.0	0.0	0.0
0.75	0.0	0.0	0.0
1.75	0.0	0.0	0.0
1.75	0.0	0.0	0.0
1.25	0.0	0.0	0.0
1.75	0.0	0.0	0.0
1.5	0.3333333333333333	1.3333333333333333	0.0
0.5	0.0	0.0	0.0
0.5	0.0	0.0	0.0
0.75	0.0	0.0	0.0
1.5	0.0	0.0	0.0
1.75	0.0	0.0	0.0
1.5	0.8	0.0	0.0
0.5	0.0	0.0	0.0
1.25	0.0	0.0	0.0
2.5	1.4	0.0	0.0
1.25	1.0	1.0	0.0
1.0	0.0	0.0	0.0
1.0	0.0	0.0	0.0
1.75	0.0	0.0	0.0
1.0	0.5	0.0	0.0
1.0	0.8	0.0	0.0
0.75	0.0	0.0	0.0
1.0	1.3333333333333333	0.0	0.0
1.25	0.0	0.0	0.0
1.0	1.25	0.0	0.0
2.5	1.5	0.0	0.0
0.25	0.0	0.0	0.0
0.75	0.0	0.0	0.0
1.5	0.0	0.0	0.0
1.5	0.0	0.0	0.0
1.25	0.0	0.0	0.0
1.25	0.3333333333333333	0.0	0.0
1.25	1.0	0.0	0.0
0.0	0.0	0.0	0.0
2.75	1.1428571428571428	0.0	0.0
0.75	0.0	0.0	0.0
0.75	0.0	0.0	0.0
1.0	0.0	0.0	0.0
0.75	0.0	0.0	0.0
1.0	0.0	0.0	0.0
0.25	0.75	0.0	0.0
1.0	0.0	0.0	0.0
1.0	0.0	0.0	0.0
1.0	0.0	0.0	0.0
0.5	0.0	0.0	0.0
0.5	0.0	0.0	0.0
1.25	0.0	0.0	0.0
1.5	0.0	0.0	0.0
1.0	0.0	0.0	0.0
1.0	0.0	0.0	0.0
1.5	0.0	0.0	0.0
1.0	0.0	0.0	0.0
2.5	0.0	0.0	0.0
0.75	0.0	0.0	0.0
1.25	0.0	0.0	0.0
0.75	0.0	0.0	0.0
0.25	0.0	0.0	0.0
1.0	0.6666666666666666	0.0	0.0
0.25	0.0	0.0	0.0
1.0	0.0	0.0	0.0
0.5	0.6	1.0	0.0
0.25	0.0	0.0	0.0
1.5	0.0	0.0	0.0
2.25	1.0	0.0	0.0
0.5	0.0	0.0	0.0
2.75	1.5	0.0	0.0
1.25	0.0	0.0	0.0
1.0	0.0	0.0	0.0
1.75	0.0	0.0	0.0
1.0	0.0	0.0	0.0
3.0	0.0	0.0	0.0
1.0	0.0	0.0	0.0
0.5	0.0	0.0	0.0
1.0	1.0	0.0	0.0
0.5	0.0	0.0	0.0
0.75	0.0	0.0	0.0
1.0	0.0	0.0	0.0
1.5	0.0	0.0	0.0
1.75	0.0	0.0	0.0
1.25	3.5	0.0	0.0
1.0	3.0	0.0	0.0
2.5	2.0	1.0	0.0
1.5	0.0	0.0	0.0
1.25	0.0	0.0	0.0
1.75	0.0	0.0	0.0
3.5	0.0	0.0	0.0
1.75	0.0	0.0	0.0
1.75	0.6	0.0	0.0
1.5	0.0	0.0	0.0
1.0	1.0	0.0	0.0
0.75	0.0	0.0	0.0
0.25	0.0	0.0	0.0
0.5	1.2	0.0	0.0
1.75	1.0	0.0	0.0
1.75	0.5	0.5	0.0
0.5	0.0	0.0	0.0
1.75	0.0	0.0	0.0
0.75	0.0	0.0	0.0
1.25	0.0	0.0	0.0
2.5	0.0	0.0	0.0
0.5	0.3333333333333333	0.0	0.0
2.0	1.0	1.0	0.0
0.0	0.0	0.0	0.0
1.75	1.5	0.0	0.0
2.0	0.0	0.0	0.0
1.0	0.0	0.0	0.0
0.75	0.5	0.0	0.0
1.25	0.6666666666666666	0.0	0.0
1.5	1.0	0.0	0.0
1.25	0.0	0.0	0.0
1.5	0.0	1.5	1.0
2.25	0.0	0.0	0.0
1.0	0.0	0.5	0.0
0.5	0.0	0.0	0.0
0.5	0.0	0.0	0.0
1.0	0.0	0.0	0.0
0.75	0.0	0.0	0.0
1.5	1.0833333333333333	0.0	0.0
1.5	0.0	0.0	0.0
3.25	1.0	0.0	0.0
1.0	0.0	0.0	0.0
0.75	0.0	0.0	0.0
0.5	2.0	0.0	0.0
0.25	0.0	0.0	0.0
0.75	1.5	1.0	0.0
1.75	0.0	0.0	0.0
0.0	0.0	0.0	0.0
0.5	1.0	0.0	0.0
0.75	0.0	0.0	0.0
2.25	0.0	0.0	0.0
0.75	0.0	0.0	0.0
1.5	0.6666666666666666	0.0	0.0
1.25	0.0	0.0	0.0
1.5	0.0	0.0	0.0
1.75	1.2	0.0	0.0
1.25	0.0	0.0	0.0
2.5	0.0	0.0	0.0
1.0	0.0	0.0	0.0
1.5	1.0	0.0	0.0
1.5	0.0	0.0	0.0
0.75	0.0	0.0	0.0
2.0	0.0	0.0	0.0
1.5	0.0	0.0	0.0
1.0	0.5	0.0	0.0
0.75	0.0	0.0	0.0
2.5	1.0	1.0	0.0
2.0	0.0	0.0	0.0
1.5	1.2307692307692308	0.0	0.0
1.5	0.6666666666666666	1.0	0.0
0.75	0.0	0.0	0.0
1.5	1.5	0.0	0.0
1.5	1.8333333333333333	0.0	0.0
1.25	0.0	0.0	0.0
0.75	0.0	0.0	0.0
1.25	0.0	1.0	0.0
1.5	0.0	0.0	0.0
1.0	0.0	0.0	0.0
0.5	0.0	0.0	0.0
1.75	0.0	0.0	0.0
1.0	1.25	0.0	0.0
1.25	0.8	0.0	0.0
1.5	0.0	0.0	0.0
0.25	1.5	0.0	0.0
1.25	0.0	0.0	0.0
0.75	1.0	0.0	0.0
1.25	0.0	0.0	0.0
1.5	0.0	0.0	0.0
1.75	0.0	0.0	0.0
1.0	1.0	0.0	0.0
1.5	1.3636363636363635	0.0	0.0
0.75	0.9	0.0	0.0
0.5	0.0	0.0	0.0
1.5	0.0	1.1	0.0
1.75	1.5	0.0	0.0
1.75	1.0	0.0	0.0
1.0	1.25	1.3333333333333333	0.0
0.75	1.5	0.0	0.0
1.0	0.0	0.0	0.0
0.75	0.0	0.0	0.0
0.75	0.0	0.0	0.0
0.5	0.0	0.0	0.0
2.25	0.5333333333333333	0.0	0.0
1.0	0.0	0.0	0.0
1.25	3.0	0.0	0.0
0.75	0.0	0.0	0.0
1.0	1.0	0.0	0.0
1.75	0.75	0.0	0.0
1.0	0.0	0.0	0.0
1.25	1.0	0.0	0.0
1.0	1.0	0.0	0.0
1.25	0.0	0.0	0.0
2.25	2.0	1.5	0.0
1.25	0.0	2.0	0.0
0.75	0.0	0.0	0.0
0.5	0.5	0.0	0.0
2.0	2.0	1.0	0.0
1.25	0.0	1.0	0.0
0.75	1.8	0.0	0.0
2.75	0.625	0.0	0.0
0.5	0.0	0.0	0.0
0.5	0.0	0.0	0.0
1.0	0.0	0.0	0.0
2.0	0.0	0.0	0.0
1.25	0.3333333333333333	0.0	0.0
0.5	0.0	0.0	0.0
0.5	0.0	0.0	0.0
1.0	0.6666666666666666	0.0	0.0
0.75	1.1818181818181819	2.0	0.0
1.75	0.0	0.0	0.0
3.0	0.0	0.0	0.0
1.0	0.0	0.0	0.0
0.75	0.0	0.0	0.0
1.75	1.0	0.2	0.0
2.5	0.6666666666666666	2.0	0.0
0.75	0.0	0.0	0.0
1.0	0.875	0.75	0.0
0.75	0.0	0.0	0.0
1.25	0.0	0.0	0.0
1.0	0.7777777777777778	2.0	0.0
1.25	0.0	0.0	0.0
2.25	0.0	0.0	0.0
1.0	0.0	0.0	0.0
1.5	1.0	1.4	0.0
1.5	3.0	0.0	0.0
0.75	0.0	0.0	0.0
0.75	2.125	1.0	0.0
1.25	1.8333333333333333	1.0	0.0
0.5	0.0	1.0	0.0
1.5	1.0	0.0	0.0
2.25	0.8333333333333334	3.0	0.0
1.0	0.5714285714285714	0.0	0.0
0.75	0.0	0.0	0.0
0.25	0.0	0.0	0.0
0.75	0.0	0.0	0.0
1.75	0.0	0.0	0.0
1.25	0.5	0.5	0.0
1.75	0.6666666666666666	1.0	0.0
1.25	2.0	0.0	0.0
1.0	1.0	0.0	0.0
1.5	0.0	0.0	0.0
0.75	0.0	0.0	0.0
0.5	0.7777777777777778	1.0	0.0
1.25	0.0	0.0	0.0
0.75	0.0	0.0	0.0
0.75	0.0	0.0	0.0
0.5	0.0	0.0	0.0
1.5	0.0	0.0	0.0
0.5	0.0	0.0	0.0
2.25	0.0	0.0	0.0
0.5	0.0	0.0	0.0
0.75	1.3333333333333333	0.0	0.0
1.75	0.0	0.0	0.0
1.0	0.0	0.0	0.0
1.75	0.0	0.0	0.0
0.75	0.0	0.0	0.0
2.0	2.0	0.0	0.0
1.25	0.0	0.0	0.0
0.75	0.0	0.0	0.0
2.0	0.0	0.0	0.0
0.75	0.0	0.0	0.0
0.5	0.0	0.0	0.0
0.5	1.0	0.3333333333333333	0.0
1.5	0.0	0.0	0.0
0.5	0.0	0.0	0.0
1.0	0.0	0.0	0.0
1.25	2.0	0.0	0.0
1.5	0.0	0.0	0.0
0.75	0.0	0.0	0.0
0.75	0.0	0.0	0.0
0.5	0.0	0.0	0.0
1.0	0.0	0.0	0.0
1.0	0.0	0.0	0.0
0.25	0.0	0.0	0.0
0.5	0.0	0.0	0.0
1.0	1.5	0.5	0.0
1.75	0.0	0.0	0.0
1.75	0.0	0.0	0.0
1.5	0.2	0.0	0.0
0.5	0.0	0.0	0.0
2.0	0.0	0.0	0.0
0.75	0.0	0.0	0.0
1.0	0.0	0.0	0.0
2.25	1.5	0.6666666666666666	0.0
0.75	1.3333333333333333	0.3333333333333333	0.0
1.25	0.0	1.0	0.0
2.25	0.0	0.0	0.0
1.25	1.0	1.0	0.0
0.75	0.0	0.0	0.0
1.0	0.0	0.0	0.0
0.25	0.0	0.0	0.0
0.5	0.0	0.0	0.0
1.75	0.9230769230769231	0.0	0.0
1.0	0.0	0.0	0.0
1.5	0.5	1.2	0.0
1.0	0.0	0.0	0.0
1.5	1.5	0.0	0.0
0.25	1.0	0.0	0.0
0.25	0.0	0.0	0.0
0.75	0.6666666666666666	0.0	0.0
0.25	0.0	0.0	0.0
0.5	0.0	0.0	0.0
0.0	0.0	0.0	0.0
2.25	0.0	0.0	0.0
1.75	0.0	1.0	0.0
0.0	0.0	0.0	0.0
1.5	0.0	0.0	0.0
1.25	0.75	0.0	0.0
0.75	0.0	0.0	0.0
0.25	0.0	0.0	0.0
0.75	2.5	0.0	0.0
1.75	0.8	0.0	0.0
1.75	0.5	0.2	0.0
1.0	0.0	0.0	0.0
1.75	0.6428571428571429	0.0	0.0
1.0	0.0	0.0	0.0
2.5	1.2	0.0	0.0
1.5	0.0	0.0	0.0
1.25	0.0	0.0	0.0
1.0	0.0	0.0	0.0
2.75	0.0	0.0	0.0
1.75	0.4	0.5	0.0
0.25	0.0	0.0	0.0
1.75	2.25	1.0	0.0
0.75	0.0	0.0	0.0
0.75	0.0	0.0	0.0
1.0	0.0	0.0	0.0
0.75	0.0	0.0	1.0
1.25	1.0	0.0	0.0
1.5	0.0	0.0	0.0
1.5	2.0	2.0	0.0
0.75	0.0	0.0	0.0
2.25	1.125	0.0	0.0
1.25	0.8	0.0	0.0
0.75	0.0	0.0	0.0
1.5	0.6666666666666666	0.0	0.0
1.75	1.2	0.0	0.0
2.5	0.6666666666666666	1.0	0.0
1.0	0.0	0.0	0.0
0.75	0.0	0.0	0.0
1.0	1.5	0.0	0.0
0.75	0.0	0.0	0.0
0.75	0.0	0.0	0.0
0.5	1.3	0.0	0.0
1.75	0.0	0.0	0.0
1.25	0.0	0.0	0.0
1.0	0.0	0.0	0.0
1.0	1.0	0.0	0.0
2.0	0.0	2.0	0.0
0.75	0.0	0.0	0.0
2.25	0.0	0.0	0.0
2.5	0.16666666666666666	0.0	0.0
1.25	0.0	0.0	0.0
1.25	0.0	0.0	0.0
2.0	0.0	0.0	0.0
1.0	3.0	0.0	0.0
1.0	0.0	0.0	0.0
1.25	0.0	0.0	0.0
1.75	0.0	0.0	0.0
1.5	1.5	0.0	0.0
1.25	1.3333333333333333	0.0	0.0
1.5	0.0	0.0	0.0
1.5	0.0	0.0	0.0
1.25	0.0	0.0	0.0
1.0	0.5	0.0	0.0
1.75	0.3333333333333333	0.0	0.0
0.75	0.0	0.0	0.0
1.75	4.0	0.0	0.0
1.75	0.0	0.0	0.0
1.25	0.0	0.0	0.0
1.0	0.0	0.0	0.0
1.5	0.0	0.0	0.0
1.0	0.0	0.0	0.0
1.75	1.0	0.0	0.0
0.5	0.0	0.0	0.0
1.5	0.0	0.0	0.0
1.75	0.0	0.0	0.0
0.75	0.0	1.5	0.0
0.75	0.0	0.0	0.0
1.75	0.75	0.0	0.0
0.75	0.25	1.0	0.0
1.0	0.8333333333333334	0.75	0.0
0.5	0.7142857142857143	0.0	0.0
0.5	0.0	0.0	0.0
2.0	1.5	1.0	0.0
0.75	2.0	0.0	0.0
1.25	0.3333333333333333	0.0	0.0
0.5	0.0	0.0	0.0
2.25	0.8333333333333334	0.0	0.0
0.5	0.0	0.0	0.0
0.25	0.0	0.0	0.0
1.25	0.0	0.0	0.0
2.0	0.5	0.0	0.0
0.5	0.0	0.0	0.0
1.0	0.0	0.5	0.0
0.0	0.0	0.0	0.0
1.0	0.0	0.0	0.0
0.75	0.0	0.0	0.0
1.75	0.5	0.0	0.0
1.25	0.0	0.0	0.0
1.75	0.0	0.0	0.0
2.0	0.3333333333333333	0.0	0.0
1.0	1.2	0.0	0.0
1.25	2.0	0.0	0.0
0.5	0.0	0.0	0.0
2.0	0.8333333333333334	0.0	0.0
0.75	0.0	0.0	0.0
1.5	0.0	0.0	0.0
1.75	1.0	0.0	0.0
1.25	0.0	0.0	0.0
1.75	1.0	0.5	0.0
1.25	0.2727272727272727	0.0	0.0
1.25	0.0	0.0	0.0
0.25	0.5	0.0	0.0
1.0	3.0	2.5	0.0
1.0	1.0	0.0	0.0
1.0	0.0	0.0	0.0
1.25	0.0	0.0	0.0
0.5	0.0	0.0	0.0
1.0	1.0	0.0	0.0
1.5	0.0	0.0	0.0
0.75	0.0	0.0	0.0
1.25	0.0	0.0	0.0
1.0	1.1666666666666667	0.3333333333333333	0.0
0.75	0.5	0.0	0.0
2.25	0.7	0.0	0.0
0.25	0.0	0.0	0.0
1.5	0.5555555555555556	0.0	0.0
0.5	0.6666666666666666	1.0	0.0
0.5	0.0	0.0	0.0
0.5	1.0	0.0	0.0
1.5	1.1666666666666667	0.0	0.0
1.25	1.0	0.6666666666666666	0.0
1.5	1.0	0.0	0.0
1.0	0.0	0.0	0.0
0.75	0.0	0.0	0.0
0.75	0.0	0.0	0.0
1.75	2.0	0.0	0.0
0.25	0.0	0.0	0.0
1.25	0.5384615384615384	0.0	0.0
1.5	0.0	0.0	0.0
1.5	1.0	0.0	0.0
1.5	0.0	0.0	0.0
0.25	0.0	0.0	0.0
2.0	1.0	0.0	0.0
1.5	0.0	0.0	0.0
3.25	0.0	0.0	0.0
1.5	0.0	0.0	0.0
1.75	0.4	0.0	0.0
0.25	5.0	1.75	0.0
2.0	0.0	0.0	0.0
0.5	0.0	0.0	0.0
1.0	1.0	0.0	0.0
1.75	0.0	0.0	0.0
1.0	0.0	0.0	0.0
1.5	0.0	0.0	0.0
1.5	0.0	0.0	0.0
0.75	1.0	0.5	0.0
2.5	0.0	0.0	0.0
1.25	0.0	0.8	0.0
1.0	0.0	0.0	0.0
1.0	0.0	0.0	0.0
1.0	0.0	0.0	0.0
1.25	1.6	0.0	0.0
1.5	0.0	0.0	0.0
2.25	0.0	0.0	0.0
1.75	0.0	0.0	0.0
0.25	0.0	0.0	0.0
2.0	0.0	0.0	0.0
1.75	1.2857142857142858	0.0	0.0
0.5	0.0	0.0	0.0
0.25	0.0	0.0	0.0
0.5	0.0	0.0	0.0
1.5	0.0	0.0	0.0
1.25	0.0	0.0	0.0
0.5	0.75	1.0	0.0
1.75	0.5	3.0	0.0
2.0	0.6666666666666666	0.6666666666666666	0.0
1.25	1.0	0.5	1.0
1.25	0.8571428571428571	0.0	0.0
2.0	0.8571428571428571	0.0	0.0
1.25	0.0	0.0	0.0
1.5	0.0	0.0	0.0
1.0	0.3333333333333333	1.6666666666666667	0.0
0.75	0.0	0.0	0.0
1.25	1.0	0.0	0.0
2.25	1.0	0.0	0.0
0.75	0.0	0.0	0.0
2.25	0.0	0.0	0.0
1.5	0.0	0.0	0.0
0.75	0.0	0.0	0.0
0.75	0.0	0.0	0.0
1.25	1.0	0.0	0.0
0.75	0.0	0.0	0.0
1.5	0.3333333333333333	0.0	0.0
1.25	1.0	0.0	0.0
0.25	0.0	0.0	0.0
1.0	0.0	0.0	0.0
1.25	0.0	0.0	0.0
0.25	0.0	0.0	0.0
1.75	2.0	0.0	0.0
1.75	0.0	0.0	0.0
2.0	0.875	0.0	0.0
0.75	0.0	0.0	0.0
0.75	0.0	0.0	0.0
1.25	0.0	0.0	0.0
1.0	0.0	0.0	0.0
0.25	0.0	0.0	0.0
3.75	1.0	0.0	0.0
2.0	2.0	0.0	0.0
0.5	0.5	0.0	0.0
0.25	0.0	0.0	0.0
1.25	0.0	0.0	0.0
1.75	1.0	3.0	0.0
2.0	0.0	0.0	0.0
0.5	0.0	0.0	0.0
0.5	0.0	0.0	0.0
0.75	0.0	0.0	0.0
1.25	0.0	0.0	0.0
1.5	0.625	0.0	0.0
1.25	0.0	0.0	0.0
2.0	1.0	0.0	0.0
2.25	1.2	0.0	0.0
1.25	0.0	0.0	0.5
1.0	0.0	0.0	0.0
2.0	1.5	1.0	0.0
0.5	0.0	0.0	0.0
1.75	0.0	1.0	0.0
1.5	0.0	0.0	0.0
1.25	0.0	1.0	0.0
0.25	0.0	0.0	0.0
0.5	1.0	0.0	0.0
0.5	0.0	0.0	0.0
1.75	0.5	0.0	0.0
2.0	0.0	0.0	0.0
1.25	0.25	1.0	0.0
2.0	0.6666666666666666	0.0	0.0
0.75	0.0	0.0	0.0
1.25	1.0	0.0	0.0
0.75	0.75	0.0	0.0
1.5	0.0	0.0	0.0
1.5	3.0	0.5	1.0
0.5	0.0	0.0	0.0
1.5	0.6666666666666666	0.0	0.0
1.75	0.0	0.0	0.0
