68	43	29	3024	0	0	0	0
14	7	13	3013	0	0	0	0
116	52	41	3032	0	0	0	0
59	29	20	3025	0	0	0	0
18	8	10	3016	0	0	0	0
87	39	34	3026	0	0	0	0
10	1	8	3010	0	0	0	0
179	95	55	3040	0	0	0	0
9	10	4	3014	0	0	0	0
279	101	84	3068	0	0	0	0
142	59	55	3053	0	0	0	0
141	66	68	3042	0	0	0	0
59	23	28	3031	0	0	0	0
153	72	58	3044	0	0	0	0
166	86	62	3046	0	0	0	0
79	23	32	3016	0	0	0	0
4	1	1	3010	0	0	0	0
273	120	99	3037	0	0	0	0
75	51	45	3034	0	0	0	0
46	22	21	3019	0	0	0	0
40	27	18	3015	0	0	0	0
146	50	52	3047	0	0	0	0
290	135	108	3073	0	0	0	0
327	108	120	3078	0	0	0	0
219	131	100	3048	0	0	0	0
11	5	4	3013	0	0	0	0
4	0	0	3009	0	0	0	0
100	39	29	3031	0	0	0	0
292	117	107	3075	0	0	0	0
101	58	43	3031	0	0	0	0
24	4	5	3019	0	0	0	0
109	53	43	3034	0	0	0	0
321	159	158	3059	0	0	0	0
9	1	4	3014	0	0	0	0
281	117	117	3035	0	0	0	0
292	128	114	3072	0	0	0	0
92	35	39	3048	0	0	0	0
303	144	102	3071	0	0	0	0
65	28	14	3026	0	0	0	0
158	50	66	3036	0	0	0	0
33	6	10	3021	0	0	0	0
97	53	41	3043	0	0	0	0
211	84	62	3048	0	0	0	0
126	56	46	3031	0	0	0	0
30	10	22	3015	0	0	0	0
261	117	108	3067	0	0	0	0
459	198	185	3097	0	0	0	0
5	0	2	3010	0	0	0	0
84	77	42	3031	0	0	0	0
15	3	8	3009	0	0	0	0
153	81	44	3054	0	0	0	0
191	73	65	3039	0	0	0	0
13	13	7	3016	0	0	0	0
129	63	48	3033	0	0	0	0
83	18	22	3030	0	0	0	0
234	89	83	3087	0	0	0	0
178	75	64	3066	0	0	0	0
123	41	42	3031	0	0	0	0
106	41	41	3027	0	0	0	0
275	157	95	3072	0	0	0	0
24	10	13	3016	0	0	0	0
176	78	60	3039	0	0	0	0
181	59	63	3041	0	0	0	0
301	130	93	3072	0	0	0	0
178	79	81	3049	0	0	0	0
218	86	75	3048	0	0	0	0
3	3	2	3011	0	0	0	0
162	71	48	3045	0	0	0	0
48	33	21	3034	0	0	0	0
81	44	37	3022	0	0	0	0
100	63	27	3025	0	0	0	0
257	117	82	3066	0	0	0	0
1	0	1	3010	0	0	0	0
78	30	26	3032	0	0	0	0
8	10	3	3015	0	0	0	0
89	31	28	3013	0	0	0	0
26	2	5	3018	0	0	0	0
410	175	144	3080	0	0	0	0
364	156	131	3068	0	0	0	0
10	6	7	3017	0	0	0	0
293	129	120	3065	0	0	0	0
2	3	1	3010	0	0	0	0
4	1	3	3010	0	0	0	0
223	120	78	3061	0	0	0	0
210	61	84	3034	0	0	0	0
65	28	21	3021	0	0	0	0
37	8	15	3022	0	0	0	0
33	21	11	3019	0	0	0	0
349	181	125	3060	0	0	0	0
286	142	121	3082	0	0	0	0
187	111	66	3057	0	0	0	0
89	54	33	3025	0	0	0	0
51	24	10	3028	0	0	0	0
20	0	11	3018	0	0	0	0
17	7	9	3017	0	0	0	0
21	9	10	3013	0	0	0	0
31	9	13	3017	0	0	0	0
16	4	4	3015	0	0	0	0
323	139	139	3074	0	0	0	0
4	4	2	3009	0	0	0	0
195	96	87	3047	0	0	0	0
22	12	18	3014	0	0	0	0
104	41	42	3034	0	0	0	0
66	19	22	3032	0	0	0	0
139	69	64	3034	0	0	0	0
159	77	50	3055	0	0	0	0
119	55	42	3029	0	0	0	0
16	6	4	3010	0	0	0	0
11	2	5	3013	0	0	0	0
272	124	95	3068	0	0	0	0
105	37	42	3041	0	0	0	0
25	6	16	3019	0	0	0	0
138	46	62	3040	0	0	0	0
325	161	128	3074	0	0	0	0
86	38	26	3027	0	0	0	0
164	81	70	3046	0	0	0	0
14	6	4	3015	0	0	0	0
52	15	22	3021	0	0	0	0
81	44	49	3025	0	0	0	0
58	31	29	3019	0	0	0	0
269	98	89	3055	0	0	0	0
211	111	77	3051	0	0	0	0
30	14	11	3027	0	0	0	0
92	50	32	3035	0	0	0	0
110	41	41	3025	0	0	0	0
286	121	118	3056	0	0	0	0
40	17	17	3022	0	0	0	0
440	168	191	3092	0	0	0	0
189	118	106	3054	0	0	0	0
164	71	63	3038	0	0	0	0
12	2	5	3011	0	0	0	0
140	73	68	3054	0	0	0	0
312	161	128	3075	0	0	0	0
68	26	22	3024	0	0	0	0
64	35	28	3031	0	0	0	0
84	32	47	3025	0	0	0	0
310	145	108	3072	0	0	0	0
73	23	31	3029	0	0	0	0
86	32	39	3024	0	0	0	0
145	49	44	3041	0	0	0	0
180	63	78	3048	0	0	0	0
66	22	31	3021	0	0	0	0
116	46	74	3044	0	0	0	0
223	89	99	3051	0	0	0	0
145	81	64	3037	0	0	0	0
195	110	81	3064	0	0	0	0
286	131	89	3070	0	0	0	0
220	92	92	3041	0	0	0	0
22	7	5	3010	0	0	0	0
157	48	68	3040	0	0	0	0
276	119	85	3068	0	0	0	0
14	5	5	3009	0	0	0	0
218	88	83	3041	0	0	0	0
94	30	27	3015	0	0	0	0
205	77	71	3048	0	0	0	0
301	149	121	3069	0	0	0	0
265	133	91	3065	0	0	0	0
147	68	62	3036	0	0	0	0
88	19	28	3034	0	0	0	0
23	6	5	3017	0	0	0	0
35	9	16	3020	0	0	0	0
46	17	19	3017	0	0	0	0
194	84	67	3046	0	0	0	0
334	97	118	3072	0	0	0	0
175	90	76	3038	0	0	0	0
283	130	108	3064	0	0	0	0
9	1	2	3009	0	0	0	0
388	163	149	3067	0	0	0	0
5	2	2	3015	0	0	0	0
81	50	26	3030	0	0	0	0
68	12	16	3025	0	0	0	0
74	27	34	3025	0	0	0	0
228	77	76	3060	0	0	0	0
251	137	103	3054	0	0	0	0
7	3	3	3014	0	0	0	0
117	65	63	3026	0	0	0	0
52	15	20	3017	0	0	0	0
81	45	36	3022	0	0	0	0
187	78	80	3039	0	0	0	0
23	13	9	3018	0	0	0	0
61	21	14	3017	0	0	0	0
135	71	58	3038	0	0	0	0
86	41	45	3028	0	0	0	0
217	65	83	3054	0	0	0	0
44	12	12	3019	0	0	0	0
45	14	17	3015	0	0	0	0
152	53	59	3037	0	0	0	0
184	96	86	3042	0	0	0	0
120	59	60	3033	0	0	0	0
50	18	14	3017	0	0	0	0
131	59	61	3033	0	0	0	0
7	0	2	3010	0	0	0	0
379	170	147	3074	0	0	0	0
52	15	20	3035	0	0	0	0
84	39	42	3038	0	0	0	0
74	27	27	3019	0	0	0	0
16	4	4	3014	0	0	0	0
127	70	56	3061	0	0	0	0
93	41	40	3026	0	0	0	0
14	4	2	3010	0	0	0	0
144	67	58	3031	0	0	0	0
190	84	69	3045	0	0	0	0
27	5	11	3013	0	0	0	0
162	70	54	3036	0	0	0	0
60	22	25	3024	0	0	0	0
18	0	4	3017	0	0	0	0
56	17	12	3028	0	0	0	0
63	34	22	3019	0	0	0	0
15	1	8	3012	0	0	0	0
271	125	106	3064	0	0	0	0
278	95	101	3067	0	0	0	0
182	65	68	3043	0	0	0	0
16	7	8	3012	0	0	0	0
440	189	161	3111	0	0	0	0
20	12	5	3015	0	0	0	0
6	4	1	3010	0	0	0	0
148	65	40	3051	0	0	0	0
191	83	75	3035	0	0	0	0
281	135	108	3056	0	0	0	0
92	32	33	3021	0	0	0	0
69	25	28	3027	0	0	0	0
26	8	10	3014	0	0	0	0
45	22	24	3024	0	0	0	0
23	12	8	3014	0	0	0	0
30	9	18	3012	0	0	0	0
88	37	37	3024	0	0	0	0
79	39	20	3031	0	0	0	0
61	11	26	3021	0	0	0	0
214	95	94	3068	0	0	0	0
225	111	68	3037	0	0	0	0
120	64	34	3040	0	0	0	0
509	178	168	3098	0	0	0	0
293	137	125	3068	0	0	0	0
72	40	16	3024	0	0	0	0
131	51	47	3044	0	0	0	0
180	60	68	3050	0	0	0	0
394	166	159	3085	0	0	0	0
170	86	70	3055	0	0	0	0
49	27	25	3026	0	0	0	0
72	30	28	3019	0	0	0	0
300	121	117	3076	0	0	0	0
160	60	67	3050	0	0	0	0
218	101	86	3050	0	0	0	0
5	0	0	3012	0	0	0	0
153	53	61	3046	0	0	0	0
48	16	16	3022	0	0	0	0
73	34	17	3023	0	0	0	0
200	92	62	3038	0	0	0	0
480	203	156	3086	0	0	0	0
246	125	116	3044	0	0	0	0
8	3	9	3014	0	0	0	0
256	149	100	3063	0	0	0	0
3	1	3	3012	0	0	0	0
154	77	91	3051	0	0	0	0
89	40	49	3038	0	0	0	0
197	93	103	3042	0	0	0	0
150	51	57	3028	0	0	0	0
121	53	55	3029	0	0	0	0
94	36	43	3029	0	0	0	0
259	117	102	3078	0	0	0	0
23	9	2	3016	0	0	0	0
102	69	40	3034	0	0	0	0
25	12	15	3014	0	0	0	0
33	13	23	3013	0	0	0	0
19	7	4	3014	0	0	0	0
358	153	156	3071	0	0	0	0
45	9	15	3020	0	0	0	0
202	106	62	3073	0	0	0	0
71	43	40	3030	0	0	0	0
148	65	54	3037	0	0	0	0
121	68	56	3039	0	0	0	0
187	91	72	3059	0	0	0	0
85	51	28	3033	0	0	0	0
270	110	110	3067	0	0	0	0
8	9	7	3012	0	0	0	0
28	17	15	3015	0	0	0	0
181	60	79	3045	0	0	0	0
115	61	47	3040	0	0	0	0
148	67	63	3041	0	0	0	0
199	104	61	3070	0	0	0	0
17	5	1	3015	0	0	0	0
85	31	40	3027	0	0	0	0
192	107	87	3046	0	0	0	0
264	118	93	3059	0	0	0	0
12	2	4	3009	0	0	0	0
198	78	76	3058	0	0	0	0
17	5	5	3014	0	0	0	0
7	1	2	3009	0	0	0	0
34	11	14	3016	0	0	0	0
59	36	27	3021	0	0	0	0
24	6	16	3018	0	0	0	0
148	71	65	3047	0	0	0	0
16	9	9	3022	0	0	0	0
199	92	78	3038	0	0	0	0
75	26	29	3023	0	0	0	0
123	68	47	3038	0	0	0	0
23	9	7	3014	0	0	0	0
46	28	14	3026	0	0	0	0
108	49	35	3030	0	0	0	0
317	128	103	3047	0	0	0	0
182	81	94	3040	0	0	0	0
226	98	85	3057	0	0	0	0
8	2	8	3015	0	0	0	0
222	94	84	3055	0	0	0	0
124	81	44	3051	0	0	0	0
375	174	149	3074	0	0	0	0
7	6	3	3015	0	0	0	0
61	21	27	3022	0	0	0	0
100	49	49	3033	0	0	0	0
51	25	25	3019	0	0	0	0
12	5	11	3016	0	0	0	0
92	40	36	3031	0	0	0	0
74	31	23	3038	0	0	0	0
87	29	33	3036	0	0	0	0
171	71	60	3052	0	0	0	0
90	54	44	3042	0	0	0	0
160	74	65	3048	0	0	0	0
1	0	0	3012	0	0	0	0
94	49	48	3029	0	0	0	0
95	33	38	3033	0	0	0	0
45	15	21	3028	0	0	0	0
192	75	76	3059	0	0	0	0
171	60	80	3058	0	0	0	0
260	116	92	3061	0	0	0	0
125	70	39	3036	0	0	0	0
352	180	137	3087	0	0	0	0
19	7	7	3012	0	0	0	0
138	46	53	3024	0	0	0	0
36	12	20	3028	0	0	0	0
184	75	58	3045	0	0	0	0
205	97	79	3048	0	0	0	0
13	9	3	3016	0	0	0	0
157	59	72	3044	0	0	0	0
106	62	46	3030	0	0	0	0
147	65	53	3034	0	0	0	0
242	102	73	3050	0	0	0	0
152	65	48	3035	0	0	0	0
319	146	113	3062	0	0	0	0
278	151	131	3061	0	0	0	0
78	25	20	3037	0	0	0	0
112	62	40	3034	0	0	0	0
60	29	22	3023	0	0	0	0
205	93	88	3062	0	0	0	0
211	91	102	3051	0	0	0	0
74	43	26	3022	0	0	0	0
358	143	136	3093	0	0	0	0
33	13	13	3019	0	0	0	0
206	95	100	3062	0	0	0	0
97	54	36	3033	0	0	0	0
87	30	35	3026	0	0	0	0
212	124	78	3041	0	0	0	0
2	2	3	3011	0	0	0	0
17	4	8	3015	0	0	0	0
40	23	17	3019	0	0	0	0
147	80	59	3056	0	0	0	0
25	5	7	3016	0	0	0	0
102	50	38	3031	0	0	0	0
319	131	120	3099	0	0	0	0
259	126	135	3059	0	0	0	0
423	183	146	3090	0	0	0	0
237	113	93	3046	0	0	0	0
318	145	132	3062	0	0	0	0
262	103	109	3067	0	0	0	0
22	6	5	3012	0	0	0	0
2	0	0	3009	0	0	0	0
147	58	77	3042	0	0	0	0
72	37	40	3024	0	0	0	0
166	55	64	3046	0	0	0	0
74	36	24	3027	0	0	0	0
251	100	82	3049	0	0	0	0
191	136	71	3041	0	0	0	0
221	87	79	3056	0	0	0	0
325	120	134	3056	0	0	0	0
6	0	1	3014	0	0	0	0
39	14	16	3019	0	0	0	0
53	32	27	3021	0	0	0	0
13	2	6	3013	0	0	0	0
279	118	111	3069	0	0	0	0
60	26	23	3038	0	0	0	0
450	220	156	3085	0	0	0	0
83	47	32	3040	0	0	0	0
23	10	10	3021	0	0	0	0
111	50	47	3047	0	0	0	0
357	165	139	3091	0	0	0	0
63	17	20	3020	0	0	0	0
50	25	21	3019	0	0	0	0
85	37	32	3030	0	0	0	0
153	73	80	3046	0	0	0	0
125	45	60	3027	0	0	0	0
18	13	7	3013	0	0	0	0
111	57	43	3035	0	0	0	0
37	21	14	3023	0	0	0	0
63	10	33	3024	0	0	0	0
7	2	2	3018	0	0	0	0
38	6	11	3015	0	0	0	0
107	49	37	3023	0	0	0	0
145	73	73	3029	0	0	0	0
287	117	114	3063	0	0	0	0
10	2	1	3009	0	0	0	0
280	138	128	3068	0	0	0	0
208	88	88	3061	0	0	0	0
500	232	206	3091	0	0	0	0
11	7	5	3010	0	0	0	0
15	10	8	3020	0	0	0	0
123	66	59	3025	0	0	0	0
174	57	62	3048	0	0	0	0
36	12	16	3020	0	0	0	0
17	1	6	3018	0	0	0	0
196	89	94	3041	0	0	0	0
242	126	98	3044	0	0	0	0
263	77	104	3054	0	0	0	0
235	96	96	3051	0	0	0	0
25	5	13	3012	0	0	0	0
247	92	84	3053	0	0	0	0
11	2	4	3009	0	0	0	0
47	16	11	3015	0	0	0	0
131	60	52	3031	0	0	0	0
42	32	15	3020	0	0	0	0
27	8	8	3014	0	0	0	0
17	8	5	3016	0	0	0	0
3	1	5	3010	0	0	0	0
78	29	32	3029	0	0	0	0
41	21	25	3029	0	0	0	0
254	129	104	3057	0	0	0	0
70	20	23	3023	0	0	0	0
6	1	3	3011	0	0	0	0
223	104	89	3061	0	0	0	0
503	232	167	3108	0	0	0	0
189	73	70	3060	0	0	0	0
333	161	113	3064	0	0	0	0
2	3	2	3009	0	0	0	0
80	20	31	3025	0	0	0	0
52	20	22	3022	0	0	0	0
290	132	137	3073	0	0	0	0
144	102	64	3047	0	0	0	0
17	10	17	3017	0	0	0	0
178	71	68	3056	0	0	0	0
76	45	23	3025	0	0	0	0
173	73	69	3043	0	0	0	0
130	47	73	3033	0	0	0	0
110	52	48	3027	0	0	0	0
2	1	0	3009	0	0	0	0
7	2	0	3013	0	0	0	0
15	5	4	3017	0	0	0	0
104	27	38	3025	0	0	0	0
95	31	32	3038	0	0	0	0
70	33	21	3022	0	0	0	0
478	196	187	3106	0	0	0	0
27	7	6	3015	0	0	0	0
334	130	126	3080	0	0	0	0
155	63	82	3027	0	0	0	0
8	3	0	3017	0	0	0	0
265	100	84	3080	0	0	0	0
28	11	17	3014	0	0	0	0
54	36	28	3017	0	0	0	0
142	42	64	3044	0	0	0	0
284	144	114	3073	0	0	0	0
42	13	16	3019	0	0	0	0
127	60	59	3024	0	0	0	0
113	48	35	3023	0	0	0	0
48	24	21	3028	0	0	0	0
72	47	21	3035	0	0	0	0
149	46	66	3044	0	0	0	0
331	122	135	3071	0	0	0	0
38	17	8	3013	0	0	0	0
164	76	56	3055	0	0	0	0
260	131	91	3071	0	0	0	0
419	177	157	3079	0	0	0	0
243	117	87	3052	0	0	0	0
29	9	7	3021	0	0	0	0
15	3	13	3010	0	0	0	0
46	30	20	3022	0	0	0	0
234	79	98	3064	0	0	0	0
71	22	38	3020	0	0	0	0
468	168	139	3086	0	0	0	0
19	3	4	3015	0	0	0	0
263	124	115	3071	0	0	0	0
225	92	83	3047	0	0	0	0
302	138	104	3090	0	0	0	0
21	6	7	3015	0	0	0	0
373	175	159	3063	0	0	0	0
177	87	73	3040	0	0	0	0
57	26	18	3017	0	0	0	0
41	21	20	3019	0	0	0	0
260	139	133	3059	0	0	0	0
79	39	27	3023	0	0	0	0
27	6	8	3014	0	0	0	0
149	70	61	3035	0	0	0	0
50	13	27	3024	0	0	0	0
414	219	136	3091	0	0	0	0
14	7	8	3018	0	0	0	0
213	90	80	3054	0	0	0	0
31	13	6	3015	0	0	0	0
100	44	29	3025	0	0	0	0
18	6	7	3019	0	0	0	0
191	81	63	3051	0	0	0	0
15	5	4	3013	0	0	0	0
3	0	5	3009	0	0	0	0
211	91	88	3051	0	0	0	0
70	44	32	3032	0	0	0	0
200	98	82	3061	0	0	0	0
129	43	38	3042	0	0	0	0
103	39	38	3031	0	0	0	0
89	51	48	3032	0	0	0	0
134	56	62	3036	0	0	0	0
170	72	81	3051	0	0	0	0
61	18	19	3029	0	0	0	0
244	120	103	3048	0	0	0	0
310	155	99	3072	0	0	0	0
72	31	19	3032	0	0	0	0
48	9	13	3018	0	0	0	0
240	85	93	3055	0	0	0	0
20	4	5	3019	0	0	0	0
15	15	5	3016	0	0	0	0
23	11	12	3010	0	0	0	0
113	39	35	3044	0	0	0	0
165	98	75	3058	0	0	0	0
43	33	13	3034	0	0	0	0
90	32	34	3034	0	0	0	0
83	34	47	3027	0	0	0	0
243	114	88	3074	0	0	0	0
146	66	66	3038	0	0	0	0
33	18	18	3026	0	0	0	0
45	21	26	3021	0	0	0	0
53	16	19	3013	0	0	0	0
37	5	18	3023	0	0	0	0
281	134	118	3046	0	0	0	0
182	96	68	3034	0	0	0	0
64	21	38	3032	0	0	0	0
43	27	14	3031	0	0	0	0
23	9	14	3014	0	0	0	0
79	40	44	3024	0	0	0	0
26	8	16	3013	0	0	0	0
17	10	6	3021	0	0	0	0
136	60	58	3033	0	0	0	0
56	15	20	3019	0	0	0	0
49	13	15	3024	0	0	0	0
178	78	77	3054	0	0	0	0
82	32	30	3042	0	0	0	0
286	144	122	3056	0	0	0	0
9	3	4	3009	0	0	0	0
41	11	16	3022	0	0	0	0
129	77	76	3039	0	0	0	0
58	37	22	3028	0	0	0	0
57	37	34	3036	0	0	0	0
3	1	3	3010	0	0	0	0
149	82	55	3039	0	0	0	0
133	43	65	3034	0	0	0	0
48	17	18	3016	0	0	0	0
333	138	125	3067	0	0	0	0
217	94	83	3043	0	0	0	0
161	66	57	3045	0	0	0	0
34	10	11	3014	0	0	0	0
198	105	56	3061	0	0	0	0
45	12	11	3025	0	0	0	0
27	8	5	3022	0	0	0	0
32	4	9	3020	0	0	0	0
130	49	61	3059	0	0	0	0
60	33	30	3032	0	0	0	0
261	151	117	3066	0	0	0	0
41	22	12	3020	0	0	0	0
88	37	30	3040	0	0	0	0
182	76	55	3053	0	0	0	0
347	162	120	3110	0	0	0	0
47	10	23	3024	0	0	0	0
13	3	2	3010	0	0	0	0
103	26	36	3029	0	0	0	0
368	145	133	3102	0	0	0	0
37	6	10	3024	0	0	0	0
31	14	15	3012	0	0	0	0
348	166	143	3084	0	0	0	0
38	16	8	3012	0	0	0	0
150	72	72	3037	0	0	0	0
10	6	3	3010	0	0	0	0
26	5	11	3015	0	0	0	0
61	13	22	3021	0	0	0	0
205	82	80	3046	0	0	0	0
112	43	55	3023	0	0	0	0
31	10	10	3016	0	0	0	0
166	69	62	3031	0	0	0	0
133	68	48	3027	0	0	0	0
22	14	16	3021	0	0	0	0
36	14	17	3023	0	0	0	0
166	67	42	3039	0	0	0	0
105	45	24	3026	0	0	0	0
82	31	39	3023	0	0	0	0
15	1	14	3009	0	0	0	0
62	31	23	3024	0	0	0	0
317	124	123	3072	0	0	0	0
232	95	86	3056	0	0	0	0
9	4	9	3015	0	0	0	0
318	131	113	3051	0	0	0	0
233	106	82	3066	0	0	0	0
42	24	7	3014	0	0	0	0
76	34	32	3024	0	0	0	0
295	145	125	3043	0	0	0	0
37	21	13	3018	0	0	0	0
230	89	79	3055	0	0	0	0
96	56	46	3030	0	0	0	0
119	71	55	3037	0	0	0	0
110	44	56	3036	0	0	0	0
179	93	70	3046	0	0	0	0
38	18	18	3018	0	0	0	0
74	36	30	3035	0	0	0	0
58	21	18	3021	0	0	0	0
215	78	73	3043	0	0	0	0
12	2	9	3010	0	0	0	0
92	43	33	3030	0	0	0	0
216	121	109	3045	0	0	0	0
127	43	36	3038	0	0	0	0
42	26	22	3016	0	0	0	0
60	27	35	3029	0	0	0	0
37	24	21	3023	0	0	0	0
24	6	13	3012	0	0	0	0
34	10	11	3015	0	0	0	0
13	2	3	3017	0	0	0	0
277	128	103	3059	0	0	0	0
324	113	91	3061	0	0	0	0
23	5	12	3013	0	0	0	0
228	102	81	3063	0	0	0	0
90	36	26	3033	0	0	0	0
213	118	83	3073	0	0	0	0
178	80	74	3037	0	0	0	0
92	39	32	3029	0	0	0	0
291	144	115	3043	0	0	0	0
90	50	49	3032	0	0	0	0
170	56	51	3051	0	0	0	0
208	93	91	3038	0	0	0	0
32	11	12	3016	0	0	0	0
75	23	24	3023	0	0	0	0
68	39	26	3023	0	0	0	0
417	168	166	3101	0	0	0	0
214	126	91	3062	0	0	0	0
82	39	31	3029	0	0	0	0
116	56	54	3035	0	0	0	0
243	87	90	3043	0	0	0	0
22	7	5	3013	0	0	0	0
309	126	145	3105	0	0	0	0
240	138	119	3050	0	0	0	0
247	122	85	3068	0	0	0	0
338	163	123	3059	0	0	0	0
106	47	40	3047	0	0	0	0
176	81	64	3055	0	0	0	0
142	66	67	3039	0	0	0	0
92	25	31	3039	0	0	0	0
12	3	3	3012	0	0	0	0
223	120	87	3042	0	0	0	0
277	115	104	3048	0	0	0	0
353	183	143	3093	0	0	0	0
40	18	16	3020	0	0	0	0
174	101	74	3053	0	0	0	0
310	114	118	3089	0	0	0	0
78	60	27	3032	0	0	0	0
25	14	4	3027	0	0	0	0
240	138	107	3045	0	0	0	0
206	97	77	3053	0	0	0	0
320	132	129	3053	0	0	0	0
75	41	28	3033	0	0	0	0
269	90	97	3054	0	0	0	0
343	111	113	3082	0	0	0	0
15	14	7	3010	0	0	0	0
283	122	102	3064	0	0	0	0
242	130	102	3055	0	0	0	0
204	76	91	3051	0	0	0	0
11	4	6	3010	0	0	0	0
282	144	135	3066	0	0	0	0
8	6	6	3015	0	0	0	0
151	65	40	3039	0	0	0	0
274	169	124	3046	0	0	0	0
30	4	12	3009	0	0	0	0
185	88	92	3049	0	0	0	0
15	7	5	3010	0	0	0	0
213	89	76	3063	0	0	0	0
65	26	23	3019	0	0	0	0
169	63	69	3045	0	0	0	0
167	82	75	3052	0	0	0	0
26	9	3	3014	0	0	0	0
312	123	123	3065	0	0	0	0
202	83	59	3043	0	0	0	0
49	21	20	3025	0	0	0	0
230	100	110	3059	0	0	0	0
156	105	78	3040	0	0	0	0
118	54	42	3024	0	0	0	0
361	179	148	3069	0	0	0	0
248	135	118	3062	0	0	0	0
111	57	49	3040	0	0	0	0
141	52	52	3038	0	0	0	0
140	53	60	3038	0	0	0	0
204	70	72	3047	0	0	0	0
157	91	83	3056	0	0	0	0
57	23	28	3024	0	0	0	0
38	16	17	3024	0	0	0	0
68	32	25	3028	0	0	0	0
95	45	35	3019	0	0	0	0
32	18	20	3013	0	0	0	0
180	86	72	3046	0	0	0	0
176	69	71	3043	0	0	0	0
31	12	22	3017	0	0	0	0
41	16	14	3015	0	0	0	0
336	124	111	3101	0	0	0	0
149	66	72	3053	0	0	0	0
315	148	139	3057	0	0	0	0
130	44	45	3041	0	0	0	0
5	3	2	3010	0	0	0	0
161	110	89	3051	0	0	0	0
50	15	19	3019	0	0	0	0
133	69	55	3034	0	0	0	0
57	26	21	3017	0	0	0	0
95	59	50	3034	0	0	0	0
114	41	41	3038	0	0	0	0
407	167	188	3102	0	0	0	0
188	97	76	3047	0	0	0	0
3	1	4	3010	0	0	0	0
5	2	7	3016	0	0	0	0
89	52	39	3029	0	0	0	0
7	2	3	3011	0	0	0	0
90	53	47	3027	0	0	0	0
363	121	121	3069	0	0	0	0
112	48	43	3038	0	0	0	0
136	60	56	3035	0	0	0	0
62	18	22	3025	0	0	0	0
20	3	7	3013	0	0	0	0
29	14	13	3014	0	0	0	0
5	1	4	3013	0	0	0	0
139	57	56	3032	0	0	0	0
238	87	102	3080	0	0	0	0
195	122	83	3067	0	0	0	0
239	99	96	3037	0	0	0	0
237	105	84	3069	0	0	0	0
185	99	68	3045	0	0	0	0
8	4	4	3010	0	0	0	0
83	24	51	3022	0	0	0	0
23	9	10	3014	0	0	0	0
41	12	11	3020	0	0	0	0
9	2	2	3016	0	0	0	0
154	25	62	3036	0	0	0	0
119	46	51	3030	0	0	0	0
108	48	37	3034	0	0	0	0
246	109	88	3048	0	0	0	0
15	8	3	3016	0	0	0	0
189	58	64	3040	0	0	0	0
191	91	67	3034	0	0	0	0
340	137	128	3065	0	0	0	0
198	128	97	3037	0	0	0	0
63	32	23	3027	0	0	0	0
97	27	36	3022	0	0	0	0
51	11	12	3028	0	0	0	0
7	1	3	3013	0	0	0	0
313	162	114	3084	0	0	0	0
142	63	59	3060	0	0	0	0
129	55	46	3038	0	0	0	0
21	11	7	3015	0	0	0	0
27	18	5	3022	0	0	0	0
128	56	46	3032	0	0	0	0
57	20	18	3023	0	0	0	0
353	130	136	3060	0	0	0	0
194	76	62	3053	0	0	0	0
273	120	106	3047	0	0	0	0
70	42	45	3031	0	0	0	0
155	90	77	3037	0	0	0	0
8	1	4	3012	0	0	0	0
323	157	137	3072	0	0	0	0
134	51	63	3031	0	0	0	0
35	19	16	3013	0	0	0	0
65	39	19	3027	0	0	0	0
104	33	36	3031	0	0	0	0
15	0	2	3014	0	0	0	0
148	61	52	3029	0	0	0	0
25	13	13	3017	0	0	0	0
184	47	56	3047	0	0	0	0
23	9	9	3013	0	0	0	0
222	90	83	3059	0	0	0	0
36	13	18	3014	0	0	0	0
84	37	38	3020	0	0	0	0
365	167	162	3095	0	0	0	0
12	4	4	3010	0	0	0	0
146	69	59	3037	0	0	0	0
287	119	130	3068	0	0	0	0
241	140	108	3064	0	0	0	0
115	89	48	3059	0	0	0	0
130	69	62	3046	0	0	0	0
125	60	38	3034	0	0	0	0
29	13	16	3016	0	0	0	0
161	76	59	3032	0	0	0	0
242	131	92	3050	0	0	0	0
4	1	2	3012	0	0	0	0
79	51	29	3022	0	0	0	0
152	66	53	3047	0	0	0	0
61	13	19	3024	0	0	0	0
34	12	8	3020	0	0	0	0
155	81	48	3041	0	0	0	0
38	19	13	3013	0	0	0	0
14	1	5	3017	0	0	0	0
143	68	50	3033	0	0	0	0
36	9	10	3016	0	0	0	0
316	149	137	3062	0	0	0	0
7	6	0	3012	0	0	0	0
266	108	116	3069	0	0	0	0
299	132	110	3083	0	0	0	0
267	103	98	3073	0	0	0	0
164	64	77	3035	0	0	0	0
171	85	77	3054	0	0	0	0
366	189	155	3064	0	0	0	0
210	95	94	3056	0	0	0	0
286	145	119	3075	0	0	0	0
155	57	55	3039	0	0	0	0
78	39	38	3021	0	0	0	0
25	11	8	3022	0	0	0	0
4	0	1	3010	0	0	0	0
40	21	14	3024	0	0	0	0
15	3	4	3015	0	0	0	0
435	210	155	3131	0	0	0	0
201	105	84	3065	0	0	0	0
44	14	20	3018	0	0	0	0
97	23	36	3020	0	0	0	0
322	173	125	3065	0	0	0	0
4	1	1	3011	0	0	0	0
6	5	3	3014	0	0	0	0
449	198	150	3121	0	0	0	0
123	57	47	3041	0	0	0	0
167	71	51	3044	0	0	0	0
14	9	5	3017	0	0	0	0
215	127	90	3052	0	0	0	0
43	25	15	3019	0	0	0	0
18	5	6	3012	0	0	0	0
263	135	101	3055	0	0	0	0
185	73	66	3046	0	0	0	0
6	2	4	3014	0	0	0	0
154	71	75	3038	0	0	0	0
307	137	102	3066	0	0	0	0
134	45	34	3044	0	0	0	0
112	51	65	3038	0	0	0	0
77	45	23	3024	0	0	0	0
33	15	10	3017	0	0	0	0
7	1	3	3012	0	0	0	0
282	113	97	3086	0	0	0	0
61	21	26	3019	0	0	0	0
120	45	38	3035	0	0	0	0
264	118	101	3053	0	0	0	0
11	3	1	3013	0	0	0	0
98	70	40	3033	0	0	0	0
50	14	11	3014	0	0	0	0
43	25	18	3019	0	0	0	0
351	197	123	3113	0	0	0	0
100	43	41	3045	0	0	0	0
273	112	112	3063	0	0	0	0
161	44	63	3026	0	0	0	0
39	10	5	3022	0	0	0	0
328	139	106	3069	0	0	0	0
23	7	17	3016	0	0	0	0
180	83	72	3043	0	0	0	0
133	53	48	3034	0	0	0	0
183	105	69	3041	0	0	0	0
52	17	16	3026	0	0	0	0
25	21	5	3021	0	0	0	0
28	9	9	3015	0	0	0	0
13	6	2	3013	0	0	0	0
36	14	19	3019	0	0	0	0
225	89	95	3040	0	0	0	0
69	23	36	3014	0	0	0	0
139	64	43	3040	0	0	0	0
27	26	14	3024	0	0	0	0
219	107	90	3058	0	0	0	0
186	88	99	3068	0	0	0	0
87	48	40	3026	0	0	0	0
223	134	106	3044	0	0	0	0
117	43	41	3020	0	0	0	0
120	53	40	3032	0	0	0	0
207	102	68	3050	0	0	0	0
82	55	53	3040	0	0	0	0
139	80	73	3030	0	0	0	0
264	101	99	3053	0	0	0	0
124	53	43	3059	0	0	0	0
7	1	4	3012	0	0	0	0
309	111	122	3074	0	0	0	0
230	104	84	3061	0	0	0	0
83	19	20	3023	0	0	0	0
75	38	27	3031	0	0	0	0
5	1	4	3010	0	0	0	0
22	5	6	3012	0	0	0	0
95	39	35	3023	0	0	0	0
328	150	119	3082	0	0	0	0
66	28	17	3025	0	0	0	0
222	102	92	3065	0	0	0	0
32	5	14	3016	0	0	0	0
168	82	61	3053	0	0	0	0
117	36	49	3035	0	0	0	0
200	90	82	3037	0	0	0	0
222	107	96	3049	0	0	0	0
203	83	80	3043	0	0	0	0
41	8	12	3014	0	0	0	0
139	59	50	3035	0	0	0	0
79	38	39	3032	0	0	0	0
141	78	69	3034	0	0	0	0
153	54	55	3032	0	0	0	0
224	108	94	3052	0	0	0	0
86	51	39	3032	0	0	0	0
3	0	2	3011	0	0	0	0
189	91	77	3055	0	0	0	0
174	67	68	3050	0	0	0	0
19	7	7	3012	0	0	0	0
7	1	4	3011	0	0	0	0
127	60	72	3038	0	0	0	0
28	5	14	3011	0	0	0	0
34	27	13	3016	0	0	0	0
67	35	49	3024	0	0	0	0
31	17	8	3019	0	0	0	0
55	19	32	3022	0	0	0	0
223	79	86	3032	0	0	0	0
150	50	57	3035	0	0	0	0
138	57	59	3050	0	0	0	0
33	5	7	3016	0	0	0	0
198	107	93	3043	0	0	0	0
63	24	26	3017	0	0	0	0
264	112	111	3053	0	0	0	0
126	38	44	3049	0	0	0	0
156	47	57	3035	0	0	0	0
34	9	24	3018	0	0	0	0
160	83	55	3047	0	0	0	0
150	73	54	3031	0	0	0	0
59	25	39	3027	0	0	0	0
139	67	53	3037	0	0	0	0
242	86	93	3052	0	0	0	0
69	24	15	3024	0	0	0	0
104	47	42	3031	0	0	0	0
36	24	15	3017	0	0	0	0
126	73	68	3028	0	0	0	0
52	22	18	3015	0	0	0	0
182	106	80	3043	0	0	0	0
246	96	78	3066	0	0	0	0
259	116	103	3075	0	0	0	0
79	36	42	3026	0	0	0	0
291	158	125	3053	0	0	0	0
93	62	53	3023	0	0	0	0
35	11	9	3018	0	0	0	0
284	128	108	3072	0	0	0	0
75	40	39	3021	0	0	0	0
114	55	50	3033	0	0	0	0
35	9	6	3015	0	0	0	0
101	59	33	3041	0	0	0	0
88	34	46	3034	0	0	0	0
209	107	86	3068	0	0	0	0
17	1	6	3010	0	0	0	0
110	50	63	3052	0	0	0	0
142	55	48	3042	0	0	0	0
7	4	2	3013	0	0	0	0
235	139	101	3076	0	0	0	0
108	45	46	3017	0	0	0	0
330	152	111	3083	0	0	0	0
70	26	25	3043	0	0	0	0
22	6	5	3014	0	0	0	0
12	9	8	3015	0	0	0	0
90	42	36	3032	0	0	0	0
202	71	87	3051	0	0	0	0
126	62	56	3036	0	0	0	0
171	74	61	3049	0	0	0	0
228	94	92	3060	0	0	0	0
184	78	74	3046	0	0	0	0
32	12	12	3024	0	0	0	0
264	110	88	3056	0	0	0	0
172	104	77	3067	0	0	0	0
335	133	136	3065	0	0	0	0
151	68	66	3048	0	0	0	0
280	122	148	3078	0	0	0	0
92	58	40	3028	0	0	0	0
57	31	29	3022	0	0	0	0
165	92	61	3033	0	0	0	0
192	89	78	3061	0	0	0	0
366	158	131	3088	0	0	0	0
202	94	74	3046	0	0	0	0
168	77	70	3039	0	0	0	0
6	2	0	3014	0	0	0	0
141	64	67	3033	0	0	0	0
31	7	14	3016	0	0	0	0
65	26	31	3017	0	0	0	0
47	14	15	3023	0	0	0	0
14	6	7	3016	0	0	0	0
193	105	76	3046	0	0	0	0
320	113	114	3062	0	0	0	0
82	34	24	3027	0	0	0	0
20	8	7	3016	0	0	0	0
69	45	37	3030	0	0	0	0
67	46	25	3023	0	0	0	0
290	174	129	3082	0	0	0	0
174	115	76	3054	0	0	0	0
18	10	13	3019	0	0	0	0
221	80	92	3047	0	0	0	0
277	130	126	3063	0	0	0	0
109	43	30	3035	0	0	0	0
92	41	37	3038	0	0	0	0
21	5	6	3017	0	0	0	0
44	12	14	3023	0	0	0	0
323	201	132	3072	0	0	0	0
138	54	63	3030	0	0	0	0
19	4	4	3009	0	0	0	0
48	10	20	3018	0	0	0	0
92	51	37	3044	0	0	0	0
123	31	30	3028	0	0	0	0
253	94	91	3044	0	0	0	0
46	21	15	3017	0	0	0	0
