14	3	2	1006	0	0	0	0
37	17	15	1016	0	0	0	0
0	0	1	1004	0	0	0	0
167	86	62	1051	0	0	0	0
2	4	4	1004	0	0	0	0
18	12	5	1007	0	0	0	0
159	81	86	1033	0	0	0	0
96	50	41	1025	0	0	0	0
145	86	79	1029	0	0	0	0
17	8	10	1004	0	0	0	0
11	5	6	1005	0	0	0	0
16	13	15	1008	0	0	0	0
1	1	3	1005	0	0	0	0
156	67	62	1033	0	0	0	0
199	98	100	1023	0	0	0	0
12	2	5	1006	0	0	0	0
7	5	2	1009	0	0	0	0
8	8	7	1009	0	0	0	0
9	0	2	1005	0	0	0	0
274	123	100	1052	0	0	0	0
1	0	0	1007	0	0	0	0
52	34	23	1018	0	0	0	0
17	4	3	1009	0	0	0	0
12	3	1	1007	0	0	0	0
6	1	3	1006	0	0	0	0
39	5	13	1010	0	0	0	0
1	0	0	1004	0	0	0	0
441	181	178	1060	0	0	0	0
167	78	58	1028	0	0	0	0
12	2	4	1009	0	0	0	0
154	101	58	1046	0	0	0	0
13	1	7	1005	0	0	0	0
33	17	5	1006	0	0	0	0
131	78	55	1022	0	0	0	0
310	126	93	1051	0	0	0	0
52	37	18	1027	0	0	0	0
2	0	1	1004	0	0	0	0
1	2	1	1004	0	0	0	0
95	40	43	1021	0	0	0	0
165	54	73	1034	0	0	0	0
69	27	24	1016	0	0	0	0
53	13	28	1021	0	0	0	0
16	6	4	1007	0	0	0	0
27	11	14	1009	0	0	0	0
1	2	3	1014	0	0	0	0
7	0	1	1012	0	0	0	0
82	54	33	1010	0	0	0	0
66	42	43	1014	0	0	0	0
116	62	50	1029	0	0	0	0
96	43	28	1018	0	0	0	0
106	65	41	1023	0	0	0	0
1	0	0	1004	0	0	0	0
136	49	49	1027	0	0	0	0
29	7	7	1013	0	0	0	0
124	65	62	1026	0	0	0	0
276	109	96	1057	0	0	0	0
416	174	167	1061	0	0	0	0
222	107	89	1064	0	0	0	0
9	9	5	1009	0	0	0	0
321	139	115	1052	0	0	0	0
32	13	9	1005	0	0	0	0
1	0	2	1004	0	0	0	0
29	10	15	1009	0	0	0	0
5	8	0	1008	0	0	0	0
194	71	78	1038	0	0	0	0
139	79	48	1020	0	0	0	0
119	54	51	1017	0	0	0	0
39	10	19	1016	0	0	0	0
0	0	0	1004	0	0	0	0
4	2	2	1005	0	0	0	0
8	3	2	1007	0	0	0	0
30	9	4	1012	0	0	0	0
49	31	25	1008	0	0	0	0
131	75	55	1024	0	0	0	0
132	78	43	1045	0	0	0	0
2	0	0	1004	0	0	0	0
256	124	94	1032	0	0	0	0
164	67	43	1030	0	0	0	0
17	5	7	1004	0	0	0	0
20	8	7	1010	0	0	0	0
5	0	0	1006	0	0	0	0
45	24	17	1008	0	0	0	0
1	0	0	1004	0	0	0	0
281	137	146	1051	0	0	0	0
13	5	6	1010	0	0	0	0
333	124	135	1075	0	0	0	0
16	4	4	1007	0	0	0	0
14	6	3	1011	0	0	0	0
93	35	45	1024	0	0	0	0
54	26	16	1020	0	0	0	0
4	1	6	1007	0	0	0	0
82	47	34	1022	0	0	0	0
183	51	83	1032	0	0	0	0
242	105	92	1051	0	0	0	0
202	75	68	1021	0	0	0	0
43	20	21	1014	0	0	0	0
131	71	41	1025	0	0	0	0
0	0	0	1004	0	0	0	0
14	7	3	1010	0	0	0	0
7	0	5	1006	0	0	0	0
6	2	1	1005	0	0	0	0
2	0	0	1005	0	0	0	0
96	38	41	1018	0	0	0	0
197	82	78	1042	0	0	0	0
17	9	12	1008	0	0	0	0
135	86	51	1032	0	0	0	0
2	3	2	1005	0	0	0	0
14	1	2	1007	0	0	0	0
28	9	5	1012	0	0	0	0
1	0	0	1004	0	0	0	0
56	26	22	1016	0	0	0	0
156	67	73	1038	0	0	0	0
8	1	3	1005	0	0	0	0
136	62	53	1023	0	0	0	0
267	100	120	1042	0	0	0	0
237	120	80	1039	0	0	0	0
130	74	57	1021	0	0	0	0
3	2	1	1006	0	0	0	0
6	4	2	1006	0	0	0	0
0	0	0	1005	0	0	0	0
19	12	10	1004	0	0	0	0
275	145	130	1056	0	0	0	0
5	1	0	1004	0	0	0	0
3	1	0	1006	0	0	0	0
78	31	24	1023	0	0	0	0
257	129	94	1043	0	0	0	0
137	53	44	1035	0	0	0	0
10	2	2	1005	0	0	0	0
6	0	0	1006	0	0	0	0
161	76	101	1038	0	0	0	0
12	2	4	1009	0	0	0	0
300	114	119	1052	0	0	0	0
0	0	1	1004	0	0	0	0
35	13	16	1008	0	0	0	0
452	224	189	1066	0	0	0	0
35	19	14	1011	0	0	0	0
1	0	0	1004	0	0	0	0
16	6	6	1006	0	0	0	0
278	117	132	1034	0	0	0	0
182	97	82	1029	0	0	0	0
192	96	83	1022	0	0	0	0
267	127	132	1044	0	0	0	0
340	126	154	1047	0	0	0	0
14	6	6	1007	0	0	0	0
178	70	63	1038	0	0	0	0
296	129	132	1059	0	0	0	0
50	18	18	1013	0	0	0	0
187	98	67	1019	0	0	0	0
37	22	26	1012	0	0	0	0
198	78	89	1031	0	0	0	0
13	11	11	1006	0	0	0	0
6	5	2	1005	0	0	0	0
0	0	1	1004	0	0	0	0
7	2	4	1012	0	0	0	0
84	27	23	1021	0	0	0	0
253	104	128	1047	0	0	0	0
39	23	11	1013	0	0	0	0
20	8	12	1013	0	0	0	0
265	92	95	1052	0	0	0	0
16	4	8	1005	0	0	0	0
357	146	146	1058	0	0	0	0
9	2	3	1004	0	0	0	0
1	0	0	1006	0	0	0	0
3	1	1	1004	0	0	0	0
6	2	2	1009	0	0	0	0
15	17	6	1018	0	0	0	0
84	27	46	1028	0	0	0	0
2	0	0	1004	0	0	0	0
352	166	144	1059	0	0	0	0
19	8	9	1006	0	0	0	0
10	4	0	1011	0	0	0	0
1	4	3	1007	0	0	0	0
33	12	4	1009	0	0	0	0
223	124	98	1035	0	0	0	0
234	128	114	1073	0	0	0	0
10	6	3	1006	0	0	0	0
163	71	66	1038	0	0	0	0
87	45	39	1027	0	0	0	0
236	113	112	1048	0	0	0	0
63	34	27	1016	0	0	0	0
1	0	1	1009	0	0	0	0
189	74	64	1023	0	0	0	0
19	9	14	1015	0	0	0	0
31	19	21	1008	0	0	0	0
327	149	140	1048	0	0	0	0
14	6	7	1008	0	0	0	0
73	31	20	1022	0	0	0	0
13	11	10	1009	0	0	0	0
1	2	0	1005	0	0	0	0
8	2	3	1004	0	0	0	0
23	6	8	1014	0	0	0	0
302	112	113	1054	0	0	0	0
355	155	152	1061	0	0	0	0
294	140	124	1060	0	0	0	0
60	17	15	1006	0	0	0	0
212	96	79	1045	0	0	0	0
7	1	1	1006	0	0	0	0
218	99	58	1050	0	0	0	0
110	33	44	1012	0	0	0	0
4	0	0	1005	0	0	0	0
262	158	104	1033	0	0	0	0
22	11	5	1009	0	0	0	0
199	108	94	1039	0	0	0	0
6	1	5	1004	0	0	0	0
11	2	2	1007	0	0	0	0
198	97	74	1037	0	0	0	0
237	127	98	1041	0	0	0	0
78	35	28	1017	0	0	0	0
10	1	5	1005	0	0	0	0
354	133	118	1042	0	0	0	0
224	103	91	1034	0	0	0	0
111	55	48	1033	0	0	0	0
204	93	76	1027	0	0	0	0
22	16	13	1008	0	0	0	0
2	1	1	1005	0	0	0	0
173	85	82	1033	0	0	0	0
179	109	85	1038	0	0	0	0
92	42	43	1014	0	0	0	0
8	3	1	1010	0	0	0	0
71	37	18	1017	0	0	0	0
2	0	0	1004	0	0	0	0
9	11	2	1006	0	0	0	0
202	111	73	1028	0	0	0	0
26	12	16	1014	0	0	0	0
235	124	87	1060	0	0	0	0
2	0	1	1004	0	0	0	0
5	2	1	1008	0	0	0	0
1	0	0	1004	0	0	0	0
107	45	60	1023	0	0	0	0
242	115	102	1053	0	0	0	0
45	17	9	1018	0	0	0	0
172	69	60	1035	0	0	0	0
24	10	7	1008	0	0	0	0
87	31	36	1026	0	0	0	0
49	11	16	1007	0	0	0	0
10	4	4	1004	0	0	0	0
9	10	4	1005	0	0	0	0
58	24	18	1011	0	0	0	0
35	26	16	1018	0	0	0	0
37	11	16	1010	0	0	0	0
148	78	70	1036	0	0	0	0
0	0	0	1004	0	0	0	0
183	81	61	1040	0	0	0	0
33	9	13	1009	0	0	0	0
23	16	15	1009	0	0	0	0
30	11	12	1007	0	0	0	0
8	2	2	1004	0	0	0	0
235	114	123	1040	0	0	0	0
24	12	10	1013	0	0	0	0
95	30	38	1026	0	0	0	0
3	1	1	1004	0	0	0	0
266	127	83	1043	0	0	0	0
14	3	10	1010	0	0	0	0
59	19	9	1008	0	0	0	0
22	10	4	1013	0	0	0	0
105	52	70	1016	0	0	0	0
119	46	47	1019	0	0	0	0
1	0	0	1004	0	0	0	0
0	0	1	1004	0	0	0	0
222	109	82	1040	0	0	0	0
1	0	2	1006	0	0	0	0
18	6	5	1011	0	0	0	0
7	4	6	1006	0	0	0	0
26	18	28	1012	0	0	0	0
22	10	11	1007	0	0	0	0
2	1	2	1007	0	0	0	0
189	82	67	1053	0	0	0	0
2	3	3	1004	0	0	0	0
168	69	78	1024	0	0	0	0
230	102	96	1026	0	0	0	0
60	35	25	1017	0	0	0	0
344	192	134	1051	0	0	0	0
14	8	5	1009	0	0	0	0
1	0	0	1004	0	0	0	0
90	34	38	1014	0	0	0	0
146	73	72	1026	0	0	0	0
53	26	33	1014	0	0	0	0
96	35	40	1013	0	0	0	0
0	0	3	1006	0	0	0	0
8	0	2	1005	0	0	0	0
4	0	2	1005	0	0	0	0
129	68	63	1022	0	0	0	0
33	21	19	1014	0	0	0	0
47	20	18	1016	0	0	0	0
124	68	67	1025	0	0	0	0
2	0	1	1004	0	0	0	0
138	55	59	1035	0	0	0	0
14	23	9	1006	0	0	0	0
150	67	77	1045	0	0	0	0
3	0	1	1006	0	0	0	0
163	60	76	1024	0	0	0	0
57	26	23	1018	0	0	0	0
155	65	73	1035	0	0	0	0
293	149	110	1056	0	0	0	0
2	2	0	1007	0	0	0	0
63	40	26	1010	0	0	0	0
73	33	38	1008	0	0	0	0
350	180	147	1057	0	0	0	0
34	18	21	1010	0	0	0	0
135	69	50	1012	0	0	0	0
6	2	6	1005	0	0	0	0
4	0	4	1004	0	0	0	0
40	16	14	1015	0	0	0	0
243	136	100	1043	0	0	0	0
310	118	81	1056	0	0	0	0
417	150	151	1069	0	0	0	0
43	20	21	1015	0	0	0	0
8	0	3	1005	0	0	0	0
0	0	0	1005	0	0	0	0
101	44	37	1021	0	0	0	0
74	28	28	1026	0	0	0	0
12	1	8	1005	0	0	0	0
166	82	70	1034	0	0	0	0
1	0	1	1004	0	0	0	0
192	68	98	1025	0	0	0	0
0	0	0	1004	0	0	0	0
15	0	2	1007	0	0	0	0
18	12	11	1009	0	0	0	0
34	27	24	1017	0	0	0	0
180	76	61	1029	0	0	0	0
2	1	0	1007	0	0	0	0
98	38	34	1029	0	0	0	0
94	59	44	1014	0	0	0	0
0	0	0	1005	0	0	0	0
124	47	48	1037	0	0	0	0
7	1	2	1007	0	0	0	0
56	31	23	1011	0	0	0	0
71	18	31	1010	0	0	0	0
19	2	9	1004	0	0	0	0
312	141	148	1055	0	0	0	0
36	14	32	1008	0	0	0	0
44	15	20	1022	0	0	0	0
192	95	77	1048	0	0	0	0
0	1	0	1006	0	0	0	0
249	98	107	1045	0	0	0	0
40	22	23	1012	0	0	0	0
256	118	128	1043	0	0	0	0
12	5	5	1011	0	0	0	0
77	43	33	1020	0	0	0	0
183	87	66	1038	0	0	0	0
87	28	33	1032	0	0	0	0
15	11	8	1011	0	0	0	0
224	109	82	1040	0	0	0	0
47	18	15	1012	0	0	0	0
80	72	32	1020	0	0	0	0
403	189	156	1086	0	0	0	0
2	2	2	1005	0	0	0	0
2	2	2	1005	0	0	0	0
364	169	174	1046	0	0	0	0
9	2	3	1007	0	0	0	0
26	9	3	1007	0	0	0	0
4	0	1	1006	0	0	0	0
4	0	0	1004	0	0	0	0
5	0	1	1005	0	0	0	0
34	16	11	1008	0	0	0	0
21	7	10	1010	0	0	0	0
96	59	45	1031	0	0	0	0
16	8	1	1009	0	0	0	0
120	59	47	1032	0	0	0	0
1	0	2	1004	0	0	0	0
184	72	72	1050	0	0	0	0
18	4	7	1004	0	0	0	0
110	54	34	1029	0	0	0	0
26	9	10	1006	0	0	0	0
30	17	20	1015	0	0	0	0
50	26	25	1019	0	0	0	0
4	0	0	1006	0	0	0	0
14	5	10	1007	0	0	0	0
13	5	7	1012	0	0	0	0
173	93	63	1036	0	0	0	0
4	0	0	1004	0	0	0	0
59	34	34	1017	0	0	0	0
7	0	1	1006	0	0	0	0
0	0	0	1005	0	0	0	0
230	117	98	1055	0	0	0	0
73	21	30	1021	0	0	0	0
198	74	92	1038	0	0	0	0
111	53	58	1013	0	0	0	0
163	83	56	1029	0	0	0	0
4	1	0	1006	0	0	0	0
330	168	111	1053	0	0	0	0
29	6	8	1019	0	0	0	0
13	5	4	1005	0	0	0	0
2	0	0	1004	0	0	0	0
22	9	7	1009	0	0	0	0
332	132	137	1034	0	0	0	0
3	1	0	1006	0	0	0	0
211	82	63	1049	0	0	0	0
347	157	121	1071	0	0	0	0
6	1	2	1007	0	0	0	0
226	97	103	1038	0	0	0	0
23	10	10	1006	0	0	0	0
31	16	11	1012	0	0	0	0
3	1	0	1007	0	0	0	0
4	3	1	1009	0	0	0	0
182	90	52	1059	0	0	0	0
8	3	3	1007	0	0	0	0
1	0	0	1005	0	0	0	0
97	46	43	1017	0	0	0	0
123	40	55	1030	0	0	0	0
4	6	3	1010	0	0	0	0
15	23	7	1008	0	0	0	0
68	42	37	1016	0	0	0	0
24	12	12	1015	0	0	0	0
54	23	22	1021	0	0	0	0
69	34	30	1009	0	0	0	0
3	4	1	1006	0	0	0	0
9	1	2	1004	0	0	0	0
148	73	52	1034	0	0	0	0
93	17	36	1014	0	0	0	0
32	9	15	1007	0	0	0	0
142	71	44	1022	0	0	0	0
210	72	65	1049	0	0	0	0
430	188	162	1059	0	0	0	0
16	10	8	1012	0	0	0	0
2	0	2	1005	0	0	0	0
84	52	42	1021	0	0	0	0
24	16	12	1011	0	0	0	0
41	18	11	1010	0	0	0	0
67	48	33	1039	0	0	0	0
3	1	4	1005	0	0	0	0
10	7	6	1006	0	0	0	0
52	31	34	1012	0	0	0	0
1	0	0	1004	0	0	0	0
215	95	84	1036	0	0	0	0
5	3	3	1004	0	0	0	0
313	141	129	1058	0	0	0	0
54	29	25	1012	0	0	0	0
47	20	18	1017	0	0	0	0
30	9	4	1013	0	0	0	0
288	109	119	1058	0	0	0	0
1	0	2	1004	0	0	0	0
28	23	10	1007	0	0	0	0
37	18	14	1011	0	0	0	0
135	76	58	1031	0	0	0	0
17	7	7	1006	0	0	0	0
43	24	17	1010	0	0	0	0
100	29	52	1022	0	0	0	0
47	15	25	1011	0	0	0	0
56	40	23	1014	0	0	0	0
69	25	25	1009	0	0	0	0
5	2	2	1007	0	0	0	0
6	2	1	1005	0	0	0	0
2	0	0	1004	0	0	0	0
217	103	84	1030	0	0	0	0
9	0	1	1007	0	0	0	0
210	103	81	1055	0	0	0	0
23	13	10	1016	0	0	0	0
285	139	121	1038	0	0	0	0
32	35	13	1008	0	0	0	0
4	2	0	1005	0	0	0	0
9	5	5	1005	0	0	0	0
21	9	6	1008	0	0	0	0
0	0	0	1004	0	0	0	0
10	5	6	1011	0	0	0	0
3	0	1	1006	0	0	0	0
2	0	0	1005	0	0	0	0
24	9	11	1013	0	0	0	0
4	1	1	1008	0	0	0	0
125	62	50	1028	0	0	0	0
25	6	11	1008	0	0	0	0
180	83	82	1023	0	0	0	0
12	2	1	1008	0	0	0	0
18	9	7	1007	0	0	0	0
7	1	2	1004	0	0	0	0
11	6	7	1009	0	0	0	0
249	118	102	1048	0	0	0	0
203	122	98	1033	0	0	0	0
5	1	3	1004	0	0	0	0
26	6	8	1008	0	0	0	0
386	138	145	1045	0	0	0	0
44	26	15	1014	0	0	0	0
13	14	6	1005	0	0	0	0
57	23	17	1015	0	0	0	0
198	73	62	1025	0	0	0	0
310	140	129	1054	0	0	0	0
200	129	86	1036	0	0	0	0
4	1	0	1004	0	0	0	0
257	80	97	1058	0	0	0	0
2	0	4	1004	0	0	0	0
207	83	80	1053	0	0	0	0
100	56	37	1026	0	0	0	0
34	14	14	1011	0	0	0	0
190	88	75	1021	0	0	0	0
136	64	56	1023	0	0	0	0
64	43	36	1018	0	0	0	0
16	10	8	1006	0	0	0	0
151	78	63	1036	0	0	0	0
19	5	5	1012	0	0	0	0
0	0	0	1004	0	0	0	0
464	179	167	1078	0	0	0	0
34	18	16	1015	0	0	0	0
5	5	6	1005	0	0	0	0
10	5	5	1008	0	0	0	0
7	4	2	1008	0	0	0	0
9	14	4	1006	0	0	0	0
23	7	11	1006	0	0	0	0
4	1	1	1004	0	0	0	0
8	3	0	1006	0	0	0	0
2	1	2	1004	0	0	0	0
7	1	1	1005	0	0	0	0
3	0	1	1004	0	0	0	0
3	0	2	1004	0	0	0	0
40	12	9	1017	0	0	0	0
5	1	0	1005	0	0	0	0
2	1	3	1006	0	0	0	0
28	5	6	1016	0	0	0	0
73	53	27	1013	0	0	0	0
25	10	15	1014	0	0	0	0
3	0	1	1004	0	0	0	0
4	0	1	1005	0	0	0	0
2	3	0	1009	0	0	0	0
1	0	1	1004	0	0	0	0
141	63	69	1025	0	0	0	0
1	0	0	1004	0	0	0	0
4	0	1	1005	0	0	0	0
206	104	72	1025	0	0	0	0
2	0	0	1004	0	0	0	0
4	0	4	1006	0	0	0	0
21	8	6	1009	0	0	0	0
3	5	1	1005	0	0	0	0
136	53	60	1046	0	0	0	0
10	1	4	1008	0	0	0	0
17	3	7	1009	0	0	0	0
9	2	1	1006	0	0	0	0
53	32	26	1008	0	0	0	0
27	7	4	1007	0	0	0	0
47	17	30	1012	0	0	0	0
10	1	5	1006	0	0	0	0
252	111	104	1035	0	0	0	0
15	10	8	1005	0	0	0	0
7	4	4	1005	0	0	0	0
2	1	3	1005	0	0	0	0
48	14	23	1018	0	0	0	0
13	4	8	1005	0	0	0	0
163	68	64	1038	0	0	0	0
54	41	27	1007	0	0	0	0
328	155	150	1041	0	0	0	0
64	24	15	1025	0	0	0	0
8	0	5	1004	0	0	0	0
212	123	111	1034	0	0	0	0
57	17	13	1018	0	0	0	0
71	60	38	1017	0	0	0	0
197	102	84	1049	0	0	0	0
11	14	8	1005	0	0	0	0
47	15	12	1010	0	0	0	0
7	2	2	1008	0	0	0	0
1	2	0	1004	0	0	0	0
67	39	22	1021	0	0	0	0
216	98	88	1032	0	0	0	0
175	73	70	1019	0	0	0	0
5	2	0	1006	0	0	0	0
7	4	2	1007	0	0	0	0
32	20	11	1011	0	0	0	0
3	0	0	1009	0	0	0	0
197	70	60	1037	0	0	0	0
99	62	36	1019	0	0	0	0
125	57	57	1025	0	0	0	0
0	0	0	1004	0	0	0	0
35	13	8	1007	0	0	0	0
27	11	10	1009	0	0	0	0
35	18	8	1010	0	0	0	0
18	5	8	1008	0	0	0	0
40	24	10	1015	0	0	0	0
286	108	106	1043	0	0	0	0
22	5	3	1008	0	0	0	0
102	61	57	1013	0	0	0	0
127	37	38	1027	0	0	0	0
92	47	38	1020	0	0	0	0
1	0	0	1005	0	0	0	0
6	4	3	1006	0	0	0	0
13	3	9	1007	0	0	0	0
54	25	25	1011	0	0	0	0
342	133	134	1045	0	0	0	0
21	14	7	1031	0	0	0	0
78	49	29	1025	0	0	0	0
71	28	26	1023	0	0	0	0
2	0	1	1004	0	0	0	0
54	21	19	1009	0	0	0	0
2	0	0	1005	0	0	0	0
5	1	0	1004	0	0	0	0
48	12	18	1023	0	0	0	0
0	0	0	1004	0	0	0	0
22	9	11	1006	0	0	0	0
58	34	30	1016	0	0	0	0
8	5	3	1007	0	0	0	0
2	0	0	1005	0	0	0	0
248	88	87	1043	0	0	0	0
126	71	44	1034	0	0	0	0
17	2	9	1008	0	0	0	0
98	35	37	1031	0	0	0	0
4	4	3	1008	0	0	0	0
12	3	5	1010	0	0	0	0
6	0	4	1005	0	0	0	0
11	13	3	1011	0	0	0	0
22	20	8	1009	0	0	0	0
14	1	2	1006	0	0	0	0
10	2	1	1007	0	0	0	0
154	73	62	1027	0	0	0	0
16	5	7	1008	0	0	0	0
12	4	4	1004	0	0	0	0
81	41	20	1029	0	0	0	0
26	7	13	1013	0	0	0	0
431	166	177	1064	0	0	0	0
33	12	8	1008	0	0	0	0
4	0	0	1005	0	0	0	0
104	54	40	1030	0	0	0	0
75	30	28	1023	0	0	0	0
44	19	13	1010	0	0	0	0
18	5	13	1007	0	0	0	0
43	15	13	1013	0	0	0	0
31	19	12	1013	0	0	0	0
4	0	5	1005	0	0	0	0
1	1	1	1004	0	0	0	0
6	0	1	1007	0	0	0	0
138	64	75	1020	0	0	0	0
64	36	21	1016	0	0	0	0
18	4	10	1011	0	0	0	0
77	42	38	1013	0	0	0	0
6	3	8	1007	0	0	0	0
391	180	172	1054	0	0	0	0
34	17	13	1007	0	0	0	0
27	9	14	1006	0	0	0	0
12	3	7	1007	0	0	0	0
89	42	38	1020	0	0	0	0
188	74	69	1041	0	0	0	0
205	82	81	1040	0	0	0	0
1	1	0	1005	0	0	0	0
55	22	19	1011	0	0	0	0
189	59	81	1024	0	0	0	0
21	19	7	1010	0	0	0	0
66	17	25	1024	0	0	0	0
91	49	32	1020	0	0	0	0
7	2	3	1006	0	0	0	0
186	88	93	1025	0	0	0	0
8	2	2	1005	0	0	0	0
17	6	3	1005	0	0	0	0
92	47	36	1024	0	0	0	0
12	7	4	1008	0	0	0	0
130	50	58	1022	0	0	0	0
2	2	1	1004	0	0	0	0
47	21	22	1021	0	0	0	0
96	46	42	1022	0	0	0	0
2	1	0	1006	0	0	0	0
271	137	105	1056	0	0	0	0
184	45	58	1033	0	0	0	0
226	94	99	1040	0	0	0	0
90	35	28	1018	0	0	0	0
16	6	4	1007	0	0	0	0
3	4	2	1005	0	0	0	0
145	63	50	1031	0	0	0	0
162	90	63	1038	0	0	0	0
188	95	68	1040	0	0	0	0
315	167	115	1030	0	0	0	0
292	105	131	1053	0	0	0	0
1	0	0	1005	0	0	0	0
7	2	2	1008	0	0	0	0
4	0	3	1007	0	0	0	0
17	6	3	1009	0	0	0	0
14	9	9	1010	0	0	0	0
40	19	15	1021	0	0	0	0
1	1	1	1004	0	0	0	0
80	33	21	1015	0	0	0	0
23	10	8	1006	0	0	0	0
177	75	72	1023	0	0	0	0
53	23	26	1019	0	0	0	0
66	29	28	1007	0	0	0	0
28	8	9	1013	0	0	0	0
390	197	146	1055	0	0	0	0
225	117	91	1036	0	0	0	0
204	84	67	1030	0	0	0	0
327	152	108	1042	0	0	0	0
7	8	3	1006	0	0	0	0
82	37	30	1019	0	0	0	0
42	15	17	1013	0	0	0	0
6	0	0	1005	0	0	0	0
6	4	5	1007	0	0	0	0
9	2	4	1004	0	0	0	0
219	89	92	1031	0	0	0	0
26	8	17	1016	0	0	0	0
18	7	7	1012	0	0	0	0
243	106	119	1031	0	0	0	0
27	16	11	1012	0	0	0	0
53	21	32	1013	0	0	0	0
141	68	52	1028	0	0	0	0
213	112	84	1035	0	0	0	0
204	105	90	1033	0	0	0	0
1	3	3	1004	0	0	0	0
23	16	13	1009	0	0	0	0
1	2	4	1011	0	0	0	0
39	42	12	1013	0	0	0	0
28	13	14	1007	0	0	0	0
301	148	125	1065	0	0	0	0
85	41	34	1012	0	0	0	0
55	15	28	1011	0	0	0	0
11	12	6	1017	0	0	0	0
1	1	1	1005	0	0	0	0
87	44	29	1032	0	0	0	0
8	2	4	1008	0	0	0	0
6	0	2	1004	0	0	0	0
385	150	148	1055	0	0	0	0
53	30	10	1017	0	0	0	0
9	5	6	1009	0	0	0	0
1	0	1	1004	0	0	0	0
19	5	4	1007	0	0	0	0
2	0	0	1005	0	0	0	0
87	42	33	1017	0	0	0	0
50	32	23	1017	0	0	0	0
13	6	6	1009	0	0	0	0
269	107	114	1049	0	0	0	0
3	1	0	1004	0	0	0	0
153	74	79	1033	0	0	0	0
164	90	55	1026	0	0	0	0
14	3	8	1004	0	0	0	0
43	18	14	1014	0	0	0	0
3	2	0	1005	0	0	0	0
3	1	0	1005	0	0	0	0
13	13	8	1008	0	0	0	0
106	53	35	1029	0	0	0	0
74	36	39	1028	0	0	0	0
2	0	1	1005	0	0	0	0
225	93	106	1039	0	0	0	0
334	135	156	1046	0	0	0	0
7	3	1	1004	0	0	0	0
3	0	0	1006	0	0	0	0
3	0	0	1004	0	0	0	0
14	5	8	1009	0	0	0	0
2	0	4	1005	0	0	0	0
1	1	1	1004	0	0	0	0
2	0	0	1004	0	0	0	0
104	35	49	1019	0	0	0	0
47	32	27	1020	0	0	0	0
12	4	2	1007	0	0	0	0
254	81	89	1050	0	0	0	0
1	0	0	1005	0	0	0	0
168	78	81	1025	0	0	0	0
7	5	2	1006	0	0	0	0
3	1	3	1004	0	0	0	0
203	100	86	1038	0	0	0	0
347	154	149	1064	0	0	0	0
21	12	10	1014	0	0	0	0
16	3	4	1010	0	0	0	0
25	6	11	1008	0	0	0	0
1	0	0	1007	0	0	0	0
126	41	43	1024	0	0	0	0
0	0	2	1004	0	0	0	0
19	7	8	1005	0	0	0	0
67	35	26	1022	0	0	0	0
7	1	0	1004	0	0	0	0
191	97	83	1035	0	0	0	0
5	1	2	1005	0	0	0	0
61	20	27	1019	0	0	0	0
27	10	8	1009	0	0	0	0
2	1	1	1005	0	0	0	0
168	90	86	1019	0	0	0	0
275	128	123	1041	0	0	0	0
1	0	1	1004	0	0	0	0
0	0	0	1004	0	0	0	0
205	83	79	1049	0	0	0	0
110	74	58	1023	0	0	0	0
0	0	0	1004	0	0	0	0
10	6	6	1006	0	0	0	0
161	65	43	1027	0	0	0	0
5	3	1	1007	0	0	0	0
2	4	0	1004	0	0	0	0
38	21	13	1006	0	0	0	0
209	120	87	1060	0	0	0	0
21	9	7	1015	0	0	0	0
1	1	1	1007	0	0	0	0
250	106	126	1025	0	0	0	0
8	0	1	1007	0	0	0	0
113	36	43	1031	0	0	0	0
53	19	24	1010	0	0	0	0
17	7	1	1004	0	0	0	0
6	0	0	1005	0	0	0	0
242	89	93	1048	0	0	0	0
98	44	24	1024	0	0	0	0
16	5	4	1009	0	0	0	0
24	10	6	1011	0	0	0	0
4	0	0	1004	0	0	0	0
11	7	3	1007	0	0	0	0
113	43	58	1015	0	0	0	0
52	30	16	1014	0	0	0	0
247	97	96	1039	0	0	0	0
19	3	7	1012	0	0	0	0
149	65	44	1029	0	0	0	0
31	14	13	1012	0	0	0	0
154	76	55	1023	0	0	0	0
103	43	23	1019	0	0	0	0
4	2	2	1006	0	0	0	0
220	97	101	1029	0	0	0	0
54	21	20	1013	0	0	0	0
356	151	129	1072	0	0	0	0
9	3	8	1005	0	0	0	0
126	69	52	1034	0	0	0	0
42	9	15	1018	0	0	0	0
3	0	4	1005	0	0	0	0
2	1	0	1005	0	0	0	0
134	83	56	1033	0	0	0	0
263	119	109	1039	0	0	0	0
10	1	2	1005	0	0	0	0
8	3	4	1007	0	0	0	0
46	18	15	1009	0	0	0	0
105	38	37	1031	0	0	0	0
23	20	8	1017	0	0	0	0
105	67	39	1026	0	0	0	0
180	84	70	1028	0	0	0	0
61	24	29	1008	0	0	0	0
2	4	2	1011	0	0	0	0
12	10	7	1006	0	0	0	0
95	40	36	1016	0	0	0	0
19	16	13	1010	0	0	0	0
85	52	45	1014	0	0	0	0
69	43	24	1024	0	0	0	0
200	78	89	1037	0	0	0	0
213	82	81	1044	0	0	0	0
18	4	2	1007	0	0	0	0
7	3	6	1006	0	0	0	0
14	2	10	1008	0	0	0	0
405	156	159	1070	0	0	0	0
24	5	3	1006	0	0	0	0
5	3	2	1004	0	0	0	0
237	98	102	1039	0	0	0	0
8	0	3	1006	0	0	0	0
2	0	1	1007	0	0	0	0
13	6	6	1007	0	0	0	0
17	3	8	1008	0	0	0	0
5	4	3	1005	0	0	0	0
241	100	81	1066	0	0	0	0
4	1	0	1005	0	0	0	0
83	23	21	1018	0	0	0	0
60	31	18	1013	0	0	0	0
152	77	56	1022	0	0	0	0
9	3	4	1006	0	0	0	0
289	136	101	1056	0	0	0	0
48	54	32	1018	0	0	0	0
110	63	40	1021	0	0	0	0
115	45	40	1017	0	0	0	0
0	0	1	1005	0	0	0	0
447	213	202	1087	0	0	0	0
18	3	9	1006	0	0	0	0
213	87	70	1036	0	0	0	0
7	4	6	1007	0	0	0	0
210	91	74	1049	0	0	0	0
7	0	1	1008	0	0	0	0
1	0	0	1006	0	0	0	0
274	98	110	1037	0	0	0	0
62	22	16	1025	0	0	0	0
0	0	1	1005	0	0	0	0
243	128	128	1035	0	0	0	0
0	0	0	1004	0	0	0	0
1	1	2	1006	0	0	0	0
4	0	1	1004	0	0	0	0
38	11	14	1014	0	0	0	0
7	1	4	1008	0	0	0	0
19	23	15	1012	0	0	0	0
313	156	153	1031	0	0	0	0
57	13	19	1014	0	0	0	0
10	10	4	1011	0	0	0	0
3	0	5	1004	0	0	0	0
250	133	106	1046	0	0	0	0
62	17	19	1010	0	0	0	0
164	82	55	1024	0	0	0	0
30	17	4	1015	0	0	0	0
118	80	49	1024	0	0	0	0
98	52	47	1023	0	0	0	0
19	5	3	1010	0	0	0	0
31	6	3	1009	0	0	0	0
276	83	119	1037	0	0	0	0
24	8	11	1009	0	0	0	0
82	38	27	1013	0	0	0	0
8	8	2	1004	0	0	0	0
4	5	6	1006	0	0	0	0
0	0	1	1005	0	0	0	0
122	72	37	1030	0	0	0	0
0	0	1	1010	0	0	0	0
11	3	10	1005	0	0	0	0
16	10	3	1009	0	0	0	0
9	5	16	1010	0	0	0	0
67	34	27	1021	0	0	0	0
402	202	140	1077	0	0	0	0
1	0	0	1004	0	0	0	0
45	9	12	1011	0	0	0	0
89	42	32	1014	0	0	0	0
2	1	0	1004	0	0	0	0
8	2	11	1004	0	0	0	0
258	103	110	1043	0	0	0	0
68	22	21	1019	0	0	0	0
48	26	11	1017	0	0	0	0
6	2	4	1004	0	0	0	0
3	3	3	1004	0	0	0	0
34	13	21	1019	0	0	0	0
229	103	97	1051	0	0	0	0
3	1	1	1004	0	0	0	0
188	109	79	1031	0	0	0	0
14	4	1	1008	0	0	0	0
4	1	1	1012	0	0	0	0
186	92	69	1054	0	0	0	0
1	0	0	1004	0	0	0	0
55	29	24	1009	0	0	0	0
5	1	2	1009	0	0	0	0
135	58	43	1025	0	0	0	0
3	0	4	1004	0	0	0	0
277	117	84	1046	0	0	0	0
27	7	15	1011	0	0	0	0
6	1	2	1006	0	0	0	0
3	0	1	1004	0	0	0	0
161	66	60	1023	0	0	0	0
24	16	8	1016	0	0	0	0
58	30	27	1012	0	0	0	0
24	3	2	1009	0	0	0	0
173	67	78	1051	0	0	0	0
218	135	89	1027	0	0	0	0
55	28	17	1015	0	0	0	0
107	50	47	1017	0	0	0	0
196	92	79	1030	0	0	0	0
50	15	17	1012	0	0	0	0
11	2	2	1005	0	0	0	0
115	41	56	1024	0	0	0	0
229	98	90	1033	0	0	0	0
99	52	32	1014	0	0	0	0
162	72	64	1036	0	0	0	0
1	0	0	1006	0	0	0	0
16	0	2	1009	0	0	0	0
194	101	66	1020	0	0	0	0
3	2	0	1004	0	0	0	0
0	0	0	1005	0	0	0	0
1	0	0	1005	0	0	0	0
9	3	2	1005	0	0	0	0
4	1	3	1005	0	0	0	0
13	6	10	1008	0	0	0	0
135	54	43	1037	0	0	0	0
32	23	11	1012	0	0	0	0
28	11	7	1009	0	0	0	0
49	25	18	1015	0	0	0	0
309	130	124	1055	0	0	0	0
89	28	36	1020	0	0	0	0
137	83	43	1032	0	0	0	0
285	125	115	1042	0	0	0	0
13	18	6	1006	0	0	0	0
138	62	61	1040	0	0	0	0
14	4	10	1008	0	0	0	0
136	43	59	1012	0	0	0	0
130	61	34	1044	0	0	0	0
4	4	2	1006	0	0	0	0
4	0	1	1004	0	0	0	0
41	14	14	1015	0	0	0	0
21	18	10	1013	0	0	0	0
5	3	1	1007	0	0	0	0
150	53	73	1022	0	0	0	0
110	53	48	1014	0	0	0	0
0	0	2	1004	0	0	0	0
4	3	0	1007	0	0	0	0
73	49	37	1012	0	0	0	0
1	1	0	1004	0	0	0	0
78	51	28	1019	0	0	0	0
12	7	4	1010	0	0	0	0
103	47	39	1015	0	0	0	0
14	5	7	1009	0	0	0	0
13	7	8	1007	0	0	0	0
117	45	49	1026	0	0	0	0
46	19	26	1012	0	0	0	0
2	0	0	1004	0	0	0	0
251	116	108	1055	0	0	0	0
207	115	81	1039	0	0	0	0
72	45	20	1017	0	0	0	0
115	68	50	1019	0	0	0	0
7	3	2	1008	0	0	0	0
87	54	51	1018	0	0	0	0
82	33	22	1024	0	0	0	0
36	15	15	1020	0	0	0	0
4	5	1	1006	0	0	0	0
2	0	1	1004	0	0	0	0
9	6	6	1006	0	0	0	0
109	58	41	1016	0	0	0	0
4	0	0	1006	0	0	0	0
109	27	31	1027	0	0	0	0
107	76	44	1029	0	0	0	0
82	34	34	1030	0	0	0	0
7	2	3	1006	0	0	0	0
32	11	16	1017	0	0	0	0
67	43	30	1014	0	0	0	0
66	30	27	1021	0	0	0	0
137	70	69	1017	0	0	0	0
5	0	1	1006	0	0	0	0
1	0	0	1004	0	0	0	0
252	110	87	1045	0	0	0	0
2	0	0	1004	0	0	0	0
35	8	12	1007	0	0	0	0
261	87	71	1039	0	0	0	0
39	28	8	1006	0	0	0	0
58	19	14	1021	0	0	0	0
5	1	2	1004	0	0	0	0
168	69	80	1022	0	0	0	0
52	44	22	1013	0	0	0	0
54	19	20	1008	0	0	0	0
88	33	41	1018	0	0	0	0
3	0	1	1004	0	0	0	0
126	74	49	1030	0	0	0	0
7	4	1	1009	0	0	0	0
