14	3	2	1006	0	0	0	0
479	239	204	1083	0	0	0	0
0	0	1	1004	0	0	0	0
469	252	196	1088	0	0	0	0
2	4	4	1004	0	0	0	0
16	11	5	1007	0	0	0	0
281	145	130	1057	0	0	0	0
309	151	128	1053	0	0	0	0
301	166	134	1064	0	0	0	0
263	116	101	1033	0	0	0	0
11	5	6	1005	0	0	0	0
26	22	20	1010	0	0	0	0
1	1	3	1005	0	0	0	0
101	36	42	1022	0	0	0	0
300	104	115	1058	0	0	0	0
11	1	5	1006	0	0	0	0
24	21	11	1010	0	0	0	0
10	5	5	1012	0	0	0	0
9	0	2	1005	0	0	0	0
188	114	69	1043	0	0	0	0
1	0	0	1007	0	0	0	0
22	15	15	1007	0	0	0	0
358	178	163	1046	0	0	0	0
12	3	1	1007	0	0	0	0
6	1	3	1006	0	0	0	0
39	16	13	1017	0	0	0	0
1	0	0	1004	0	0	0	0
171	64	74	1036	0	0	0	0
249	153	105	1054	0	0	0	0
63	28	23	1023	0	0	0	0
53	29	15	1014	0	0	0	0
14	10	14	1008	0	0	0	0
558	280	245	1092	0	0	0	0
292	142	135	1033	0	0	0	0
211	121	87	1038	0	0	0	0
424	195	150	1073	0	0	0	0
2	0	1	1004	0	0	0	0
1	2	1	1004	0	0	0	0
348	197	132	1062	0	0	0	0
101	52	48	1020	0	0	0	0
406	190	181	1055	0	0	0	0
24	13	9	1012	0	0	0	0
17	5	4	1010	0	0	0	0
68	33	28	1020	0	0	0	0
1	2	3	1014	0	0	0	0
198	58	57	1043	0	0	0	0
308	173	138	1051	0	0	0	0
44	25	18	1008	0	0	0	0
111	78	34	1040	0	0	0	0
211	110	100	1057	0	0	0	0
464	219	209	1082	0	0	0	0
1	0	0	1004	0	0	0	0
281	146	91	1055	0	0	0	0
32	6	10	1010	0	0	0	0
32	7	15	1006	0	0	0	0
94	52	37	1022	0	0	0	0
568	285	277	1118	0	0	0	0
33	13	13	1010	0	0	0	0
59	58	29	1014	0	0	0	0
301	159	137	1056	0	0	0	0
227	107	90	1033	0	0	0	0
1	0	2	1004	0	0	0	0
54	37	22	1019	0	0	0	0
6	11	2	1008	0	0	0	0
473	246	230	1109	0	0	0	0
299	125	110	1057	0	0	0	0
217	96	90	1046	0	0	0	0
378	165	147	1092	0	0	0	0
0	0	0	1004	0	0	0	0
4	2	2	1005	0	0	0	0
44	16	11	1011	0	0	0	0
41	16	10	1018	0	0	0	0
425	189	170	1121	0	0	0	0
261	153	99	1046	0	0	0	0
72	50	28	1021	0	0	0	0
2	0	0	1004	0	0	0	0
124	72	61	1019	0	0	0	0
464	243	186	1107	0	0	0	0
17	6	7	1004	0	0	0	0
155	93	65	1028	0	0	0	0
35	16	12	1011	0	0	0	0
135	56	44	1021	0	0	0	0
34	20	22	1013	0	0	0	0
475	273	203	1083	0	0	0	0
246	130	92	1045	0	0	0	0
137	59	50	1034	0	0	0	0
16	4	5	1007	0	0	0	0
14	6	3	1011	0	0	0	0
302	155	149	1053	0	0	0	0
332	182	126	1078	0	0	0	0
4	1	6	1007	0	0	0	0
415	184	174	1090	0	0	0	0
179	85	79	1039	0	0	0	0
601	333	249	1119	0	0	0	0
539	250	221	1122	0	0	0	0
13	3	2	1006	0	0	0	0
380	174	162	1072	0	0	0	0
0	0	0	1004	0	0	0	0
23	10	9	1010	0	0	0	0
7	0	5	1006	0	0	0	0
6	3	1	1005	0	0	0	0
2	0	0	1005	0	0	0	0
66	26	22	1011	0	0	0	0
37	12	13	1017	0	0	0	0
10	3	7	1008	0	0	0	0
195	103	69	1030	0	0	0	0
2	3	2	1005	0	0	0	0
61	28	17	1018	0	0	0	0
182	91	56	1028	0	0	0	0
1	0	0	1004	0	0	0	0
168	105	91	1025	0	0	0	0
439	193	196	1074	0	0	0	0
59	45	30	1011	0	0	0	0
229	122	108	1029	0	0	0	0
310	132	125	1048	0	0	0	0
283	124	96	1065	0	0	0	0
235	159	106	1049	0	0	0	0
3	2	1	1006	0	0	0	0
6	4	2	1006	0	0	0	0
0	0	0	1005	0	0	0	0
33	15	10	1005	0	0	0	0
455	194	190	1084	0	0	0	0
5	1	0	1004	0	0	0	0
3	1	0	1006	0	0	0	0
155	64	50	1038	0	0	0	0
166	86	70	1024	0	0	0	0
400	179	150	1067	0	0	0	0
10	2	2	1005	0	0	0	0
6	0	0	1006	0	0	0	0
231	132	107	1062	0	0	0	0
12	2	4	1009	0	0	0	0
690	337	262	1107	0	0	0	0
0	0	1	1004	0	0	0	0
291	136	111	1055	0	0	0	0
244	93	92	1061	0	0	0	0
512	256	218	1088	0	0	0	0
1	0	0	1004	0	0	0	0
23	9	7	1008	0	0	0	0
640	308	272	1114	0	0	0	0
582	240	236	1097	0	0	0	0
163	85	78	1032	0	0	0	0
266	123	98	1049	0	0	0	0
250	128	106	1053	0	0	0	0
6	0	7	1008	0	0	0	0
466	249	184	1055	0	0	0	0
471	227	198	1080	0	0	0	0
116	55	61	1033	0	0	0	0
188	99	93	1017	0	0	0	0
48	34	35	1017	0	0	0	0
45	29	15	1018	0	0	0	0
87	44	41	1022	0	0	0	0
20	8	8	1010	0	0	0	0
0	0	1	1004	0	0	0	0
7	2	1	1009	0	0	0	0
397	184	156	1065	0	0	0	0
21	2	9	1007	0	0	0	0
272	133	138	1046	0	0	0	0
25	17	8	1017	0	0	0	0
128	47	45	1017	0	0	0	0
9	1	3	1007	0	0	0	0
503	222	223	1094	0	0	0	0
9	2	4	1004	0	0	0	0
1	0	0	1006	0	0	0	0
3	1	1	1004	0	0	0	0
6	2	2	1009	0	0	0	0
50	30	14	1022	0	0	0	0
19	12	20	1013	0	0	0	0
2	0	0	1004	0	0	0	0
451	226	171	1086	0	0	0	0
319	143	125	1074	0	0	0	0
8	4	0	1010	0	0	0	0
1	4	3	1007	0	0	0	0
33	12	4	1009	0	0	0	0
492	231	190	1098	0	0	0	0
329	157	138	1064	0	0	0	0
10	6	3	1006	0	0	0	0
249	122	103	1048	0	0	0	0
374	175	135	1050	0	0	0	0
100	26	45	1021	0	0	0	0
159	70	62	1041	0	0	0	0
1	0	1	1009	0	0	0	0
111	49	51	1035	0	0	0	0
73	24	29	1022	0	0	0	0
84	69	34	1015	0	0	0	0
595	317	246	1089	0	0	0	0
30	19	17	1009	0	0	0	0
240	111	108	1031	0	0	0	0
46	30	27	1015	0	0	0	0
1	2	0	1005	0	0	0	0
8	2	3	1004	0	0	0	0
54	16	18	1019	0	0	0	0
432	217	194	1076	0	0	0	0
222	146	97	1060	0	0	0	0
522	282	220	1111	0	0	0	0
363	188	139	1057	0	0	0	0
3	0	0	1004	0	0	0	0
7	1	1	1006	0	0	0	0
523	204	189	1114	0	0	0	0
647	338	232	1085	0	0	0	0
4	0	0	1005	0	0	0	0
142	66	60	1025	0	0	0	0
473	221	163	1080	0	0	0	0
264	124	126	1044	0	0	0	0
6	1	5	1004	0	0	0	0
10	2	0	1007	0	0	0	0
38	16	15	1009	0	0	0	0
744	373	272	1125	0	0	0	0
63	38	37	1019	0	0	0	0
10	1	5	1005	0	0	0	0
548	263	220	1076	0	0	0	0
46	9	22	1013	0	0	0	0
287	154	117	1054	0	0	0	0
23	17	13	1006	0	0	0	0
195	131	101	1026	0	0	0	0
2	1	1	1005	0	0	0	0
484	229	210	1093	0	0	0	0
171	96	70	1028	0	0	0	0
355	168	187	1072	0	0	0	0
26	6	9	1012	0	0	0	0
300	150	137	1058	0	0	0	0
2	0	0	1004	0	0	0	0
9	9	1	1006	0	0	0	0
248	133	92	1044	0	0	0	0
342	181	145	1069	0	0	0	0
572	265	224	1085	0	0	0	0
2	0	1	1004	0	0	0	0
5	2	1	1008	0	0	0	0
1	0	0	1004	0	0	0	0
375	208	175	1069	0	0	0	0
468	218	200	1078	0	0	0	0
354	175	149	1088	0	0	0	0
416	166	153	1070	0	0	0	0
24	10	7	1008	0	0	0	0
383	184	166	1096	0	0	0	0
66	24	19	1015	0	0	0	0
10	4	4	1004	0	0	0	0
125	84	51	1023	0	0	0	0
11	5	3	1007	0	0	0	0
139	70	41	1033	0	0	0	0
46	18	11	1017	0	0	0	0
26	11	9	1022	0	0	0	0
0	0	0	1004	0	0	0	0
391	186	142	1071	0	0	0	0
363	182	138	1049	0	0	0	0
26	14	16	1006	0	0	0	0
363	207	155	1060	0	0	0	0
138	76	47	1037	0	0	0	0
13	4	8	1008	0	0	0	0
43	9	25	1010	0	0	0	0
253	95	100	1065	0	0	0	0
3	1	1	1004	0	0	0	0
210	146	93	1037	0	0	0	0
14	3	10	1010	0	0	0	0
88	19	29	1015	0	0	0	0
234	131	99	1045	0	0	0	0
18	6	17	1010	0	0	0	0
280	136	96	1046	0	0	0	0
1	0	0	1004	0	0	0	0
0	0	1	1004	0	0	0	0
485	223	205	1094	0	0	0	0
1	1	3	1006	0	0	0	0
18	5	7	1010	0	0	0	0
7	4	6	1006	0	0	0	0
75	36	30	1015	0	0	0	0
18	11	8	1008	0	0	0	0
2	1	2	1007	0	0	0	0
158	75	70	1052	0	0	0	0
2	3	3	1004	0	0	0	0
22	3	5	1011	0	0	0	0
34	17	4	1014	0	0	0	0
183	98	77	1030	0	0	0	0
585	252	215	1110	0	0	0	0
459	219	177	1091	0	0	0	0
1	0	0	1004	0	0	0	0
476	251	204	1082	0	0	0	0
681	360	265	1142	0	0	0	0
438	195	184	1070	0	0	0	0
300	148	128	1063	0	0	0	0
0	0	3	1006	0	0	0	0
8	0	2	1005	0	0	0	0
4	0	2	1005	0	0	0	0
55	18	10	1024	0	0	0	0
258	125	96	1034	0	0	0	0
421	202	159	1082	0	0	0	0
350	157	158	1076	0	0	0	0
2	0	1	1004	0	0	0	0
33	7	13	1016	0	0	0	0
13	16	8	1011	0	0	0	0
2	3	2	1008	0	0	0	0
3	0	1	1006	0	0	0	0
99	37	34	1019	0	0	0	0
37	13	2	1015	0	0	0	0
464	206	198	1078	0	0	0	0
60	19	26	1017	0	0	0	0
2	2	0	1007	0	0	0	0
57	50	26	1011	0	0	0	0
105	67	51	1020	0	0	0	0
479	259	219	1087	0	0	0	0
158	55	61	1025	0	0	0	0
348	149	137	1048	0	0	0	0
27	3	8	1008	0	0	0	0
4	0	4	1004	0	0	0	0
23	7	6	1014	0	0	0	0
21	3	7	1006	0	0	0	0
27	9	10	1008	0	0	0	0
357	186	132	1076	0	0	0	0
305	143	126	1060	0	0	0	0
8	0	3	1005	0	0	0	0
0	0	0	1005	0	0	0	0
167	97	80	1041	0	0	0	0
289	143	113	1059	0	0	0	0
12	1	8	1005	0	0	0	0
67	25	27	1022	0	0	0	0
1	0	1	1004	0	0	0	0
441	200	165	1075	0	0	0	0
0	0	0	1004	0	0	0	0
257	122	119	1045	0	0	0	0
279	165	143	1041	0	0	0	0
5	2	3	1006	0	0	0	0
408	213	143	1073	0	0	0	0
2	1	0	1007	0	0	0	0
333	145	150	1046	0	0	0	0
270	140	119	1039	0	0	0	0
0	0	0	1005	0	0	0	0
415	194	163	1085	0	0	0	0
7	1	2	1007	0	0	0	0
40	19	8	1009	0	0	0	0
524	248	210	1095	0	0	0	0
20	2	9	1004	0	0	0	0
36	10	12	1010	0	0	0	0
203	130	96	1027	0	0	0	0
407	247	187	1084	0	0	0	0
335	173	136	1055	0	0	0	0
0	1	0	1006	0	0	0	0
252	120	113	1056	0	0	0	0
142	68	52	1026	0	0	0	0
436	217	186	1080	0	0	0	0
12	5	5	1011	0	0	0	0
25	11	7	1012	0	0	0	0
36	21	14	1008	0	0	0	0
146	64	60	1037	0	0	0	0
161	97	84	1031	0	0	0	0
369	213	176	1089	0	0	0	0
36	11	12	1016	0	0	0	0
249	121	109	1047	0	0	0	0
503	233	211	1111	0	0	0	0
2	2	2	1005	0	0	0	0
2	2	2	1005	0	0	0	0
626	287	230	1104	0	0	0	0
9	3	3	1007	0	0	0	0
29	12	11	1008	0	0	0	0
4	0	1	1006	0	0	0	0
4	0	0	1004	0	0	0	0
5	0	1	1005	0	0	0	0
82	29	31	1016	0	0	0	0
476	227	193	1060	0	0	0	0
58	27	23	1018	0	0	0	0
16	7	1	1009	0	0	0	0
331	116	117	1081	0	0	0	0
1	0	2	1004	0	0	0	0
465	236	202	1077	0	0	0	0
18	4	7	1004	0	0	0	0
292	129	127	1045	0	0	0	0
72	33	35	1011	0	0	0	0
112	70	52	1036	0	0	0	0
330	183	124	1055	0	0	0	0
4	0	0	1006	0	0	0	0
14	5	10	1007	0	0	0	0
126	55	62	1027	0	0	0	0
646	298	276	1129	0	0	0	0
4	0	0	1004	0	0	0	0
386	187	167	1058	0	0	0	0
7	0	1	1006	0	0	0	0
4	2	1	1005	0	0	0	0
147	59	43	1030	0	0	0	0
380	224	166	1070	0	0	0	0
595	276	219	1105	0	0	0	0
140	49	58	1020	0	0	0	0
263	163	110	1071	0	0	0	0
4	1	0	1006	0	0	0	0
532	241	231	1115	0	0	0	0
186	86	79	1057	0	0	0	0
7	5	4	1004	0	0	0	0
2	0	0	1004	0	0	0	0
22	9	7	1009	0	0	0	0
558	250	211	1108	0	0	0	0
3	1	0	1006	0	0	0	0
634	309	220	1135	0	0	0	0
436	244	198	1077	0	0	0	0
6	1	2	1007	0	0	0	0
369	180	151	1077	0	0	0	0
32	10	12	1010	0	0	0	0
33	12	14	1016	0	0	0	0
3	1	0	1007	0	0	0	0
4	3	1	1009	0	0	0	0
223	127	97	1041	0	0	0	0
8	3	3	1007	0	0	0	0
118	53	49	1020	0	0	0	0
12	5	4	1011	0	0	0	0
300	157	105	1051	0	0	0	0
91	52	34	1020	0	0	0	0
59	54	18	1020	0	0	0	0
387	172	156	1071	0	0	0	0
403	195	181	1068	0	0	0	0
43	16	14	1017	0	0	0	0
57	42	27	1018	0	0	0	0
3	4	1	1006	0	0	0	0
9	1	2	1004	0	0	0	0
99	57	45	1027	0	0	0	0
88	36	40	1021	0	0	0	0
580	290	227	1122	0	0	0	0
13	1	3	1008	0	0	0	0
445	227	192	1082	0	0	0	0
309	153	118	1055	0	0	0	0
14	7	4	1008	0	0	0	0
2	0	2	1005	0	0	0	0
14	8	2	1005	0	0	0	0
454	288	199	1076	0	0	0	0
76	53	26	1021	0	0	0	0
439	212	171	1085	0	0	0	0
3	1	4	1005	0	0	0	0
148	72	61	1024	0	0	0	0
212	127	106	1029	0	0	0	0
1	0	0	1004	0	0	0	0
56	47	16	1020	0	0	0	0
5	3	3	1004	0	0	0	0
373	160	140	1071	0	0	0	0
209	92	83	1036	0	0	0	0
25	6	8	1013	0	0	0	0
32	17	5	1014	0	0	0	0
528	242	219	1117	0	0	0	0
1	0	2	1004	0	0	0	0
378	206	141	1048	0	0	0	0
5	11	4	1004	0	0	0	0
122	51	53	1023	0	0	0	0
14	6	4	1006	0	0	0	0
25	9	12	1010	0	0	0	0
15	0	11	1009	0	0	0	0
52	39	37	1012	0	0	0	0
143	74	48	1022	0	0	0	0
449	220	183	1086	0	0	0	0
5	2	2	1007	0	0	0	0
6	2	1	1005	0	0	0	0
2	0	0	1004	0	0	0	0
426	212	172	1070	0	0	0	0
13	4	4	1010	0	0	0	0
457	233	153	1070	0	0	0	0
71	54	40	1022	0	0	0	0
218	117	87	1037	0	0	0	0
37	18	19	1006	0	0	0	0
4	2	0	1005	0	0	0	0
9	5	5	1005	0	0	0	0
21	16	8	1012	0	0	0	0
0	0	0	1004	0	0	0	0
1	0	3	1005	0	0	0	0
3	0	1	1006	0	0	0	0
2	0	0	1005	0	0	0	0
22	12	10	1010	0	0	0	0
4	1	2	1008	0	0	0	0
277	118	101	1044	0	0	0	0
26	10	11	1007	0	0	0	0
306	159	108	1057	0	0	0	0
4	1	1	1007	0	0	0	0
18	9	7	1007	0	0	0	0
7	1	2	1004	0	0	0	0
22	11	10	1009	0	0	0	0
53	23	22	1023	0	0	0	0
73	31	39	1016	0	0	0	0
5	1	3	1004	0	0	0	0
159	99	52	1031	0	0	0	0
403	170	145	1081	0	0	0	0
17	12	5	1005	0	0	0	0
13	15	6	1005	0	0	0	0
59	17	24	1012	0	0	0	0
24	6	12	1011	0	0	0	0
275	131	124	1059	0	0	0	0
173	111	61	1039	0	0	0	0
4	1	0	1004	0	0	0	0
447	250	169	1100	0	0	0	0
2	0	4	1004	0	0	0	0
513	220	190	1105	0	0	0	0
206	88	61	1046	0	0	0	0
3	2	7	1005	0	0	0	0
22	19	7	1005	0	0	0	0
378	181	172	1069	0	0	0	0
18	15	8	1013	0	0	0	0
16	10	4	1011	0	0	0	0
239	125	81	1043	0	0	0	0
220	77	83	1042	0	0	0	0
0	0	0	1004	0	0	0	0
575	276	182	1110	0	0	0	0
261	134	94	1041	0	0	0	0
7	6	7	1006	0	0	0	0
10	5	5	1008	0	0	0	0
7	4	2	1008	0	0	0	0
128	79	41	1020	0	0	0	0
425	203	174	1054	0	0	0	0
4	1	1	1004	0	0	0	0
8	4	1	1006	0	0	0	0
2	1	2	1004	0	0	0	0
7	1	1	1005	0	0	0	0
3	0	1	1004	0	0	0	0
3	0	2	1004	0	0	0	0
37	22	14	1011	0	0	0	0
5	1	0	1005	0	0	0	0
2	1	3	1006	0	0	0	0
27	3	8	1015	0	0	0	0
152	83	45	1039	0	0	0	0
180	74	70	1038	0	0	0	0
3	0	1	1004	0	0	0	0
4	0	1	1005	0	0	0	0
2	3	0	1009	0	0	0	0
1	0	1	1004	0	0	0	0
517	239	186	1075	0	0	0	0
1	0	0	1004	0	0	0	0
3	0	0	1005	0	0	0	0
28	11	11	1004	0	0	0	0
2	0	0	1004	0	0	0	0
4	0	4	1006	0	0	0	0
153	76	68	1039	0	0	0	0
3	5	2	1005	0	0	0	0
451	243	203	1087	0	0	0	0
10	1	4	1008	0	0	0	0
45	28	18	1011	0	0	0	0
9	2	1	1006	0	0	0	0
56	37	26	1015	0	0	0	0
27	7	4	1007	0	0	0	0
389	190	185	1068	0	0	0	0
10	1	5	1006	0	0	0	0
269	129	99	1033	0	0	0	0
15	12	5	1005	0	0	0	0
7	4	4	1005	0	0	0	0
2	1	3	1005	0	0	0	0
45	8	16	1017	0	0	0	0
8	4	2	1005	0	0	0	0
425	205	173	1090	0	0	0	0
261	114	78	1041	0	0	0	0
204	144	112	1046	0	0	0	0
409	169	156	1086	0	0	0	0
87	24	37	1013	0	0	0	0
65	40	26	1007	0	0	0	0
61	16	14	1018	0	0	0	0
196	124	91	1029	0	0	0	0
511	286	209	1116	0	0	0	0
13	19	11	1005	0	0	0	0
156	84	86	1028	0	0	0	0
7	2	2	1008	0	0	0	0
1	2	0	1004	0	0	0	0
96	50	32	1034	0	0	0	0
42	30	22	1016	0	0	0	0
215	101	97	1035	0	0	0	0
5	2	0	1006	0	0	0	0
7	4	2	1007	0	0	0	0
31	19	10	1010	0	0	0	0
3	0	0	1009	0	0	0	0
113	68	51	1036	0	0	0	0
383	177	136	1055	0	0	0	0
315	157	111	1059	0	0	0	0
0	0	0	1004	0	0	0	0
216	136	104	1040	0	0	0	0
14	11	6	1007	0	0	0	0
118	77	42	1036	0	0	0	0
21	17	15	1011	0	0	0	0
88	42	34	1016	0	0	0	0
515	220	181	1105	0	0	0	0
59	27	16	1013	0	0	0	0
68	47	31	1014	0	0	0	0
13	5	1	1009	0	0	0	0
33	15	7	1008	0	0	0	0
1	0	0	1005	0	0	0	0
6	4	3	1006	0	0	0	0
16	4	11	1010	0	0	0	0
38	27	16	1011	0	0	0	0
586	355	206	1106	0	0	0	0
17	4	8	1011	0	0	0	0
358	194	177	1078	0	0	0	0
221	97	102	1045	0	0	0	0
2	0	1	1004	0	0	0	0
10	8	8	1009	0	0	0	0
2	0	0	1005	0	0	0	0
446	223	161	1076	0	0	0	0
300	159	128	1054	0	0	0	0
0	0	0	1004	0	0	0	0
185	88	81	1029	0	0	0	0
27	16	11	1009	0	0	0	0
8	5	4	1007	0	0	0	0
2	0	0	1005	0	0	0	0
363	183	154	1050	0	0	0	0
340	172	132	1078	0	0	0	0
312	139	127	1047	0	0	0	0
413	209	132	1073	0	0	0	0
4	4	3	1008	0	0	0	0
12	3	6	1010	0	0	0	0
6	0	4	1005	0	0	0	0
539	251	222	1107	0	0	0	0
16	4	9	1011	0	0	0	0
14	1	2	1006	0	0	0	0
10	2	1	1007	0	0	0	0
19	17	8	1009	0	0	0	0
138	77	58	1037	0	0	0	0
19	7	7	1008	0	0	0	0
270	139	112	1064	0	0	0	0
101	50	50	1013	0	0	0	0
561	246	226	1095	0	0	0	0
283	152	113	1049	0	0	0	0
4	0	0	1005	0	0	0	0
307	190	115	1084	0	0	0	0
400	204	168	1077	0	0	0	0
112	45	53	1020	0	0	0	0
63	28	33	1015	0	0	0	0
324	172	127	1051	0	0	0	0
18	11	11	1010	0	0	0	0
4	0	5	1005	0	0	0	0
1	1	1	1004	0	0	0	0
6	0	1	1007	0	0	0	0
308	144	140	1044	0	0	0	0
195	109	74	1043	0	0	0	0
3	6	3	1011	0	0	0	0
194	90	70	1028	0	0	0	0
6	3	8	1007	0	0	0	0
471	230	223	1090	0	0	0	0
28	10	8	1007	0	0	0	0
35	11	16	1007	0	0	0	0
12	3	7	1007	0	0	0	0
150	50	65	1035	0	0	0	0
671	372	224	1145	0	0	0	0
617	265	241	1096	0	0	0	0
1	1	0	1005	0	0	0	0
156	84	65	1023	0	0	0	0
133	44	57	1019	0	0	0	0
106	52	25	1022	0	0	0	0
308	160	120	1046	0	0	0	0
50	40	26	1018	0	0	0	0
7	2	3	1006	0	0	0	0
3	0	0	1006	0	0	0	0
8	2	2	1005	0	0	0	0
17	6	3	1005	0	0	0	0
159	77	59	1025	0	0	0	0
20	7	10	1010	0	0	0	0
282	146	141	1037	0	0	0	0
2	2	1	1004	0	0	0	0
657	327	271	1099	0	0	0	0
217	107	132	1041	0	0	0	0
2	1	0	1006	0	0	0	0
474	229	185	1077	0	0	0	0
340	165	124	1053	0	0	0	0
80	31	30	1015	0	0	0	0
145	72	48	1033	0	0	0	0
36	16	9	1007	0	0	0	0
3	4	2	1005	0	0	0	0
305	198	132	1047	0	0	0	0
260	109	111	1044	0	0	0	0
499	234	192	1079	0	0	0	0
250	130	91	1046	0	0	0	0
547	255	212	1102	0	0	0	0
1	0	0	1005	0	0	0	0
151	86	57	1040	0	0	0	0
238	139	106	1052	0	0	0	0
355	187	155	1074	0	0	0	0
94	41	34	1023	0	0	0	0
23	14	17	1011	0	0	0	0
1	1	1	1004	0	0	0	0
156	95	80	1032	0	0	0	0
308	164	128	1057	0	0	0	0
562	266	245	1098	0	0	0	0
372	160	168	1064	0	0	0	0
6	3	3	1004	0	0	0	0
310	134	104	1072	0	0	0	0
537	252	225	1082	0	0	0	0
502	257	194	1088	0	0	0	0
12	5	5	1005	0	0	0	0
83	50	32	1015	0	0	0	0
162	111	80	1036	0	0	0	0
68	18	28	1013	0	0	0	0
90	52	45	1028	0	0	0	0
6	0	0	1005	0	0	0	0
6	4	5	1007	0	0	0	0
9	2	4	1004	0	0	0	0
266	134	140	1060	0	0	0	0
11	4	11	1010	0	0	0	0
20	5	6	1013	0	0	0	0
68	27	31	1014	0	0	0	0
23	6	9	1012	0	0	0	0
65	29	16	1020	0	0	0	0
108	65	40	1025	0	0	0	0
303	147	126	1036	0	0	0	0
407	198	139	1080	0	0	0	0
1	3	3	1004	0	0	0	0
14	11	8	1008	0	0	0	0
1	2	4	1011	0	0	0	0
270	140	106	1042	0	0	0	0
54	30	17	1009	0	0	0	0
522	231	211	1086	0	0	0	0
275	153	104	1052	0	0	0	0
386	206	156	1071	0	0	0	0
82	43	36	1028	0	0	0	0
1	1	1	1005	0	0	0	0
40	42	21	1015	0	0	0	0
8	2	4	1008	0	0	0	0
6	0	2	1004	0	0	0	0
510	276	202	1075	0	0	0	0
227	90	76	1038	0	0	0	0
9	5	6	1009	0	0	0	0
1	0	1	1004	0	0	0	0
19	5	4	1007	0	0	0	0
2	0	0	1005	0	0	0	0
215	81	84	1048	0	0	0	0
308	179	140	1070	0	0	0	0
3	1	2	1008	0	0	0	0
295	127	102	1054	0	0	0	0
3	1	0	1004	0	0	0	0
253	116	108	1047	0	0	0	0
230	121	88	1042	0	0	0	0
14	3	8	1004	0	0	0	0
129	51	54	1043	0	0	0	0
3	2	0	1005	0	0	0	0
3	1	0	1005	0	0	0	0
393	227	176	1072	0	0	0	0
149	48	63	1034	0	0	0	0
312	171	111	1065	0	0	0	0
2	0	1	1005	0	0	0	0
54	14	14	1015	0	0	0	0
14	1	6	1007	0	0	0	0
7	3	1	1004	0	0	0	0
3	0	0	1006	0	0	0	0
3	0	0	1004	0	0	0	0
17	7	9	1009	0	0	0	0
2	0	4	1005	0	0	0	0
1	1	2	1004	0	0	0	0
2	0	0	1004	0	0	0	0
171	65	64	1028	0	0	0	0
153	53	83	1036	0	0	0	0
12	4	2	1007	0	0	0	0
690	314	244	1125	0	0	0	0
1	0	0	1005	0	0	0	0
375	191	149	1063	0	0	0	0
8	5	2	1006	0	0	0	0
3	1	3	1004	0	0	0	0
63	19	31	1021	0	0	0	0
279	159	139	1053	0	0	0	0
471	223	188	1091	0	0	0	0
23	3	3	1011	0	0	0	0
139	78	77	1039	0	0	0	0
1	0	0	1007	0	0	0	0
60	19	22	1007	0	0	0	0
0	0	2	1004	0	0	0	0
329	166	133	1056	0	0	0	0
82	37	34	1028	0	0	0	0
7	1	0	1004	0	0	0	0
107	44	38	1022	0	0	0	0
5	2	2	1005	0	0	0	0
35	8	18	1009	0	0	0	0
178	68	69	1030	0	0	0	0
2	1	1	1005	0	0	0	0
212	115	110	1031	0	0	0	0
0	0	1	1004	0	0	0	0
1	0	1	1004	0	0	0	0
0	0	0	1004	0	0	0	0
426	245	198	1082	0	0	0	0
325	157	160	1061	0	0	0	0
0	0	0	1004	0	0	0	0
8	8	9	1004	0	0	0	0
429	228	167	1075	0	0	0	0
5	3	1	1007	0	0	0	0
3	6	0	1005	0	0	0	0
155	99	70	1039	0	0	0	0
377	212	159	1061	0	0	0	0
48	24	22	1017	0	0	0	0
1	1	1	1007	0	0	0	0
653	290	249	1101	0	0	0	0
8	0	1	1007	0	0	0	0
294	118	100	1042	0	0	0	0
34	10	17	1007	0	0	0	0
54	35	22	1017	0	0	0	0
6	0	0	1005	0	0	0	0
41	17	14	1010	0	0	0	0
273	119	98	1053	0	0	0	0
47	14	15	1011	0	0	0	0
474	199	162	1074	0	0	0	0
4	0	0	1004	0	0	0	0
13	8	4	1008	0	0	0	0
18	7	10	1005	0	0	0	0
368	184	171	1067	0	0	0	0
267	142	113	1040	0	0	0	0
19	3	7	1012	0	0	0	0
488	227	222	1056	0	0	0	0
60	30	23	1019	0	0	0	0
148	86	76	1050	0	0	0	0
436	194	193	1078	0	0	0	0
4	2	2	1006	0	0	0	0
609	245	244	1095	0	0	0	0
458	250	204	1086	0	0	0	0
577	235	237	1123	0	0	0	0
9	3	8	1005	0	0	0	0
183	68	72	1045	0	0	0	0
141	95	50	1028	0	0	0	0
3	0	4	1005	0	0	0	0
2	1	0	1005	0	0	0	0
264	148	138	1052	0	0	0	0
431	214	147	1086	0	0	0	0
10	1	2	1005	0	0	0	0
8	3	4	1007	0	0	0	0
153	75	60	1026	0	0	0	0
131	51	40	1028	0	0	0	0
25	22	8	1017	0	0	0	0
13	3	4	1007	0	0	0	0
649	309	223	1088	0	0	0	0
34	12	18	1005	0	0	0	0
2	4	2	1011	0	0	0	0
12	10	7	1006	0	0	0	0
265	147	117	1037	0	0	0	0
51	23	28	1011	0	0	0	0
311	141	134	1043	0	0	0	0
201	83	65	1055	0	0	0	0
110	79	68	1018	0	0	0	0
434	222	174	1097	0	0	0	0
22	7	6	1007	0	0	0	0
7	3	6	1006	0	0	0	0
31	8	19	1010	0	0	0	0
438	203	182	1092	0	0	0	0
379	196	203	1061	0	0	0	0
5	3	2	1004	0	0	0	0
270	128	132	1047	0	0	0	0
8	0	3	1006	0	0	0	0
2	0	1	1007	0	0	0	0
28	8	11	1011	0	0	0	0
15	2	5	1005	0	0	0	0
1	3	3	1005	0	0	0	0
786	386	342	1150	0	0	0	0
4	1	0	1005	0	0	0	0
18	1	4	1008	0	0	0	0
37	8	12	1008	0	0	0	0
386	200	179	1061	0	0	0	0
9	3	4	1006	0	0	0	0
489	211	194	1073	0	0	0	0
215	98	115	1036	0	0	0	0
288	201	111	1063	0	0	0	0
139	86	65	1023	0	0	0	0
0	0	1	1005	0	0	0	0
380	182	165	1068	0	0	0	0
336	191	142	1072	0	0	0	0
468	268	192	1089	0	0	0	0
4	0	1	1004	0	0	0	0
659	294	277	1123	0	0	0	0
4	0	2	1005	0	0	0	0
1	0	0	1006	0	0	0	0
452	222	177	1059	0	0	0	0
274	132	118	1053	0	0	0	0
0	0	1	1005	0	0	0	0
266	101	98	1035	0	0	0	0
0	0	0	1004	0	0	0	0
1	1	2	1006	0	0	0	0
4	0	1	1004	0	0	0	0
260	134	95	1027	0	0	0	0
7	1	4	1009	0	0	0	0
15	10	12	1010	0	0	0	0
454	204	170	1062	0	0	0	0
386	199	151	1062	0	0	0	0
71	33	26	1015	0	0	0	0
3	0	5	1004	0	0	0	0
156	67	49	1034	0	0	0	0
348	141	122	1085	0	0	0	0
76	36	21	1019	0	0	0	0
104	63	33	1030	0	0	0	0
12	4	3	1005	0	0	0	0
73	46	40	1013	0	0	0	0
424	215	161	1083	0	0	0	0
170	78	84	1016	0	0	0	0
357	191	141	1060	0	0	0	0
120	76	44	1033	0	0	0	0
43	21	16	1011	0	0	0	0
8	8	2	1004	0	0	0	0
4	5	6	1006	0	0	0	0
0	0	1	1005	0	0	0	0
542	247	207	1095	0	0	0	0
0	0	1	1010	0	0	0	0
11	3	10	1005	0	0	0	0
17	10	3	1009	0	0	0	0
340	175	163	1059	0	0	0	0
67	35	40	1027	0	0	0	0
711	346	283	1105	0	0	0	0
1	0	0	1004	0	0	0	0
300	153	122	1059	0	0	0	0
366	223	165	1075	0	0	0	0
2	1	0	1004	0	0	0	0
68	35	42	1017	0	0	0	0
665	314	263	1125	0	0	0	0
188	102	60	1043	0	0	0	0
95	53	41	1027	0	0	0	0
6	2	4	1004	0	0	0	0
3	3	3	1004	0	0	0	0
160	95	65	1041	0	0	0	0
158	78	87	1039	0	0	0	0
3	1	2	1004	0	0	0	0
489	219	207	1078	0	0	0	0
14	4	1	1008	0	0	0	0
244	126	100	1053	0	0	0	0
109	48	55	1021	0	0	0	0
1	0	0	1004	0	0	0	0
217	114	95	1055	0	0	0	0
5	1	2	1009	0	0	0	0
251	94	98	1056	0	0	0	0
3	0	4	1004	0	0	0	0
572	241	249	1088	0	0	0	0
181	101	98	1035	0	0	0	0
6	1	2	1006	0	0	0	0
3	0	1	1004	0	0	0	0
171	71	77	1040	0	0	0	0
18	15	4	1015	0	0	0	0
114	55	47	1029	0	0	0	0
24	3	2	1009	0	0	0	0
81	29	31	1018	0	0	0	0
433	198	173	1048	0	0	0	0
10	2	2	1006	0	0	0	0
314	182	125	1033	0	0	0	0
121	55	66	1027	0	0	0	0
81	26	26	1012	0	0	0	0
11	2	2	1005	0	0	0	0
306	162	117	1060	0	0	0	0
67	30	26	1017	0	0	0	0
477	248	193	1092	0	0	0	0
94	52	51	1020	0	0	0	0
1	0	0	1006	0	0	0	0
16	0	2	1009	0	0	0	0
579	264	227	1095	0	0	0	0
3	2	0	1004	0	0	0	0
0	0	0	1005	0	0	0	0
1	0	0	1005	0	0	0	0
9	3	2	1005	0	0	0	0
4	1	3	1005	0	0	0	0
603	283	258	1124	0	0	0	0
438	238	197	1114	0	0	0	0
353	164	138	1073	0	0	0	0
169	88	64	1052	0	0	0	0
470	226	180	1079	0	0	0	0
554	266	209	1118	0	0	0	0
139	95	58	1030	0	0	0	0
188	85	87	1042	0	0	0	0
57	35	23	1018	0	0	0	0
20	21	10	1006	0	0	0	0
519	219	214	1085	0	0	0	0
28	7	17	1009	0	0	0	0
326	166	128	1047	0	0	0	0
112	55	42	1036	0	0	0	0
4	4	2	1006	0	0	0	0
2	0	1	1004	0	0	0	0
4	0	6	1006	0	0	0	0
38	15	10	1010	0	0	0	0
5	3	1	1007	0	0	0	0
528	201	221	1075	0	0	0	0
42	10	17	1020	0	0	0	0
0	0	2	1004	0	0	0	0
4	3	0	1007	0	0	0	0
9	4	6	1005	0	0	0	0
1	1	0	1004	0	0	0	0
89	50	45	1013	0	0	0	0
12	7	4	1010	0	0	0	0
190	108	70	1037	0	0	0	0
85	43	32	1017	0	0	0	0
287	153	118	1043	0	0	0	0
4	0	4	1007	0	0	0	0
361	186	140	1075	0	0	0	0
2	0	0	1004	0	0	0	0
268	90	102	1054	0	0	0	0
711	336	315	1150	0	0	0	0
582	301	221	1105	0	0	0	0
0	0	1	1004	0	0	0	0
7	3	2	1008	0	0	0	0
218	117	71	1040	0	0	0	0
454	234	179	1066	0	0	0	0
154	64	47	1032	0	0	0	0
4	5	1	1006	0	0	0	0
2	0	1	1004	0	0	0	0
19	4	11	1007	0	0	0	0
337	166	137	1043	0	0	0	0
4	0	0	1006	0	0	0	0
243	85	77	1050	0	0	0	0
296	173	112	1076	0	0	0	0
30	13	12	1013	0	0	0	0
7	2	3	1006	0	0	0	0
99	50	43	1029	0	0	0	0
233	149	99	1049	0	0	0	0
216	77	84	1061	0	0	0	0
220	105	81	1030	0	0	0	0
367	150	114	1049	0	0	0	0
1	0	0	1004	0	0	0	0
369	156	139	1054	0	0	0	0
2	0	0	1004	0	0	0	0
647	317	248	1118	0	0	0	0
231	73	87	1030	0	0	0	0
454	200	154	1067	0	0	0	0
520	234	184	1084	0	0	0	0
5	1	2	1004	0	0	0	0
337	208	147	1055	0	0	0	0
277	136	125	1049	0	0	0	0
69	33	16	1017	0	0	0	0
46	10	17	1013	0	0	0	0
3	0	1	1004	0	0	0	0
389	159	169	1072	0	0	0	0
118	51	36	1031	0	0	0	0
